3.0
3.0
3.0
3.0
3.0
4.3817
4.3817
4.6839
4.6839
4.9861
5.0
5.0
5.2882
5.3817
5.6839
6.0
6.0437
6.0437
6.2882
6.7415
6.7992
6.9503
7.1013
7.1013
7.1371
7.5546
7.5546
7.7992
7.8568
7.9503
8.0437
8.2882
8.4612
8.497
8.6123
8.835
9.1013
9.5188
9.9721
9.9721
10.0
10.7992
10.8787
11.0655
11.1013
11.1808
11.2524
11.7415
11.835
11.8787
11.9145
11.9145
12.0
12.3319
12.4254
12.5188
12.6918
12.7057
12.8429
13.1232
13.1808
13.2166
13.2961
13.4472
13.4472
13.5328
13.6839
13.8429
13.8787
13.994
14.145
14.7634
14.7852
14.9005
14.9582
15.1092
15.2603
15.5625
15.7494
16.4691
16.5328
16.5407
16.6202
16.9005
17.1013
17.3756
17.7276
17.8071
17.8289
17.8429
18.8071
18.8289
18.8866
19.0376
19.1311
19.4114
19.7931
19.7931
20.0953
20.0953
20.1092
20.3398
20.642
20.6997
20.8866
21.2822
21.304
21.6062
22.0595
22.2603
22.4254
22.5049
22.5128
22.815
22.98
23.2682
23.9661
23.9661
24.0237
24.0595
24.0953
24.3756
24.477
24.7931
24.9084
25.2324
25.4333
25.7931
25.9879
26.0237
26.656
26.6997
26.7434
26.8368
26.8508
26.9224
27.3259
27.477
27.5346
27.7792
27.9661
27.98
28.1966
28.3477
28.3477
28.5704
28.8945
29.1608
29.1608
29.2324
29.3259
29.463
29.6062
29.6141
29.7215
29.7434
29.8587
29.8587
29.9163
30.0674
30.2185
30.5346
30.9163
30.9442
31.2761
31.2901
31.5923
31.7792
31.8805
32.1032
32.125
32.1827
33.0456
33.125
33.2403
33.2901
33.3914
33.5207
34.0674
34.0674
34.0892
34.2464
34.463
34.6499
34.7215
35.298
35.3556
35.4272
35.6857
35.7513
36.0892
36.1111
36.2622
36.2622
36.6578
37.0177
37.4412
37.5565
37.9024
38.0753
38.2264
38.2403
38.3775
38.3775
38.4272
38.5286
38.7155
39.6797
40.3198
40.3556
40.4928
40.5644
40.6439
40.795
40.8666
40.9461
41.2185
41.2482
41.298
41.3775
41.4849
41.5504
41.7015
41.7015
41.795
41.8805
42.1548
42.3993
42.9024
43.0753
43.3635
43.6797
43.8168
44.3635
44.4212
44.795
44.9819
45.2701
45.3277
45.3635
45.5862
45.795
45.9103
46.0256
46.0256
46.2343
46.4788
46.5286
46.9321
47.0037
47.1408
47.1766
47.4788
48.2919
48.3417
48.5007
48.5941
48.8745
49.105
49.6518
49.7234
50.1985
50.3277
50.4788
50.5723
50.7452
50.781
50.8884
51.2203
51.5225
51.6736
52.1627
52.278
52.616
52.7313
53.3356
53.5941
53.7671
54.0693
54.2203
54.2422
54.3933
54.9182
55.1845
55.3059
55.9042
56.0614
56.1845
56.2064
56.2561
56.2561
56.278
56.5086
56.602
56.602
56.6597
56.6955
57.0911
57.602
58.1487
58.264
58.8684
58.9261
58.9619
59.2282
59.3217
59.5304
59.9837
60.1348
60.4151
60.5086
60.5881
60.8108
60.8903
61.2282
61.6457
61.7968
61.8466
61.9479
62.1348
62.2501
62.3435
62.3793
62.437
62.5304
62.6457
62.6815
62.8326
63.5662
63.7173
63.761
64.2143
64.5165
64.5165
65.9698
66.2143
66.6815
66.8187
66.8763
67.0274
67.4807
67.4807
67.4946
67.5523
67.6894
68.0851
68.1208
68.2361
68.7471
69.1427
69.4012
69.4807
69.5025
69.6536
69.9558
70.2361
70.7113
70.8405
71.3872
71.4667
71.4807
71.8763
72.0711
72.258
72.596
72.6178
73.4091
73.7689
74.0851
74.1864
74.3375
74.4309
74.4886
74.5244
74.6755
74.7331
74.7908
74.8405
75.0353
75.2798
75.6973
76.0929
76.6973
76.8624
77.1506
77.1646
77.4309
78.0353
78.4528
78.4886
78.755
78.755
78.8982
78.9061
79.0214
79.1864
79.2082
79.5462
80.1148
80.3593
80.7908
80.9637
81.2301
82.4965
82.4965
82.5323
82.6476
82.6615
82.9498
82.9498
83.403
83.6257
83.7052
84.079
84.3096
84.4886
84.4965
84.4965
84.6118
84.9498
85.0074
85.3235
85.3672
85.5541
85.7987
85.8205
86.0432
86.1585
86.4249
87.3672
87.4388
87.6476
87.8563
88.1804
89.0869
89.2738
89.5402
89.7489
89.8126
90.5541
90.6913
90.9498
91.4109
91.7131
92.7271
92.8642
92.9577
93.1227
93.3751
93.7131
93.7847
93.9219
94.3533
94.5839
95.0153
95.0372
95.1306
95.1882
95.2598
95.8284
95.8284
96.9437
97.3035
97.6057
97.9079
99.1167
99.3612
99.5699
99.8721
100.1167
100.2459
100.9298
101.5341
101.6913
101.7787
101.7926
102.0232
102.1167
102.7429
103.0451
103.4904
103.6852
104.3035
104.4049
105.2538
105.4049
106.3691
107.3751
108.4844
108.6355
108.7071
109.3909
109.4844
110.7647
111.5918
112.3333
113.1106
113.2617
114.1464
114.377
114.6573
115.8879
116.039
116.2259
116.4346
116.4923
116.5857
117.9298
119.039
121.6792
122.3272
122.5718
123.8958
124.7587
124.8382
125.0469
125.5578
126.1622
126.3133
126.4067
126.6155
126.6155
128.0827
130.0111
130.5439
131.2775
131.5578
133.4146
133.6592
133.7168
133.7168
136.1701
137.343
137.4365
137.4941
137.681
139.681
144.4444
145.502
146.2575
147.4086
147.6173
148.2933
149.8619
152.2217
152.9414
154.7187
154.8698
155.9274
157.8916
158.6471
160.6113
161.3667
162.7266
163.8777
164.482
170.1362
171.0725
171.1659
175.2454
178.5336
179.1957
190.2612
193.9153
195.6071
197.7224
203.5931
215.436
219.5373
222.257
226.6387
231.6168
236.3802
251.72
254.8135
268.1594
353.4987
406.2937
