3.0
3.0
3.0
3.0
3.0
3.0
3.0
3.0
3.0
3.0
3.0
3.0
3.0
3.0
3.0
3.0
3.0
3.0
3.0
3.0
3.0
3.0
3.0
3.0
3.0
3.0
3.0
3.0
3.0
3.0
3.0
3.0
3.0
3.0
3.0
3.0
3.0
3.0
3.0
3.0
3.0
3.0
3.0
3.0
3.0
3.0
3.0
3.0
3.0
3.0
3.0
3.0
3.0
3.0
3.0
3.0
3.0
3.0
3.0
3.0
3.0
3.0
3.0
3.0
3.0
3.0
3.0
3.0
3.0
3.0
3.0
3.0
3.0
3.0
3.0
3.0
3.0
3.0
3.0
3.0
3.0
3.0
3.0
3.0
3.0
3.0
3.0
3.0
3.0
3.0
3.0
3.0
3.0
3.0
3.0
3.0
3.0
3.0
3.0
3.0
3.0
3.0
3.0
3.0
3.0
3.0
3.0
3.0
3.0
3.0
3.0
3.0
3.0
3.0
3.0
3.0
3.0
3.0
3.0
3.0
3.0
3.0
3.0
3.0
3.0
3.0
3.0
3.0
3.0
3.0
3.0
3.0
3.0
3.0
3.0
3.0
3.0
3.0
3.0
3.0
3.0
3.0
3.0
3.0
3.0
3.0
3.0
3.0
3.0
3.0
3.0
3.0
3.0
3.0
3.0
3.0
3.0
3.0
3.0
3.0
3.0
3.0
3.0
3.0
3.0
3.0
3.0
3.0
3.0
3.0
3.0
3.0
3.0
3.0
3.0
3.0
3.0
3.0
3.0
3.0
3.0
3.0
3.0
3.0
3.0
3.0
3.0
3.0
3.0
3.0
3.0
3.0
3.0
3.0
3.0
3.0
3.0
3.0
3.0
3.0
3.0
3.0
3.0
4.0
4.0
4.0
4.0
4.0
4.0
4.0
4.0
4.0
4.0
4.0
4.0
4.0
4.0
4.0
4.0
4.0
4.0
4.0
4.0
4.0
4.0
4.0
4.0
4.0
4.0
4.0
4.0
4.0
4.0
4.0
4.0
4.0
4.0
4.0
4.0
4.0
4.0
4.0
4.0
4.0
4.0
4.0
4.0
4.0
4.0
4.0
4.0
4.0
4.0
4.0
4.0
4.0
4.0
4.0
4.0
4.0
4.0
4.0
4.0
4.0
4.0
4.0
4.0
4.0
4.0
4.0
4.0
4.0
4.0
4.0
4.0
4.0
4.0
4.0
4.0
4.0
4.0
4.0
4.0
4.0
4.0
4.0
4.0
4.0
4.0
4.0
4.0
4.0
4.0
4.0
4.0
4.0
4.0
4.0
4.0
4.0
4.0
4.0
4.0
4.0
4.0
4.0
4.0
4.0
4.0
4.0
4.0
4.0
4.0
4.0
4.0
4.3817
4.3817
4.3817
4.3817
4.3817
4.3817
4.3817
4.3817
4.3817
4.3817
4.5328
4.5328
4.5328
4.5328
4.5328
4.5328
4.5328
4.5328
4.5328
4.5328
4.5328
4.5328
4.6839
4.6839
4.6839
4.6839
4.6839
4.6839
4.6839
4.6839
4.6839
4.6839
4.6839
4.6839
4.6839
4.6839
4.6839
4.6839
4.6839
4.835
4.835
4.835
4.835
4.835
4.835
4.835
4.835
4.835
4.835
4.835
4.835
4.835
4.835
4.835
4.835
4.9861
4.9861
4.9861
4.9861
4.9861
4.9861
4.9861
4.9861
4.9861
4.9861
4.9861
4.9861
4.9861
4.9861
5.0
5.0
5.0
5.0
5.0
5.0
5.0
5.0
5.0
5.0
5.0
5.0
5.0
5.0
5.0
5.0
5.0
5.0
5.0
5.0
5.0
5.0
5.0
5.0
5.0
5.0
5.0
5.0
5.0
5.0
5.0
5.0
5.0
5.0
5.0
5.0
5.0
5.0
5.0
5.0
5.0
5.0
5.0
5.0
5.0
5.0
5.0
5.0
5.0
5.0
5.0
5.0
5.0
5.0
5.0
5.0
5.0
5.0
5.0
5.0
5.0
5.0
5.0
5.0
5.0
5.0
5.1371
5.1371
5.1371
5.1371
5.1371
5.1371
5.1371
5.2882
5.2882
5.2882
5.2882
5.2882
5.2882
5.2882
5.2882
5.2882
5.2882
5.2882
5.2882
5.3817
5.3817
5.3817
5.3817
5.3817
5.3817
5.4393
5.4393
5.4393
5.5328
5.5328
5.5328
5.5328
5.5328
5.5328
5.5328
5.5328
5.5328
5.5904
5.5904
5.5904
5.5904
5.6839
5.6839
5.6839
5.6839
5.6839
5.6839
5.6839
5.6839
5.6839
5.6839
5.7415
5.7415
5.7415
5.7415
5.7415
5.7415
5.7415
5.835
5.835
5.835
5.835
5.835
5.835
5.835
5.8926
5.8926
5.8926
5.8926
5.8926
5.8926
5.8926
5.9861
5.9861
5.9861
5.9861
5.9861
5.9861
5.9861
5.9861
5.9861
5.9861
5.9861
6.0
6.0
6.0
6.0
6.0
6.0
6.0
6.0
6.0
6.0
6.0
6.0
6.0
6.0
6.0
6.0
6.0
6.0
6.0
6.0
6.0
6.0
6.0
6.0
6.0
6.0
6.0
6.0
6.0
6.0
6.0
6.0
6.0
6.0
6.0
6.0
6.0
6.0
6.0
6.0
6.0437
6.0437
6.0437
6.0437
6.0437
6.0437
6.1371
6.1371
6.1371
6.1371
6.1371
6.1371
6.1371
6.1371
6.1371
6.1371
6.1371
6.1371
6.1948
6.1948
6.1948
6.1948
6.1948
6.1948
6.1948
6.1948
6.2882
6.2882
6.2882
6.2882
6.2882
6.2882
6.2882
6.3459
6.3459
6.3459
6.3459
6.3459
6.3459
6.3459
6.3817
6.3817
6.3817
6.3817
6.3817
6.3817
6.3817
6.3817
6.3817
6.3817
6.3817
6.3817
6.3817
6.3817
6.3817
6.4393
6.4393
6.4393
6.4393
6.4393
6.4393
6.4393
6.4393
6.4393
6.4393
6.497
6.497
6.497
6.497
6.497
6.497
6.497
6.497
6.497
6.497
6.497
6.497
6.5328
6.5328
6.5328
6.5328
6.5328
6.5904
6.5904
6.5904
6.5904
6.5904
6.5904
6.5904
6.5904
6.5904
6.5904
6.6481
6.6481
6.6481
6.6481
6.6481
6.6481
6.6481
6.6481
6.6481
6.6481
6.6481
6.6839
6.6839
6.6839
6.6839
6.6839
6.6839
6.6839
6.6839
6.6839
6.7415
6.7415
6.7415
6.7415
6.7415
6.7415
6.7415
6.7415
6.7992
6.7992
6.7992
6.835
6.835
6.835
6.835
6.835
6.835
6.835
6.8926
6.8926
6.8926
6.8926
6.9503
6.9503
6.9503
6.9503
6.9503
6.9503
6.9503
6.9503
6.9861
6.9861
6.9861
6.9861
6.9861
6.9861
6.9861
6.9861
6.9861
7.0
7.0
7.0
7.0
7.0
7.0
7.0
7.0
7.0
7.0
7.0
7.0
7.0
7.0
7.0
7.0
7.0
7.0
7.0
7.0
7.0
7.0
7.0
7.0437
7.0437
7.0437
7.0437
7.0437
7.0437
7.0437
7.0437
7.0437
7.0437
7.0437
7.1013
7.1013
7.1013
7.1013
7.1013
7.1013
7.1013
7.1013
7.1013
7.1371
7.1371
7.1371
7.1948
7.1948
7.1948
7.1948
7.1948
7.1948
7.1948
7.2524
7.2524
7.2524
7.2524
7.2524
7.2524
7.2524
7.2882
7.2882
7.2882
7.2882
7.3459
7.3459
7.3459
7.3459
7.3459
7.3817
7.3817
7.4035
7.4035
7.4035
7.4035
7.4035
7.4035
7.4035
7.4393
7.4393
7.4393
7.4393
7.4393
7.4393
7.4393
7.4393
7.497
7.497
7.497
7.497
7.497
7.5328
7.5328
7.5328
7.5328
7.5328
7.5328
7.5546
7.5546
7.5546
7.5546
7.5904
7.5904
7.5904
7.5904
7.5904
7.6481
7.6481
7.6481
7.6481
7.6481
7.6481
7.6481
7.6481
7.6839
7.6839
7.6839
7.6839
7.7057
7.7057
7.7057
7.7057
7.7057
7.7057
7.7415
7.7415
7.7415
7.7415
7.7415
7.7992
7.7992
7.7992
7.7992
7.7992
7.7992
7.835
7.835
7.835
7.835
7.8568
7.8568
7.8568
7.8926
7.8926
7.9503
7.9503
7.9503
7.9503
7.9861
7.9861
7.9861
7.9861
8.0
8.0
8.0
8.0
8.0
8.0
8.0
8.0
8.0
8.0
8.0
8.0079
8.0079
8.0079
8.0079
8.0437
8.0437
8.0437
8.0437
8.0437
8.0437
8.1013
8.1013
8.1013
8.1013
8.1371
8.1371
8.1371
8.1371
8.1371
8.159
8.159
8.1948
8.1948
8.1948
8.1948
8.1948
8.1948
8.1948
8.1948
8.1948
8.2524
8.2524
8.2524
8.2882
8.2882
8.2882
8.3101
8.3101
8.3101
8.3101
8.3101
8.3101
8.3101
8.3101
8.3101
8.3101
8.3459
8.3459
8.3459
8.3459
8.3817
8.3817
8.3817
8.4035
8.4035
8.4035
8.4035
8.4393
8.4393
8.4393
8.4393
8.4612
8.4612
8.4612
8.4612
8.497
8.497
8.497
8.497
8.497
8.497
8.5328
8.5328
8.5328
8.5546
8.5546
8.5546
8.5546
8.5546
8.5904
8.5904
8.5904
8.5904
8.6123
8.6123
8.6123
8.6123
8.6123
8.6481
8.6481
8.6481
8.7057
8.7057
8.7057
8.7057
8.7415
8.7992
8.7992
8.7992
8.7992
8.7992
8.835
8.835
8.835
8.8568
8.8568
8.8568
8.8926
8.8926
8.8926
8.9145
8.9145
8.9503
8.9503
8.9503
8.9503
8.9861
8.9861
8.9861
9.0
9.0
9.0
9.0
9.0
9.0
9.0
9.0
9.0
9.0
9.0
9.0
9.0
9.0
9.0
9.0079
9.0079
9.0079
9.0437
9.0655
9.0655
9.0655
9.0655
9.0655
9.0655
9.0655
9.0655
9.1013
9.1013
9.1013
9.1013
9.1371
9.1371
9.1371
9.1371
9.159
9.159
9.159
9.1948
9.1948
9.2166
9.2166
9.2166
9.2166
9.2166
9.2166
9.2524
9.2524
9.2524
9.2524
9.2882
9.3101
9.3101
9.3101
9.3459
9.3459
9.3459
9.3677
9.3817
9.4035
9.4035
9.4035
9.4393
9.4612
9.497
9.5188
9.5188
9.5328
9.5546
9.5546
9.5546
9.5546
9.5546
9.5904
9.5904
9.5904
9.6123
9.6123
9.6123
9.6481
9.6481
9.6481
9.6699
9.6699
9.6699
9.6699
9.6699
9.6699
9.6839
9.6839
9.6839
9.6839
9.7057
9.7057
9.7057
9.7415
9.7415
9.7634
9.7634
9.7992
9.821
9.821
9.821
9.821
9.835
9.8568
9.8568
9.8926
9.8926
9.9145
9.9145
9.9145
9.9145
9.9145
9.9145
9.9503
9.9503
9.9503
9.9503
9.9503
9.9721
9.9721
9.9861
9.9861
9.9861
10.0
10.0
10.0
10.0
10.0079
10.0079
10.0079
10.0437
10.0437
10.0655
10.1013
10.1013
10.1232
10.1232
10.1371
10.1371
10.1371
10.159
10.159
10.159
10.1948
10.1948
10.1948
10.1948
10.1948
10.2166
10.2166
10.2524
10.2524
10.2743
10.2882
10.3101
10.3459
10.3677
10.3677
10.3677
10.3677
10.3817
10.4035
10.4035
10.4254
10.4254
10.4254
10.4254
10.4254
10.4254
10.4393
10.4393
10.4612
10.4612
10.4612
10.497
10.5188
10.5328
10.5546
10.5765
10.5765
10.5765
10.5765
10.5904
10.5904
10.5904
10.6481
10.6481
10.6481
10.6699
10.6699
10.6699
10.7057
10.7276
10.7276
10.7276
10.7276
10.7276
10.7276
10.7415
10.7415
10.7634
10.7634
10.7634
10.7992
10.821
10.821
10.8568
10.8787
10.8787
10.8787
10.8787
10.8787
10.9145
10.9145
10.9145
10.9145
10.9145
10.9503
10.9503
10.9721
10.9721
10.9721
10.9721
11.0
11.0
11.0
11.0079
11.0079
11.0079
11.0297
11.0297
11.0297
11.0297
11.0297
11.0297
11.0437
11.0655
11.0655
11.0655
11.1013
11.1232
11.1232
11.1232
11.1232
11.1232
11.1232
11.1232
11.1232
11.1371
11.1371
11.1371
11.1808
11.1948
11.1948
11.1948
11.2166
11.2166
11.2524
11.2524
11.2743
11.3101
11.3319
11.3319
11.3319
11.3319
11.3319
11.3459
11.3459
11.3677
11.4035
11.4035
11.4035
11.4254
11.4254
11.4254
11.4254
11.4393
11.483
11.483
11.497
11.5188
11.5188
11.5328
11.5546
11.5546
11.5546
11.5765
11.5765
11.5765
11.5765
11.5765
11.5765
11.6341
11.6341
11.6341
11.6341
11.6341
11.6341
11.6481
11.6481
11.6481
11.6699
11.6839
11.7276
11.7276
11.7276
11.7415
11.7415
11.7852
11.7852
11.7852
11.7852
11.7852
11.7852
11.7992
11.821
11.821
11.8568
11.8787
11.8787
11.8787
11.8787
11.8926
11.9145
11.9145
11.9363
11.9363
11.9363
11.9363
11.9363
11.9503
11.9503
11.9503
11.9721
11.9721
11.9721
11.9721
11.9861
12.0
12.0297
12.0297
12.0297
12.0297
12.0655
12.0874
12.0874
12.0874
12.0874
12.0874
12.0874
12.0874
12.1232
12.1232
12.1232
12.1232
12.1232
12.1371
12.159
12.159
12.1808
12.1808
12.1808
12.1808
12.1808
12.1948
12.1948
12.2166
12.2166
12.2166
12.2166
12.2385
12.2385
12.2385
12.2524
12.2743
12.2882
12.3101
12.3101
12.3319
12.3677
12.3677
12.3677
12.3896
12.4254
12.4254
12.4612
12.483
12.483
12.483
12.483
12.497
12.5188
12.5407
12.5765
12.5765
12.5765
12.5904
12.5904
12.5904
12.5904
12.6341
12.6341
12.6341
12.6341
12.6341
12.6341
12.6341
12.6341
12.6699
12.6699
12.6699
12.6839
12.6918
12.7057
12.7276
12.7415
12.7634
12.7852
12.7852
12.7852
12.7852
12.7992
12.7992
12.7992
12.821
12.821
12.821
12.8429
12.8429
12.8429
12.8429
12.8429
12.8787
12.8787
12.8787
12.9363
12.9363
12.9363
12.9363
12.9363
12.9363
12.9363
12.9503
12.9503
12.9721
12.9721
12.9861
12.9861
12.9861
12.994
13.0297
13.0297
13.0297
13.0874
13.0874
13.1371
13.145
13.145
13.159
13.1808
13.1948
13.1948
13.2166
13.2166
13.2385
13.2385
13.2743
13.3319
13.3319
13.3677
13.3677
13.3677
13.3817
13.3896
13.3896
13.3896
13.3896
13.4254
13.4254
13.4254
13.4472
13.4472
13.483
13.483
13.483
13.5188
13.5407
13.5407
13.5407
13.5407
13.5407
13.5407
13.5765
13.5983
13.5983
13.5983
13.5983
13.6481
13.6699
13.6699
13.6699
13.6918
13.6918
13.6918
13.7057
13.7057
13.7494
13.7494
13.7494
13.7494
13.7634
13.7852
13.7992
13.821
13.8429
13.8429
13.8429
13.8787
13.8787
13.8926
13.9005
13.9005
13.9005
13.9145
13.9363
13.9363
13.9363
13.9503
13.994
13.994
13.994
14.0
14.0297
14.0516
14.0516
14.0516
14.0516
14.0655
14.0874
14.1232
14.1232
14.1232
14.1371
14.145
14.1808
14.1808
14.1808
14.1808
14.1948
14.2027
14.2027
14.2166
14.2385
14.2385
14.2524
14.2743
14.2961
14.2961
14.3101
14.3319
14.3319
14.3538
14.3538
14.3538
14.3538
14.3677
14.3896
14.3896
14.4254
14.4393
14.4472
14.4472
14.4472
14.483
14.483
14.483
14.483
14.483
14.5049
14.5049
14.5049
14.5049
14.5049
14.5049
14.5188
14.5188
14.5188
14.5407
14.5546
14.5765
14.5765
14.5904
14.5983
14.5983
14.5983
14.6481
14.656
14.656
14.6918
14.6918
14.6918
14.7057
14.7276
14.7276
14.7276
14.7494
14.7494
14.7494
14.7494
14.7494
14.8071
14.8071
14.8071
14.821
14.821
14.8429
14.9005
14.9005
14.9363
14.9582
14.994
14.994
14.994
15.0874
15.1013
15.1092
15.145
15.1808
15.2027
15.2027
15.2385
15.2603
15.2603
15.2603
15.2603
15.2882
15.2882
15.2961
15.3319
15.3459
15.3459
15.3538
15.3538
15.3538
15.4472
15.5049
15.5049
15.5188
15.5407
15.5407
15.5546
15.5625
15.5625
15.5983
15.5983
15.6341
15.656
15.656
15.656
15.6699
15.6918
15.6918
15.7136
15.7136
15.7136
15.7136
15.7136
15.7276
15.7276
15.7494
15.7494
15.7494
15.8071
15.8071
15.8071
15.8429
15.8429
15.8647
15.8647
15.8647
15.9005
15.9005
15.9005
15.9005
15.9363
15.9363
15.9363
15.9582
15.9582
15.9721
15.9721
15.994
16.0
16.0158
16.0516
16.0874
16.1013
16.1092
16.1232
16.1232
16.159
16.1669
16.1808
16.2027
16.2027
16.2027
16.2166
16.2385
16.2603
16.2603
16.2603
16.2961
16.2961
16.318
16.318
16.318
16.3319
16.3538
16.3538
16.3538
16.3538
16.3538
16.3896
16.4114
16.4114
16.4254
16.4254
16.4612
16.4691
16.4691
16.483
16.5049
16.5049
16.5049
16.5049
16.5407
16.5625
16.5625
16.5625
16.5983
16.5983
16.5983
16.6481
16.656
16.6918
16.6918
16.7136
16.7276
16.7276
16.7276
16.7494
16.7494
16.7852
16.8071
16.8071
16.8787
16.9005
16.9005
16.9005
16.9224
16.9224
16.9224
16.9224
16.9363
16.9363
16.9582
16.9582
16.9582
16.9582
16.9721
16.994
17.0158
17.0158
17.0297
17.0516
17.0516
17.0734
17.0874
17.1092
17.1092
17.1092
17.1092
17.1232
17.145
17.145
17.1669
17.1669
17.1669
17.1808
17.2027
17.2027
17.2027
17.2245
17.2245
17.2245
17.2245
17.2245
17.2961
17.318
17.3538
17.3677
17.3677
17.3756
17.3756
17.3756
17.3756
17.3896
17.4114
17.4114
17.4254
17.4472
17.4472
17.4472
17.4691
17.5049
17.5188
17.5188
17.5267
17.5407
17.5546
17.5625
17.5625
17.6202
17.6341
17.6778
17.6778
17.7136
17.7713
17.7713
17.8289
17.8429
17.8429
17.8647
17.8787
17.8787
17.9005
17.9224
17.9224
17.9582
17.9721
17.98
17.98
17.98
17.98
17.98
17.994
18.0158
18.0158
18.0516
18.0516
18.0734
18.0874
18.0874
18.1092
18.1311
18.1311
18.145
18.145
18.1669
18.1669
18.2027
18.2245
18.2245
18.2385
18.2603
18.2822
18.318
18.3756
18.3756
18.3756
18.3756
18.3896
18.3896
18.4114
18.4114
18.4254
18.4254
18.4333
18.4333
18.4472
18.4691
18.4691
18.4691
18.5267
18.5407
18.5407
18.5625
18.5844
18.5844
18.5844
18.5983
18.6202
18.6202
18.6202
18.656
18.656
18.6778
18.6778
18.6778
18.6918
18.6918
18.7136
18.7276
18.7355
18.7494
18.7494
18.7713
18.7852
18.8071
18.8289
18.8289
18.8289
18.8289
18.8647
18.8866
18.8866
18.9224
18.9582
18.9721
18.98
18.98
18.98
19.0158
19.0376
19.0734
19.0734
19.0734
19.0734
19.1311
19.1311
19.1669
19.1669
19.1669
19.1669
19.1669
19.1887
19.1887
19.2822
19.2822
19.2822
19.2822
19.3319
19.3398
19.3398
19.4333
19.4333
19.483
19.483
19.4909
19.4909
19.5267
19.5625
19.5844
19.7136
19.7355
19.7494
19.7931
19.8071
19.8289
19.8647
19.8647
19.8647
19.8866
19.8866
19.9005
19.9005
20.0158
20.0376
20.0734
20.0953
20.1092
20.1311
20.1311
20.1669
20.1669
20.1887
20.2245
20.2245
20.2245
20.2464
20.2603
20.2822
20.2961
20.3101
20.3398
20.3756
20.3975
20.3975
20.4333
20.4333
20.4333
20.4472
20.4691
20.483
20.4909
20.4909
20.4909
20.5049
20.5049
20.5267
20.5407
20.5486
20.5486
20.5844
20.5844
20.656
20.6778
20.6778
20.6918
20.6997
20.6997
20.6997
20.7136
20.7355
20.7355
20.7931
20.7931
20.7931
20.7931
20.8071
20.8071
20.8508
20.8508
20.8787
20.8866
20.8866
20.9005
20.9224
20.9224
20.9224
20.9442
20.9442
20.9442
20.9442
20.9582
20.98
21.0158
21.0376
21.0376
21.0376
21.0376
21.0734
21.0734
21.0734
21.0734
21.0953
21.1013
21.1092
21.1311
21.1311
21.2027
21.2027
21.2245
21.2245
21.2464
21.2464
21.2822
21.318
21.318
21.3319
21.3398
21.3398
21.3538
21.3756
21.3896
21.3975
21.4114
21.4333
21.4472
21.4551
21.4551
21.4551
21.4551
21.4551
21.4551
21.4691
21.4909
21.4909
21.4909
21.5049
21.5049
21.5049
21.5267
21.5486
21.5625
21.6062
21.6062
21.642
21.6778
21.6778
21.6997
21.6997
21.7136
21.7355
21.7573
21.7573
21.7931
21.7931
21.8508
21.8508
21.8647
21.8647
21.8866
21.9224
22.0019
22.0019
22.0297
22.0376
22.0595
22.0734
22.0953
22.0953
22.0953
22.1311
22.2464
22.2464
22.304
22.304
22.304
22.304
22.3617
22.3756
22.3975
22.4254
22.4333
22.4551
22.4551
22.483
22.4909
22.4909
22.4909
22.5128
22.5267
22.5486
22.5486
22.5625
22.5844
22.5844
22.6062
22.6062
22.6062
22.6062
22.6202
22.6202
22.6778
22.7355
22.7355
22.7355
22.7355
22.7573
22.8071
22.815
22.815
22.815
22.8289
22.8289
22.8508
22.8866
22.9442
22.9661
22.9661
23.0019
23.0376
23.0376
23.0595
23.0595
23.0595
23.1092
23.1092
23.1171
23.1171
23.1171
23.1171
23.1311
23.1529
23.1529
23.1529
23.1669
23.1887
23.2464
23.2682
23.2822
23.2822
23.3398
23.3398
23.3975
23.4193
23.4193
23.4193
23.4551
23.5049
23.5128
23.5704
23.5704
23.6062
23.6062
23.6062
23.6062
23.6997
23.7215
23.7276
23.7355
23.7573
23.7931
23.7931
23.7931
23.8508
23.8508
23.8866
23.9084
23.9084
23.9661
23.98
24.0019
24.0019
24.0019
24.0237
24.0237
24.0595
24.0595
24.0595
24.0595
24.0953
24.1171
24.1171
24.1171
24.1171
24.1669
24.1748
24.1748
24.1748
24.2106
24.2106
24.2106
24.2106
24.2682
24.2822
24.304
24.3259
24.3259
24.3259
24.3259
24.3259
24.3398
24.3756
24.3975
24.4193
24.4193
24.4193
24.4193
24.4551
24.4551
24.477
24.477
24.5128
24.5267
24.5267
24.5704
24.5704
24.6062
24.6062
24.6062
24.6062
24.6281
24.642
24.6639
24.6997
24.7215
24.7215
24.7215
24.7355
24.7792
24.7792
24.8071
24.815
24.815
24.815
24.8289
24.8726
24.8866
24.9084
24.9084
24.9084
24.9084
24.9442
25.0237
25.0237
25.0237
25.0376
25.0813
25.0813
25.1171
25.1748
25.1748
25.1887
25.1887
25.2106
25.2106
25.2324
25.2822
25.304
25.304
25.3259
25.3259
25.3756
25.3835
25.3835
25.4193
25.4193
25.4551
25.477
25.5267
25.5346
25.5486
25.5625
25.5704
25.6281
25.6281
25.6281
25.6639
25.6778
25.6997
25.7136
25.7355
25.7573
25.7573
25.7792
25.7852
25.815
25.815
25.8368
25.8726
25.9224
25.9303
25.9661
25.9879
26.0595
26.0595
26.0734
26.0734
26.0953
26.1171
26.1171
26.139
26.2106
26.2324
26.2464
26.2901
26.318
26.3259
26.3259
26.3617
26.3835
26.3835
26.3835
26.4412
26.4412
26.4412
26.4909
26.5128
26.5844
26.5923
26.5923
26.6062
26.6062
26.6281
26.6281
26.642
26.6639
26.6857
26.6997
26.7434
26.815
26.8368
26.8368
26.8368
26.8726
26.8726
26.8945
26.9084
26.9084
26.9084
26.9661
27.0019
27.0455
27.139
27.1748
27.1966
27.2324
27.2324
27.2682
27.2822
27.2822
27.2901
27.304
27.3835
27.3835
27.4333
27.4333
27.4412
27.477
27.4988
27.4988
27.4988
27.5704
27.5704
27.5923
27.5923
27.6281
27.6499
27.656
27.6639
27.7215
27.7355
27.7434
27.7434
27.801
27.801
27.8289
27.8368
27.8368
27.8368
27.8508
27.8726
27.8945
27.9224
27.9303
27.9521
27.9661
27.9661
27.9661
28.0158
28.0455
28.0455
28.0595
28.0595
28.0813
28.0813
28.0953
28.0953
28.1032
28.139
28.1748
28.1966
28.2027
28.2324
28.2682
28.2682
28.304
28.3259
28.3259
28.3259
28.3477
28.3477
28.3477
28.4054
28.4054
28.4054
28.4412
28.4412
28.4412
28.4412
28.477
28.477
28.4988
28.5128
28.5346
28.5346
28.5704
28.5704
28.6062
28.6281
28.642
28.6499
28.7076
28.7215
28.7434
28.7573
28.7792
28.801
28.815
28.8587
28.8587
28.8587
28.8587
28.8945
28.8945
28.8945
28.9084
28.9303
28.9303
29.0098
29.1032
29.1032
29.1311
29.1529
29.1608
29.1748
29.1966
29.1966
29.2543
29.2543
29.2682
29.2682
29.2901
29.2901
29.3259
29.3835
29.3835
29.3835
29.4412
29.463
29.463
29.477
29.4909
29.5346
29.5565
29.5565
29.5923
29.5923
29.6281
29.6499
29.6857
29.7434
29.7434
29.7792
29.801
29.801
29.815
29.8587
29.8587
29.8726
29.8945
29.9084
29.9163
29.9163
30.0098
30.0098
30.0595
30.0674
30.0674
30.0813
30.0813
30.1032
30.1529
30.1608
30.2106
30.2106
30.2185
30.2324
30.2324
30.2324
30.2324
30.2464
30.2543
30.2901
30.2901
30.3119
30.3477
30.3477
30.3696
30.3835
30.3835
30.4412
30.4412
30.463
30.463
30.463
30.5128
30.5704
30.5844
30.6281
30.6857
30.7076
30.7215
30.7434
30.7434
30.801
30.8229
30.8368
30.8587
30.8726
30.8726
30.8945
30.8945
30.9084
30.9163
30.9163
30.9163
30.9163
30.9521
30.9661
31.0019
31.0098
31.0098
31.0098
31.0674
31.0813
31.125
31.1608
31.1608
31.1748
31.1966
31.2324
31.3119
31.3119
31.3119
31.3696
31.4054
31.4193
31.4193
31.4193
31.4272
31.4412
31.5207
31.5346
31.6141
31.6281
31.6718
31.6718
31.6857
31.6857
31.7215
31.7294
31.7573
31.801
31.815
31.8229
31.8587
31.8805
31.8945
31.8945
31.9084
31.9163
31.9521
31.974
32.0098
32.0098
32.0316
32.0316
32.125
32.1827
32.2185
32.2324
32.2761
32.3338
32.3338
32.4054
32.4412
32.463
32.463
32.463
32.477
32.477
32.4849
32.4988
32.4988
32.4988
32.5783
32.6141
32.6141
32.6281
32.636
32.636
32.6639
32.6718
32.7076
32.7215
32.7294
32.7294
32.7294
32.7294
32.7294
32.7652
32.7792
32.7871
32.7871
32.7871
32.801
32.8229
32.8805
32.8805
32.9163
32.9163
32.9382
32.9382
33.0316
33.0377
33.0456
33.0674
33.0674
33.1827
33.2185
33.2403
33.2543
33.2761
33.3119
33.3259
33.3338
33.4272
33.4272
33.4272
33.4849
33.5346
33.5425
33.5565
33.5923
33.6141
33.6141
33.636
33.636
33.636
33.6718
33.6718
33.6718
33.6857
33.6936
33.7294
33.7652
33.7652
33.7871
33.801
33.8447
33.8447
33.8587
33.8726
33.8805
33.8805
33.8945
33.9163
33.9163
33.9382
33.9382
33.9521
34.0098
34.0316
34.0674
34.0674
34.0892
34.0892
34.1171
34.1469
34.1469
34.1469
34.1608
34.1827
34.2185
34.2324
34.2403
34.2761
34.2761
34.2761
34.298
34.3119
34.3119
34.3119
34.3338
34.3338
34.3338
34.3696
34.3914
34.4054
34.4272
34.4491
34.5783
34.5783
34.5923
34.6002
34.6002
34.636
34.7076
34.7294
34.7652
34.801
34.801
34.801
34.801
34.8229
34.8368
34.8447
34.8805
34.9024
34.9163
34.9382
34.974
34.9958
34.9958
35.0316
35.0316
35.0535
35.0674
35.0813
35.1171
35.1469
35.1827
35.2403
35.2403
35.2403
35.2761
35.3338
35.3914
35.3914
35.4272
35.4491
35.463
35.5565
35.5783
35.6002
35.6002
35.6002
35.6141
35.636
35.636
35.6578
35.6718
35.6857
35.6936
35.7294
35.8089
35.9024
35.9521
36.0098
36.0535
36.0535
36.0535
36.0892
36.0892
36.1111
36.1608
36.1827
36.1827
36.2045
36.2045
36.2622
36.2622
36.3119
36.3556
36.3835
36.3914
36.4133
36.4272
36.4849
36.5207
36.5425
36.5425
36.5425
36.5644
36.5704
36.6002
36.6002
36.6002
36.6002
36.6002
36.636
36.6936
36.6936
36.7294
36.7871
36.8089
36.8447
36.8447
36.8666
36.8805
36.9024
36.9024
36.974
36.9958
36.9958
36.9958
37.0316
37.0674
37.1111
37.1111
37.125
37.1827
37.2045
37.2045
37.2185
37.298
37.3198
37.3914
37.3914
37.4133
37.4133
37.4272
37.463
37.463
37.4709
37.5067
37.5207
37.5644
37.5644
37.5783
37.5783
37.5783
37.636
37.7155
37.7294
37.7513
37.7513
37.7513
37.7652
37.8089
37.8089
37.8805
37.9242
37.9382
37.96
38.0177
38.0316
38.0674
38.0892
38.0892
38.1687
38.1827
38.2185
38.2403
38.2622
38.3696
38.4133
38.5286
38.5286
38.5644
38.622
38.622
38.7155
38.8089
38.9819
38.9819
38.9958
39.0177
39.0177
39.0892
39.1111
39.125
39.1329
39.1687
39.1687
39.2045
39.3198
39.3198
39.3775
39.3775
39.3775
39.4133
39.4133
39.4351
39.4351
39.4988
39.5286
39.5286
39.5286
39.5346
39.5425
39.622
39.6578
39.6797
39.7155
39.7373
39.7871
39.8089
39.8229
39.8308
39.8666
39.8666
39.8884
39.8884
39.9819
40.0753
40.0892
40.1329
40.1687
40.1906
40.2622
40.2682
40.3775
40.4491
40.4928
40.5425
40.5862
40.636
40.6439
40.6439
40.6578
40.7155
40.7155
40.7652
40.7731
40.8089
40.8089
40.8229
40.8666
40.8666
40.8666
40.8666
40.9461
40.9819
41.0316
41.0395
41.0395
41.0535
41.0753
41.0753
41.1111
41.125
41.1329
41.1329
41.1687
41.1906
41.2264
41.298
41.3198
41.3417
41.3417
41.3417
41.3556
41.3775
41.3914
41.3993
41.3993
41.4928
41.4928
41.4928
41.5286
41.5504
41.5644
41.5644
41.5862
41.6578
41.7155
41.7373
41.7373
41.7373
41.7513
41.7731
41.8884
41.9461
41.96
41.9958
42.0037
42.0395
42.1329
42.1329
42.1469
42.1548
42.284
42.284
42.3198
42.3198
42.3775
42.3993
42.3993
42.457
42.457
42.4928
42.4928
42.5286
42.5862
42.5862
42.6002
42.6081
42.6081
42.6081
42.6081
42.6081
42.6081
42.622
42.6439
42.6578
42.7015
42.7592
42.7592
42.795
42.8666
42.8666
42.8884
42.9461
42.9461
42.9461
42.96
43.0037
43.0037
43.0395
43.0614
43.0614
43.0971
43.0971
43.0971
43.1548
43.2264
43.2482
43.2482
43.3338
43.3993
43.457
43.457
43.5146
43.5644
43.6081
43.7015
43.7015
43.7015
43.7015
43.7373
43.7373
43.7592
43.795
43.795
43.8526
43.8884
43.9103
43.9103
43.9103
43.9819
44.0177
44.0971
44.0971
44.1111
44.119
44.119
44.1906
44.2045
44.3059
44.3417
44.3417
44.3635
44.3635
44.3635
44.3775
44.4351
44.5504
44.5723
44.5862
44.6081
44.6081
44.6439
44.6439
44.7015
44.7015
44.8308
44.8526
44.8666
44.8745
44.9103
44.9103
44.9461
44.9679
44.9679
44.9679
44.974
45.0256
45.0256
45.0256
45.0614
45.0614
45.0753
45.119
45.1329
45.1548
45.1548
45.1766
45.2124
45.3059
45.3277
45.3914
45.457
45.4788
45.5504
45.5723
45.5723
45.6002
45.7234
45.7234
45.7592
45.8526
45.8745
45.8745
45.9103
45.9321
45.9321
45.9461
45.9461
46.0037
46.0037
46.0177
46.0256
46.0256
46.0395
46.0832
46.119
46.119
46.119
46.119
46.1469
46.1548
46.1687
46.1766
46.2124
46.2343
46.2343
46.2343
46.2701
46.2701
46.3059
46.3059
46.3277
46.3854
46.4212
46.457
46.4788
46.4788
46.5365
46.5723
46.6299
46.6299
46.6876
46.7015
46.8168
46.8168
46.8308
46.8666
46.9103
46.9103
46.9679
46.9898
47.0037
47.0256
47.0256
47.0395
47.0971
47.1766
47.1766
47.1766
47.2124
47.2343
47.2482
47.3059
47.3059
47.3277
47.4212
47.443
47.443
47.443
47.4709
47.5365
47.5365
47.6081
47.6081
47.6439
47.6657
47.6876
47.6876
47.6876
47.7452
47.781
47.781
47.8168
47.8745
47.8745
47.8745
47.8884
47.9103
47.9321
47.9321
47.9898
48.0256
48.0614
48.0832
48.1548
48.1548
48.1766
48.1766
48.1985
48.1985
48.2701
48.2919
48.2919
48.3277
48.3496
48.3496
48.4212
48.443
48.4788
48.4788
48.4788
48.5007
48.5365
48.5365
48.5941
48.5941
48.6081
48.6518
48.6518
48.6876
48.7234
48.7452
48.7452
48.781
48.781
48.8168
48.8963
48.9679
49.0256
49.0474
49.0474
49.0474
49.0832
49.1111
49.1469
49.1766
49.1906
49.1985
49.2343
49.3993
49.4072
49.4072
49.457
49.457
49.4788
49.5007
49.5146
49.5583
49.5583
49.5583
49.5583
49.5583
49.5941
49.6081
49.6081
49.6299
49.6797
49.6876
49.7234
49.8605
49.8963
49.9321
49.9321
49.9461
49.954
49.9679
50.0116
50.1408
50.1627
50.1627
50.1985
50.1985
50.2124
50.2343
50.2561
50.2561
50.2701
50.2919
50.2919
50.3138
50.3138
50.443
50.5007
50.5365
50.5365
50.5365
50.5583
50.616
50.6299
50.7094
50.7094
50.7592
50.781
50.8029
50.8029
50.8168
50.954
50.9898
51.0693
51.0693
51.105
51.1985
51.1985
51.2203
51.2203
51.2343
51.2343
51.2919
51.3496
51.3496
51.3635
51.3714
51.4649
51.4788
51.4788
51.5146
51.5225
51.5225
51.5583
51.5941
51.616
51.616
51.6657
51.6876
51.6876
51.8029
51.8247
51.8247
51.8447
51.8605
51.9321
51.9321
51.9679
51.9758
51.9819
52.1627
52.1766
52.2203
52.2203
52.3277
52.3854
52.4072
52.443
52.4788
52.5583
52.5941
52.6736
52.6876
52.6876
52.7094
52.7234
52.7313
52.7313
52.7671
52.8029
52.8247
52.8247
52.8745
52.8824
52.9758
52.9758
53.1845
53.1985
53.1985
53.2561
53.3138
53.3356
53.3356
53.3356
53.3854
53.4291
53.4291
53.457
53.4867
53.5007
53.5504
53.5802
53.6736
53.7452
53.795
53.8247
53.8745
53.8963
53.94
53.94
54.0693
54.0911
54.1269
54.2203
54.2561
54.2561
54.3277
54.3356
54.443
54.4867
54.5007
54.5225
54.5802
54.5802
54.6378
54.7094
54.7313
54.954
54.9758
54.9977
55.0335
55.0474
55.0693
55.0911
55.0911
55.2422
55.2998
55.3356
55.3496
55.3635
55.4649
55.4867
55.5225
55.5583
55.6378
55.6955
55.7313
55.7313
55.8247
55.9042
55.9977
56.0911
56.1269
56.1487
56.1845
56.2064
56.2064
56.2064
56.2124
56.2203
56.2203
56.2998
56.4509
56.4649
56.5086
56.5086
56.5444
56.5444
56.6378
56.6955
56.6955
56.7313
56.7313
56.7452
56.7531
56.8108
56.8466
56.8824
56.8824
56.9042
56.9042
56.9977
57.0693
57.0911
57.1129
57.2064
57.3138
57.4291
57.4509
57.5086
57.5086
57.5941
57.6378
57.6597
57.6597
57.6955
57.7094
57.7173
57.7531
57.8108
57.8108
57.8108
57.8466
57.94
57.94
58.0195
58.0693
58.1487
58.1487
58.1706
58.2064
58.2203
58.3217
58.3575
58.3575
58.4151
58.4151
58.4728
58.5662
58.6239
58.6597
58.6597
58.6597
58.6955
58.7531
58.8108
58.8108
58.8466
58.8684
58.9619
58.9619
59.0116
59.0195
59.0553
59.1129
59.1487
59.1706
59.2064
59.2282
59.2422
59.2422
59.264
59.264
59.2998
59.4291
59.4728
59.5662
59.6378
59.6736
59.6736
59.6815
59.7531
59.775
59.8108
59.8326
59.954
59.9837
59.9837
60.0195
60.1129
60.1627
60.2282
60.2859
60.2998
60.2998
60.437
60.437
60.4867
60.5007
60.5086
60.5304
60.6239
60.6597
60.7173
60.7173
60.7173
60.7392
60.7392
60.775
60.8326
60.8903
60.9619
60.9619
60.9619
60.9898
61.0414
61.0772
61.1924
61.2282
61.2282
61.2422
61.264
61.264
61.2859
61.3217
61.3217
61.3217
61.3793
61.3793
61.4946
61.5304
61.5881
61.616
61.6457
61.6815
61.7173
61.7173
61.7313
61.8326
61.8326
61.8326
61.8466
61.8684
61.8684
61.8903
61.9479
61.9837
62.0772
62.2064
62.2859
62.2998
62.3435
62.3435
62.437
62.5523
62.6457
62.7968
62.8326
62.8545
62.8684
62.8903
62.9261
62.9261
63.1566
63.1566
63.1924
63.1924
63.1924
63.2282
63.264
63.3077
63.3435
63.4012
63.437
63.437
63.4588
63.5086
63.5523
63.6099
63.6239
63.7034
63.7034
63.7034
63.7531
63.8326
63.8326
63.8545
63.8545
63.8605
63.8903
64.0414
64.0632
64.099
64.1924
64.1924
64.1924
64.2143
64.2501
64.264
64.2859
64.3077
64.3654
64.3933
64.4012
64.4588
64.5583
64.6815
64.7034
64.7034
64.7034
64.761
64.8187
64.8545
64.8903
64.8903
64.9479
65.0056
65.0195
65.0553
65.099
65.1208
65.1566
65.1924
65.1924
65.2719
65.3077
65.3435
65.4012
65.423
65.423
65.4588
65.5304
65.5444
65.5741
65.6099
65.6239
65.6676
65.7392
65.761
65.761
65.775
65.8187
65.8684
65.9121
65.9261
65.9619
65.9698
65.9698
66.0274
66.0414
66.1566
66.2143
66.2501
66.264
66.2719
66.3077
66.3217
66.3296
66.3654
66.3793
66.423
66.437
66.5523
66.5523
66.5523
66.602
66.6239
66.6318
66.7392
66.8187
66.8187
66.8545
66.8545
66.8763
66.9479
67.0414
67.0632
67.0632
67.0632
67.1208
67.1208
67.1348
67.1785
67.1785
67.2282
67.2501
67.2859
67.3296
67.3296
67.3654
67.3793
67.423
67.423
67.6318
67.6318
67.6676
67.6894
67.7034
67.7968
67.8247
67.8405
67.9916
68.0056
68.0056
68.0632
68.099
68.1566
68.1785
68.1924
68.2064
68.2719
68.2859
68.3435
68.3872
68.4807
68.5165
68.5304
68.5383
68.5741
68.5881
68.596
68.596
68.6318
68.6676
68.6894
68.7252
68.7829
68.8405
68.8405
68.9479
68.9479
68.9479
68.9698
68.9916
69.0632
69.1348
69.1427
69.1785
69.1924
69.2003
69.2003
69.2859
69.3514
69.4449
69.4588
69.4807
69.6099
69.6536
69.6536
69.6536
69.6536
69.6597
69.7829
69.8405
69.8982
69.9698
69.9916
70.0274
70.1069
70.1427
70.3077
70.4449
70.4449
70.5025
70.6894
70.7113
70.7252
70.7471
70.775
70.8047
70.8624
70.8763
70.934
70.9916
71.0135
71.0135
71.0493
71.1069
71.1208
71.1427
71.1646
71.1646
71.2361
71.258
71.258
71.2719
71.3077
71.3514
71.3872
71.4091
71.4667
71.5602
71.596
71.6099
71.6099
71.6457
71.6894
71.7252
71.7829
71.8047
71.9558
72.0135
72.0274
72.0493
72.1427
72.1646
72.2003
72.2143
72.258
72.2719
72.2938
72.3654
72.4807
72.5025
72.6676
72.6755
72.7113
72.8266
72.8266
72.92
72.92
73.0274
73.0851
73.1069
73.1288
73.1924
73.258
73.3514
73.4091
73.4309
73.4449
73.5025
73.5165
73.6536
73.6536
73.6894
73.7471
73.8405
73.8405
73.9777
74.0135
74.0353
74.0353
74.0851
74.1288
74.2003
74.2003
74.2222
74.2222
74.3375
74.3375
74.3375
74.4091
74.4309
74.4667
74.4886
74.4886
74.4886
74.5025
74.582
74.582
74.6178
74.6397
74.6676
74.7331
74.7331
74.7908
74.8266
74.8842
74.9419
75.0135
75.1288
75.1288
75.2938
75.3375
75.4309
75.4667
75.4667
75.5025
75.5244
75.5462
75.6178
75.6973
75.7908
75.8903
75.8982
75.9995
76.1288
76.1646
76.1864
76.1864
76.2798
76.3017
76.3296
76.3514
76.4667
76.4886
76.4886
76.5462
76.5602
76.6039
76.6973
76.7331
76.7471
76.7908
76.8266
76.9061
76.9061
77.0572
77.2082
77.244
77.3017
77.3514
77.3733
77.4528
77.6178
77.6615
77.6615
77.7689
77.8126
77.8126
77.8126
77.8484
77.9061
77.9061
78.0353
78.0572
78.1506
78.3951
78.3951
78.4886
78.6178
78.6615
78.6973
78.8047
78.8126
78.8624
79.0929
79.1864
79.1864
79.2082
79.2082
79.3017
79.4309
79.5681
79.6257
79.6615
79.7331
79.755
80.0572
80.079
80.079
80.1288
80.3812
80.3812
80.417
80.5104
80.5323
80.5681
80.6039
80.6257
80.6397
80.6615
80.7768
80.7768
80.8345
80.8703
80.9279
80.9856
80.9856
81.079
81.079
81.1367
81.2082
81.244
81.2877
81.3017
81.3733
81.3812
81.3812
81.3812
81.3812
81.4388
81.5323
81.5462
81.5681
81.8126
82.0572
82.1367
82.2301
82.3235
82.3454
82.5104
82.5104
82.6039
82.6476
82.7768
82.7987
82.8345
83.2659
83.2659
83.4388
83.5323
83.5899
83.6397
83.6476
83.7052
83.7987
83.8563
83.8921
83.9856
84.0074
84.1009
84.2301
84.2519
84.3812
84.3812
84.5899
84.6118
84.6476
84.741
84.7629
84.8345
84.914
85.0651
85.1367
85.1724
85.2161
85.2161
85.5462
85.5541
85.5899
85.8205
85.9856
86.0432
86.0651
86.1227
86.1585
86.244
86.2738
86.2738
86.5183
86.576
86.7052
87.0293
87.1148
87.1804
87.1804
87.2738
87.3096
87.3314
87.3672
87.4825
87.4825
87.4825
87.4825
87.5323
87.5541
87.6336
87.8782
87.9358
87.9358
87.9716
87.9716
88.0293
88.0651
88.1804
88.2738
88.2738
88.3454
88.3891
88.403
88.4886
88.5183
88.6336
88.6476
88.6615
88.6913
88.7629
88.7987
88.8563
89.0074
89.0651
89.1227
89.3314
89.5183
89.576
89.6397
89.6694
89.7489
89.9637
90.0293
90.0511
90.0511
90.0869
90.1446
90.2022
90.2956
90.3533
90.4467
90.4746
90.4825
90.576
90.5899
90.8424
90.914
90.9935
91.0293
91.0511
91.0651
91.0869
91.2022
91.2022
91.2738
91.8642
91.9995
92.0153
92.0432
92.0511
92.3175
92.3314
92.3891
92.4686
92.5104
92.7489
92.7708
92.9219
92.9716
93.0153
93.1088
93.1088
93.4686
93.4686
93.4825
93.5044
93.562
93.6773
93.7489
93.9577
94.224
94.224
94.2877
94.3175
94.3175
94.3751
94.4328
94.735
94.8861
94.9358
95.3393
95.3393
95.4109
95.4109
95.5044
95.5541
95.6415
95.9577
96.0948
96.2956
96.3533
96.5839
96.8503
96.8503
97.0014
97.0372
97.0511
97.0948
97.1525
97.3035
97.397
97.6555
97.6992
97.8861
97.9437
98.1306
98.224
98.2459
98.5978
98.6057
99.2956
99.3314
99.4328
99.4546
99.5699
99.5839
99.7708
99.9219
100.0232
100.0948
100.1167
100.1882
100.2459
100.2459
100.5481
100.5699
100.6057
100.6773
100.6773
100.8145
100.9298
101.1882
101.2459
101.2677
101.4546
101.5123
101.5839
101.8066
101.8642
102.1385
102.1882
102.383
102.4407
102.4407
102.5918
102.5918
102.6057
102.6057
102.721
102.9298
102.9437
102.9795
103.1525
103.894
104.0451
104.1027
104.1962
104.2319
104.2538
104.2677
104.5918
104.6494
104.7071
104.9298
105.0809
105.1027
105.4625
105.4983
105.5699
105.6852
105.7926
105.9158
105.9874
106.0093
106.2538
106.3472
106.4625
106.5918
106.7071
106.7071
106.9298
107.1604
107.4407
107.721
107.7289
107.7289
107.8582
107.8582
107.894
108.0669
108.0948
108.2538
108.3691
109.0093
109.1385
109.1822
109.2757
109.3333
109.542
109.5778
109.8224
109.9953
109.9953
110.3691
110.3909
110.3909
110.7071
110.8442
110.9953
111.6355
111.6573
111.6713
111.8442
111.9595
112.1464
112.2617
112.3909
112.6931
112.7647
112.8661
112.9595
113.1683
113.542
113.5639
113.6573
113.715
113.7726
114.053
114.2975
114.3193
114.5997
114.6573
114.8303
115.1683
115.1683
115.204
115.204
115.5281
115.6792
115.7726
115.8303
115.9814
116.2617
116.2757
116.4486
116.6434
116.7945
116.8879
117.0967
117.6215
117.715
117.7945
118.0311
118.4923
118.7368
118.7368
118.7508
118.7945
118.9237
118.9814
119.039
119.1543
119.3551
119.6215
119.7587
120.212
120.5718
120.5857
121.2259
121.4207
121.5718
121.8879
122.1106
122.4923
122.7805
122.8521
122.9893
123.0251
123.1762
123.2915
123.363
123.5141
123.9316
124.1385
124.1683
124.536
125.198
125.5002
125.5002
125.5578
125.7587
125.7805
125.8024
126.0251
126.2556
126.3133
126.8163
126.8958
127.6155
127.6652
127.8242
127.9177
128.0251
128.1264
128.3054
128.5797
128.9753
129.4862
129.5141
129.6513
130.0111
130.4286
130.6294
130.7666
130.9535
131.2417
131.4862
131.6731
131.8819
131.9535
132.2059
132.7447
133.0111
133.0906
133.5657
133.8679
134.6513
134.7526
135.3788
135.9893
136.1343
136.2914
136.9832
137.2198
137.5299
137.5876
137.6015
137.7745
137.7963
138.1046
138.192
139.0469
140.0051
140.0985
140.6094
141.0627
141.1404
141.7029
141.8758
142.4225
142.6671
143.0051
143.178
143.6313
143.8898
144.0269
145.3867
145.4365
145.6671
146.343
146.8619
147.0627
147.4086
147.6531
148.1064
148.3728
148.7963
149.3152
150.9893
151.0627
151.2575
151.9195
152.0409
152.3649
153.1859
153.7684
154.1859
154.4881
154.9632
155.0567
155.9772
156.2077
156.3588
156.8121
158.7405
159.1938
160.7405
160.8558
162.1004
163.3667
163.8698
165.4244
165.4244
165.7624
166.5397
168.3528
168.9135
170.5834
171.1878
172.1878
173.4323
173.8637
174.655
175.0009
175.3965
176.0646
177.2454
177.6271
179.8
180.3607
180.8935
181.1599
183.3249
183.8219
187.5057
187.7861
188.3328
188.5634
189.7066
193.3407
193.6489
194.8516
196.2691
197.9232
198.621
199.442
200.6508
201.78
202.7442
213.5871
215.1338
215.2273
217.1478
219.422
219.9906
228.8474
235.2649
237.5531
242.6326
242.7479
247.899
250.9646
256.4755
