3.0
3.0
3.0
3.0
3.0
3.0
3.0
3.0
3.0
3.0
3.0
3.0
3.0
3.0
3.0
3.0
3.0
3.0
3.0
3.0
3.0
3.0
3.0
3.0
3.0
3.0
3.0
3.0
3.0
3.0
3.0
3.0
3.0
3.0
3.0
3.0
3.0
3.0
3.0
3.0
3.0
3.0
3.0
3.0
3.0
3.0
3.0
3.0
3.0
3.0
3.0
3.0
3.0
3.0
3.0
3.0
3.0
3.0
3.0
3.0
3.0
3.0
3.0
3.0
3.0
3.0
3.0
3.0
3.0
3.0
3.0
3.0
3.0
3.0
3.0
3.0
3.0
3.0
3.0
3.0
3.0
3.0
3.0
3.0
3.0
3.0
3.0
3.0
3.0
3.0
3.0
3.0
3.0
3.0
3.0
3.0
3.0
3.0
3.0
3.0
3.0
3.0
3.0
3.0
3.0
3.0
3.0
3.0
3.0
3.0
3.0
3.0
3.0
3.0
3.0
3.0
3.0
3.0
3.0
3.0
3.0
3.0
3.0
3.0
3.0
3.0
3.0
3.0
3.0
3.0
3.0
3.0
3.0
3.0
3.0
3.0
3.0
3.0
3.0
3.0
3.0
3.0
3.0
3.0
3.0
3.0
3.0
3.0
3.0
3.0
3.0
3.0
3.0
3.0
3.0
3.0
3.0
3.0
3.0
3.0
3.0
3.0
3.0
3.0
3.0
3.0
3.0
3.0
3.0
3.0
3.0
3.0
3.0
3.0
3.0
3.0
3.0
4.0
4.0
4.0
4.0
4.0
4.0
4.0
4.0
4.0
4.0
4.0
4.0
4.0
4.0
4.0
4.0
4.0
4.0
4.0
4.0
4.0
4.0
4.0
4.0
4.0
4.0
4.0
4.0
4.0
4.0
4.0
4.0
4.0
4.0
4.0
4.0
4.0
4.0
4.0
4.0
4.0
4.0
4.0
4.0
4.0
4.0
4.0
4.0
4.0
4.0
4.0
4.0
4.0
4.0
4.0
4.0
4.0
4.0
4.0
4.0
4.0
4.0
4.0
4.0
4.0
4.0
4.0
4.0
4.0
4.0
4.0
4.0
4.0
4.0
4.0
4.0
4.0
4.0
4.0
4.0
4.0
4.0
4.0
4.0
4.0
4.0
4.0
4.0
4.0
4.0
4.0
4.0
4.0
4.0
4.0
4.0
4.0
4.0
4.0
4.0
4.0
4.0
4.0
4.0
4.0
4.0
4.0
4.0
4.0
4.0
4.0
4.0
4.0
4.0
4.0
4.0
4.0
4.0
4.0
4.0
4.0
4.0
4.0
4.0
4.0
4.0
4.0
4.0
4.0
4.0
4.0
4.2997
4.4129
4.4129
4.526
4.526
4.526
4.5638
4.5638
4.7901
4.8278
4.9032
4.9032
4.9409
4.9409
4.9786
5.0
5.0
5.0
5.0
5.0
5.0
5.0
5.0
5.0
5.0
5.0
5.0
5.0
5.0
5.0
5.0
5.0
5.0
5.0
5.0
5.0
5.0
5.0
5.0
5.0
5.0
5.0
5.0
5.0
5.0
5.0
5.0
5.0
5.0
5.0
5.0
5.0
5.0
5.0
5.0
5.0
5.0
5.0
5.0
5.0
5.0
5.0
5.0
5.0
5.0
5.0
5.0
5.0
5.0
5.0
5.0
5.0
5.0
5.0
5.0
5.0
5.0
5.0
5.0
5.0
5.0
5.0
5.0
5.0
5.0
5.0
5.0
5.0
5.0
5.0
5.0
5.0
5.0
5.0
5.0
5.0
5.0
5.0
5.0
5.0
5.0
5.0
5.0918
5.1295
5.2049
5.3375
5.3558
5.3752
5.3935
5.4883
5.4883
5.5067
5.526
5.5821
5.6015
5.6198
5.6392
5.6392
5.6576
5.6769
5.6769
5.6953
5.733
5.8278
5.8655
5.8655
5.8655
5.9216
5.9786
6.0
6.0
6.0
6.0
6.0
6.0
6.0
6.0
6.0
6.0
6.0
6.0
6.0
6.0
6.0
6.0
6.0
6.0
6.0
6.0
6.0
6.0
6.0
6.0
6.0
6.0
6.0
6.0
6.0
6.0
6.0
6.0
6.0
6.0
6.0
6.0
6.0
6.0
6.0
6.0
6.0
6.0
6.0
6.0
6.0
6.0
6.0
6.0
6.0
6.0
6.0
6.0
6.0
6.0
6.0
6.0
6.0
6.0
6.0
6.0
6.0
6.0
6.0
6.0
6.0
6.0541
6.0724
6.0918
6.1102
6.1102
6.1479
6.1479
6.2804
6.2987
6.3181
6.3375
6.3375
6.3375
6.3935
6.4129
6.4496
6.4506
6.4506
6.4506
6.5638
6.6015
6.6015
6.6198
6.6576
6.6759
6.6769
6.6953
6.7146
6.7513
6.7523
6.7523
6.7707
6.7707
6.7891
6.7901
6.7901
6.8278
6.9032
6.9032
6.9032
6.9032
6.9216
7.0
7.0
7.0
7.0
7.0
7.0
7.0
7.0
7.0
7.0
7.0
7.0
7.0
7.0
7.0
7.0
7.0
7.0
7.0
7.0
7.0
7.0
7.0
7.0
7.0
7.0
7.0
7.0
7.0
7.0
7.0
7.0
7.0
7.0
7.0
7.0
7.0
7.0
7.0
7.0
7.0
7.0
7.0
7.0
7.0
7.0
7.0
7.0
7.0
7.0
7.0
7.0
7.0
7.0
7.0
7.0
7.0
7.0
7.0164
7.0531
7.0541
7.0541
7.0724
7.0724
7.1285
7.1295
7.1479
7.2049
7.2804
7.2804
7.2804
7.3171
7.3375
7.3375
7.3375
7.3548
7.3752
7.3752
7.3752
7.3935
7.3935
7.4129
7.4496
7.4496
7.4506
7.469
7.4873
7.4883
7.5067
7.5067
7.525
7.526
7.5628
7.5628
7.5638
7.5638
7.5821
7.6198
7.6392
7.6576
7.6576
7.6769
7.6769
7.7891
7.8074
7.8074
7.8074
7.8268
7.8829
7.8839
7.9409
7.9409
7.9583
7.9593
8.0
8.0
8.0
8.0
8.0
8.0
8.0
8.0
8.0
8.0
8.0
8.0
8.0
8.0
8.0
8.0
8.0
8.0
8.0
8.0
8.0
8.0
8.0
8.0
8.0
8.0
8.0
8.0
8.0
8.0
8.0
8.0
8.0
8.0
8.0
8.0
8.0
8.0
8.0
8.0
8.0
8.0
8.0
8.0
8.0
8.0
8.0
8.0
8.0
8.0
8.0
8.0
8.0
8.0
8.0
8.0
8.0
8.0
8.0
8.0541
8.0908
8.0918
8.0918
8.1102
8.1295
8.1479
8.1856
8.3365
8.3548
8.3752
8.4303
8.4496
8.4506
8.4506
8.469
8.4883
8.5057
8.5067
8.524
8.526
8.526
8.5628
8.5628
8.5638
8.5811
8.6005
8.6015
8.6198
8.6198
8.6198
8.6382
8.6566
8.6576
8.6769
8.6953
8.6953
8.733
8.7697
8.7901
8.8278
8.8645
8.8645
8.8645
8.8655
8.8655
8.8829
8.8839
8.8839
8.8839
8.9012
8.9022
8.9032
8.9032
8.9593
8.996
9.0
9.0
9.0
9.0
9.0
9.0
9.0
9.0
9.0
9.0
9.0
9.0
9.0
9.0
9.0
9.0
9.0
9.0
9.0
9.0
9.0
9.0
9.0
9.0
9.0
9.0
9.0
9.0
9.0
9.0
9.0
9.0
9.0
9.0
9.0
9.0
9.0
9.0
9.0
9.0
9.0
9.0
9.0
9.0
9.0
9.0
9.0
9.0
9.0
9.0
9.0144
9.0724
9.0898
9.0918
9.1469
9.1469
9.1479
9.1652
9.1672
9.1672
9.1672
9.2049
9.2223
9.2223
9.2427
9.2794
9.3181
9.3355
9.3538
9.3558
9.3742
9.3752
9.3752
9.3925
9.4303
9.4303
9.467
9.468
9.4883
9.5057
9.5618
9.5618
9.5628
9.5638
9.5811
9.6015
9.6015
9.6015
9.6178
9.6382
9.6749
9.7146
9.7523
9.7523
9.7881
9.7901
9.8451
9.8645
9.9032
9.9216
9.9786
9.9786
9.997
10.0
10.0
10.0
10.0
10.0
10.0
10.0
10.0
10.0
10.0
10.0
10.0
10.0
10.0
10.0
10.0
10.0
10.0
10.0
10.0
10.0
10.0
10.0
10.0
10.0
10.0
10.0
10.0
10.0
10.0
10.0
10.0
10.0
10.0
10.0
10.0
10.0
10.0
10.0144
10.1102
10.1102
10.1275
10.2049
10.259
10.2977
10.2997
10.3161
10.3752
10.4486
10.4496
10.469
10.469
10.4863
10.5608
10.5821
10.6178
10.6178
10.6188
10.6362
10.731
10.733
10.7891
10.7891
10.8064
10.8258
10.8441
10.8655
10.8819
10.9012
10.9012
10.9593
10.9776
10.9786
11.0
11.0
11.0
11.0
11.0
11.0
11.0
11.0
11.0
11.0
11.0
11.0
11.0
11.0
11.0
11.0
11.0
11.0
11.0
11.0
11.0
11.0
11.0
11.0
11.0
11.0
11.0
11.0
11.0
11.0
11.0144
11.0164
11.0521
11.0714
11.0918
11.1459
11.1469
11.1479
11.1652
11.1652
11.1846
11.2039
11.2039
11.2049
11.2213
11.2213
11.2427
11.2427
11.3171
11.4119
11.4303
11.4476
11.466
11.4863
11.4873
11.5057
11.525
11.526
11.5434
11.5608
11.5791
11.5811
11.5985
11.5995
11.5995
11.6005
11.6015
11.6188
11.6576
11.6576
11.6769
11.6923
11.7136
11.73
11.7697
11.8054
11.8084
11.8839
11.997
11.997
12.0
12.0
12.0
12.0
12.0
12.0
12.0
12.0
12.0
12.0
12.0
12.0
12.0
12.0
12.0
12.0
12.0
12.0
12.0
12.0714
12.1265
12.1275
12.1479
12.202
12.202
12.2397
12.2784
12.2967
12.2997
12.2997
12.3355
12.3365
12.3375
12.3712
12.3742
12.3742
12.3925
12.4089
12.4099
12.4496
12.4883
12.5057
12.5067
12.5434
12.5618
12.5801
12.5811
12.5811
12.5821
12.5985
12.6015
12.6015
12.6352
12.6362
12.6729
12.6933
12.7106
12.732
12.7483
12.7503
12.7891
12.7901
12.8238
12.8248
12.8839
12.9002
12.9032
12.9409
12.9747
12.9747
12.9756
13.0
13.0
13.0
13.0
13.0
13.0
13.0
13.0
13.0
13.0
13.0
13.0
13.0
13.0
13.0
13.0
13.0
13.0
13.0
13.0
13.0
13.0317
13.0694
13.0724
13.0908
13.1275
13.1469
13.1469
13.1662
13.2049
13.2397
13.258
13.2784
13.3151
13.3151
13.3171
13.3712
13.3752
13.3915
13.4129
13.4303
13.4506
13.469
13.5067
13.524
13.526
13.5404
13.5444
13.5628
13.5975
13.6005
13.6015
13.6739
13.6953
13.7116
13.729
13.8238
13.8278
13.8645
13.8819
13.9369
13.9369
13.9553
13.9583
13.9756
13.996
14.0
14.0
14.0
14.0
14.0
14.0
14.0
14.0
14.0
14.0
14.0
14.0
14.0
14.0
14.0
14.0
14.0
14.0
14.0
14.0337
14.0694
14.0888
14.1265
14.1275
14.1632
14.2049
14.2213
14.2397
14.2407
14.259
14.2987
14.3538
14.3752
14.3895
14.4283
14.4506
14.466
14.467
14.4863
14.4883
14.4883
14.526
14.5414
14.5444
14.5444
14.5638
14.5965
14.6005
14.6158
14.6382
14.6769
14.7146
14.7697
14.7881
14.7901
14.8084
14.8278
14.8421
14.9766
14.9776
14.9786
14.9786
14.993
15.0
15.0
15.0
15.0
15.0
15.0
15.0
15.0
15.0
15.0
15.0
15.0
15.0
15.0
15.0
15.0
15.0327
15.0501
15.0501
15.0511
15.0541
15.0908
15.0918
15.1469
15.1622
15.201
15.2213
15.2233
15.258
15.2977
15.2997
15.3375
15.3722
15.3742
15.3752
15.4263
15.4283
15.4456
15.4506
15.464
15.4873
15.5017
15.5047
15.526
15.6015
15.6015
15.6158
15.6168
15.6392
15.7106
15.733
15.7851
15.7871
15.8084
15.8635
15.8839
15.9389
15.9553
16.0
16.0
16.0
16.0
16.0
16.0
16.0
16.0
16.0
16.0
16.0
16.0307
16.0684
16.0878
16.1275
16.1459
16.2
16.2183
16.258
16.3141
16.3375
16.3692
16.4506
16.5811
16.5995
16.6352
16.6536
16.6556
16.6556
16.6566
16.6576
16.7116
16.7136
16.7146
16.73
16.7901
16.8064
16.8278
16.8461
16.8605
16.8655
16.9206
16.9747
17.0
17.0
17.0
17.0
17.0
17.0
17.0
17.0
17.0
17.0104
17.0501
17.0674
17.1072
17.1255
17.1459
17.1469
17.2794
17.2967
17.3171
17.3692
17.3895
17.469
17.5434
17.5578
17.5761
17.5821
17.5975
17.6158
17.6168
17.6178
17.6188
17.6342
17.6556
17.6729
17.6893
17.7657
17.7677
17.8034
17.8268
17.8431
17.8645
17.8829
17.8839
17.9216
17.9543
17.9553
17.9563
17.9786
17.997
18.0
18.0
18.0
18.0
18.0
18.0
18.0
18.0
18.0
18.0
18.0
18.0164
18.0491
18.0664
18.0868
18.1072
18.1826
18.2193
18.2367
18.258
18.3325
18.3335
18.3335
18.3375
18.3518
18.3518
18.4312
18.463
18.464
18.4853
18.4873
18.5638
18.5955
18.6015
18.6372
18.6719
18.6923
18.7106
18.7454
18.7474
18.7493
18.7861
18.8044
18.8064
18.8238
18.8278
18.8799
18.9002
18.9032
18.9409
18.9409
18.9756
19.0
19.0
19.0
19.0
19.0
19.0
19.0714
19.0888
19.1265
19.1836
19.1856
19.202
19.2397
19.2774
19.3181
19.4069
19.4109
19.4436
19.468
19.469
19.5037
19.5201
19.6382
19.6392
19.6576
19.727
19.729
19.7464
19.7474
19.7493
19.8228
19.8431
19.8585
19.8962
19.9156
19.9747
20.0
20.0
20.0
20.0
20.0
20.0
20.0094
20.0848
20.1042
20.2163
20.2357
20.2377
20.254
20.255
20.3335
20.3335
20.3498
20.4833
20.5638
20.5751
20.5781
20.6312
20.6322
20.6546
20.7483
20.7657
20.7871
20.8054
20.8411
20.8625
20.8655
20.8982
20.8992
21.0
21.0
21.0
21.0
21.0
21.0
21.0297
21.0307
21.0491
21.0491
21.0918
21.1479
21.1806
21.1826
21.2183
21.2744
21.2754
21.2937
21.3375
21.3498
21.3498
21.3672
21.3895
21.4099
21.4293
21.522
21.5444
21.5568
21.5568
21.5638
21.5771
21.5935
21.6198
21.6739
21.6769
21.6913
21.6933
21.7637
21.8014
21.8595
21.8962
21.9727
21.9737
21.9747
22.0
22.0
22.0
22.0
22.0
22.0164
22.0491
22.0868
22.0898
22.1102
22.197
22.2163
22.2357
22.2804
22.2804
22.2947
22.3131
22.3151
22.4099
22.4109
22.4129
22.4496
22.461
22.465
22.5047
22.523
22.526
22.5771
22.6392
22.6496
22.7831
22.7851
22.7871
22.8064
22.8278
22.8461
22.9166
22.9369
22.992
23.0
23.0
23.0
23.0
23.0
23.0164
23.0704
23.0838
23.0848
23.1235
23.1409
23.1856
23.257
23.2804
23.3111
23.3111
23.3885
23.4293
23.4446
23.464
23.5985
23.6168
23.7066
23.7617
23.7697
23.7821
23.8014
23.8054
23.8615
24.0
24.0684
24.1389
24.198
24.2049
24.257
24.3285
24.3548
24.3682
24.3845
24.3875
24.3915
24.4089
24.4263
24.4476
24.5731
24.5781
24.6576
24.6729
24.7136
24.727
24.7637
24.7831
24.8218
24.8932
24.9146
24.9349
24.9563
24.989
25.0
25.0
25.0
25.0347
25.0441
25.0858
25.1459
25.2173
25.2377
25.258
25.3518
25.3692
25.3885
25.4029
25.4853
25.5181
25.5588
25.5598
25.5608
25.5811
25.6158
25.6933
25.7493
25.7811
25.8034
25.8188
25.8779
25.8789
25.8932
25.8972
25.9389
26.0
26.0
26.0257
26.0664
26.0868
26.1479
26.199
26.2193
26.2233
26.2927
26.3335
26.3702
26.4853
26.5067
26.5558
26.6486
26.6496
26.7464
26.8054
26.8208
26.8278
26.9319
26.9697
26.988
27.0287
27.0451
27.1012
27.1449
27.1622
27.1766
27.1846
27.199
27.199
27.2213
27.2917
27.3091
27.3131
27.3285
27.3375
27.4833
27.4833
27.4997
27.5638
27.6332
27.6476
27.6873
27.6953
27.723
27.7607
27.7627
27.8565
27.8635
27.8749
27.8779
27.9146
27.994
27.995
28.0
28.0
28.0074
28.0431
28.1399
28.1622
28.1672
28.1796
28.2143
28.2694
28.3121
28.3141
28.3652
28.3865
28.4099
28.5424
28.5791
28.6158
28.6913
28.7523
28.7647
28.7687
28.7801
28.8198
28.8258
28.9176
28.9329
28.9369
28.987
28.993
29.0
29.1612
29.195
29.2
29.253
29.259
29.2997
29.3295
29.3682
29.3825
29.4029
29.4079
29.4089
29.5151
29.525
29.5588
29.6108
29.6322
29.6516
29.6843
29.7474
29.7811
29.7851
29.8024
29.8044
29.8208
29.8238
29.8248
29.8361
29.8655
29.8769
29.8912
29.989
30.0
30.0094
30.0144
30.1359
30.1592
30.2684
30.4203
30.458
30.4763
30.4883
30.5181
30.521
30.5558
30.5588
30.5885
30.7146
30.7881
30.8014
30.8401
30.8739
31.0
31.1032
31.1369
31.1399
31.2347
31.2684
31.3051
31.3071
31.3285
31.46
31.5161
31.5354
31.5578
31.6069
31.6198
31.6456
31.6486
31.6873
31.6923
31.7026
31.7404
31.8371
31.8922
31.8982
31.9096
32.0
32.0
32.0277
32.0431
32.0471
32.0521
32.1359
32.1806
32.2113
32.2297
32.258
32.261
32.2898
32.3825
32.4436
32.4763
32.5701
32.6332
32.7984
32.8024
32.8779
32.8912
32.9166
32.9309
32.993
32.995
33.0
33.0
33.0
33.0267
33.256
33.3702
33.3999
33.4019
33.4376
33.4416
33.4997
33.5007
33.5801
33.6262
33.6342
33.6576
33.7617
33.8148
33.8208
33.8779
33.9002
33.9299
33.9309
34.0257
34.0307
34.0694
34.1012
34.1255
34.201
34.2357
34.2684
34.3355
34.3488
34.4283
34.4446
34.456
34.4803
34.4823
34.4853
34.5354
34.5731
34.5885
34.6098
34.6833
34.6893
34.721
34.7414
34.7577
35.0
35.0164
35.0625
35.0778
35.1532
35.1552
35.1582
35.3245
35.3742
35.4039
35.5801
35.6148
35.6178
35.6813
35.7394
35.7811
35.8525
35.8892
35.8912
36.0054
36.0124
36.0237
36.0441
36.0595
36.0694
36.1082
36.193
36.197
36.257
36.2674
36.2724
36.2997
36.3305
36.3375
36.3538
36.3602
36.467
36.5314
36.5364
36.6138
36.6496
36.7557
36.7647
36.7974
36.8952
36.9096
36.9473
37.0
37.0585
37.0992
37.1032
37.1582
37.2123
37.253
37.3398
37.3815
37.4406
37.5578
37.7404
37.7493
37.7841
37.8228
37.8352
38.1175
38.1513
38.1552
38.1592
38.2838
38.3111
38.3602
38.458
38.4753
38.4793
38.5528
38.6098
38.6198
38.6506
38.6853
38.7106
38.7801
38.981
39.0982
39.1185
39.1419
39.188
39.195
39.2287
39.2764
39.2937
39.3255
39.3786
39.3999
39.4029
39.4793
39.5681
39.6639
39.6649
39.7096
39.7567
39.8729
40.0
40.0154
40.0441
40.0838
40.1012
40.1195
40.2327
40.251
40.2957
40.3061
40.3438
40.4193
40.4713
40.5721
40.6078
40.6526
40.7924
40.7964
40.8064
40.8669
40.9617
41.0828
41.0848
41.1012
41.1419
41.19
41.2247
41.25
41.2927
41.3468
41.3622
41.3786
41.4887
41.5925
41.5945
41.6078
41.6242
41.6476
41.7791
41.8709
41.8882
42.0207
42.0788
42.1135
42.3388
42.456
42.4927
42.5404
42.5638
42.6486
42.6773
42.7026
42.7424
42.8992
43.1185
43.1409
43.244
43.246
43.4987
43.5141
43.5191
43.5314
43.5741
43.6078
43.6332
43.6893
43.7414
43.7627
43.7831
43.8699
43.9279
43.9329
44.0
44.0391
44.1042
44.1349
44.1696
44.2694
44.3345
44.5458
44.6569
44.6659
44.6689
44.714
44.7527
44.7701
44.8118
44.8972
44.9637
45.0952
45.2043
45.251
45.252
45.2654
45.3592
45.452
45.5037
45.5081
45.5721
45.6212
45.6396
46.0341
46.1175
46.2287
46.253
46.3195
46.3736
46.3999
46.4163
46.4263
46.5314
46.5344
46.5865
46.5865
46.6793
46.72
46.7523
46.8118
46.9136
47.3518
47.3722
47.4213
47.455
47.4967
47.5091
47.6446
47.7924
47.8515
48.0828
48.1399
48.2664
48.2784
48.2947
48.3121
48.3165
48.3368
48.3939
48.4263
48.4376
48.4877
48.4927
48.5621
48.6138
48.6262
48.6853
48.7507
48.919
48.9383
49.0
49.3542
49.7444
49.7721
49.7741
50.3939
50.4213
50.5518
50.5661
50.6282
50.6292
50.6539
50.6803
50.8362
50.8461
50.8699
50.918
50.9289
51.0217
51.1666
51.183
51.196
51.3746
51.3796
51.4123
51.4396
51.446
51.4723
51.5111
51.5631
51.6639
51.7864
52.1309
52.2203
52.3205
52.3815
52.446
52.45
52.4733
52.5691
52.6559
52.6689
52.713
52.7146
52.7821
52.8014
52.8158
52.9373
53.0371
53.0664
53.0818
53.1032
53.19
53.2247
53.3041
53.3736
53.5711
53.7517
53.8272
53.8699
53.9493
53.9513
54.0108
54.3989
54.4113
54.4827
54.5801
54.6182
54.6222
54.716
54.7751
54.8058
54.8659
54.9557
55.0054
55.0381
55.0411
55.18
55.3879
55.4193
55.6386
55.7517
55.7711
55.919
55.922
56.4243
56.4674
56.5448
56.5805
56.8252
56.8639
57.0138
57.1125
57.1319
57.1433
57.1473
57.2247
57.3175
57.456
57.5631
58.185
58.2971
58.3071
58.708
58.7597
58.8048
58.8088
58.974
59.2604
59.2694
59.3869
59.3999
59.4797
59.5681
59.5791
59.9557
60.0361
60.1389
60.191
60.191
60.3185
60.3235
60.3408
60.3512
60.4306
60.4773
60.6306
60.6406
60.9904
61.0331
61.0595
61.2113
61.2267
61.2848
61.3939
61.5805
61.6376
61.6509
61.71
61.9904
62.1596
62.187
62.2788
62.713
62.7854
62.7974
62.9627
63.0728
63.2391
63.3041
63.3205
63.4713
63.7661
63.9874
64.0251
64.0728
64.0822
64.0862
64.2838
64.5001
64.5438
64.8222
64.9864
65.0475
65.1443
65.4226
65.4316
65.4624
65.6168
65.6559
65.6917
65.704
65.705
65.714
65.7761
65.7855
65.9577
66.0311
66.0425
66.1105
66.189
66.2043
66.2127
66.3145
66.5939
66.6529
66.7244
66.7254
66.9303
66.973
67.0485
67.1403
67.5348
67.5775
67.6326
67.6569
67.7507
67.7845
67.8148
67.9096
67.9313
68.0177
68.2157
68.2768
68.2951
68.3919
68.445
68.4907
68.5805
68.6019
68.6049
68.6519
68.6843
68.7397
68.8272
68.8515
69.1006
69.1369
69.3338
69.3736
69.4951
69.5602
69.6162
70.1636
70.2484
70.2748
70.3065
70.5194
70.8172
70.8579
70.917
71.0108
71.2708
71.3622
71.3676
71.4937
71.7765
71.8936
72.0455
72.2167
72.3528
72.4971
72.6496
72.7795
72.8088
72.8272
72.9393
73.1065
73.6673
73.9487
73.975
74.0098
74.0688
74.5532
74.5805
75.0718
75.3115
75.5154
75.8866
75.907
75.9253
75.974
76.4524
76.5989
76.6743
76.716
76.7467
77.0445
77.0728
77.1249
77.191
77.2077
77.2117
77.2901
77.4013
78.0261
78.1686
78.2311
78.2708
78.458
78.5645
78.7194
78.8713
78.8802
79.3318
79.3606
79.5462
79.6469
79.7357
79.7417
79.7825
79.8609
79.8906
80.1259
80.2891
80.4033
80.4196
80.439
80.4554
80.7164
80.9641
81.1746
81.2047
81.4003
81.4157
81.5085
81.5288
81.5552
81.8659
82.1874
82.2301
82.3165
82.5665
82.7601
83.1486
83.166
83.1943
83.2371
83.4677
83.5611
83.6857
84.1383
84.4206
84.5969
85.0068
85.5849
85.6767
85.8812
85.9784
86.2271
86.252
86.3035
86.3943
86.4727
86.5248
87.1566
87.6152
87.6703
87.8936
88.0271
88.5502
88.5645
88.6927
89.1423
89.1506
89.4173
89.6072
89.8325
89.915
90.2043
90.2137
90.2608
90.4624
90.4687
90.7845
91.0738
91.1436
91.5264
92.2975
92.4474
92.5422
92.8365
92.8892
93.0121
94.2444
94.3506
95.9507
97.0499
97.0976
97.1059
97.2975
97.5605
97.7457
97.8102
97.8196
98.0976
98.2995
98.6072
99.0191
99.1099
99.162
99.3402
99.3903
99.7681
100.2504
100.7114
101.3839
101.4574
101.693
102.1556
102.3853
102.8108
103.169
104.7134
105.6022
105.9297
106.3586
107.2434
107.7357
108.7848
108.8042
109.5779
110.1997
112.2931
112.4364
112.6841
112.7581
112.7932
113.6326
114.2151
114.3556
114.4127
115.9407
116.9277
117.0856
117.1834
117.3957
118.2051
120.1907
120.2464
120.3129
120.3953
120.4737
120.5809
121.5689
121.64
122.0692
122.2245
122.8226
122.9511
123.0355
123.1357
124.0419
124.6751
124.8469
125.419
126.146
126.5555
126.5595
126.6086
126.627
126.7575
127.3977
128.0766
128.4771
128.8369
129.4865
130.1297
130.3252
130.7485
130.9714
131.5058
132.0031
133.1937
134.6904
137.7148
139.9351
141.0329
141.9902
142.2969
145.6854
148.2726
149.7128
149.7375
150.8329
151.9922
153.0065
153.873
154.7719
155.2091
155.2205
156.3119
157.7361
161.4214
164.4661
164.6934
167.7599
169.6904
173.8253
176.0833
178.15
179.2372
183.2492
186.7429
192.9014
193.6317
200.2456
204.8307
207.4665
217.8888
233.4932
273.2553
