3.0
3.0
3.0
3.0
3.0
3.0
3.0
3.0
4.0
4.0
4.0
4.0
4.0
4.0
4.0
4.0
4.0
4.0
4.0
4.0
4.0
4.0
5.0
5.0
5.0
5.0
5.0
5.0
5.0
5.0
5.0
5.0
5.0
5.0
5.0
5.8655
6.0
6.0
6.0
6.0
6.0
6.0
6.0
6.0
6.0918
6.3742
6.3752
7.0
7.0
7.0
7.0
7.0
7.0
7.0
7.0
7.0
7.204
7.6576
7.6759
8.0
8.0
8.0
8.0
8.0
8.0
8.0
8.0
8.0
8.0
8.0
8.0
8.0
8.1479
8.6199
8.6566
8.7504
8.8655
9.0
9.0
9.0
9.0
9.0
9.0
9.0
9.1663
9.204
9.3936
9.675
9.7127
9.7707
9.8075
9.8278
10.0
10.0
10.0
10.0
10.0
10.1286
10.3752
10.4506
10.939
11.0
11.0
11.0
11.0
11.0
11.0
11.1082
11.3375
11.4313
11.4854
11.7688
11.7901
11.8626
11.8655
11.9032
11.9564
12.0
12.0
12.0
12.0
12.0
12.0
12.0
12.0
12.0
12.9573
12.9777
13.0
13.0
13.0695
13.2958
13.4883
13.5425
13.6015
13.6953
13.8065
13.8829
13.9003
14.0
14.0
14.0
14.0124
14.0328
14.2774
14.3558
14.3752
14.3916
14.4119
14.5415
14.7484
14.7697
14.937
15.0
15.0
15.1062
15.1846
15.203
15.3558
15.6536
16.0
16.0
16.2397
16.4864
16.5638
17.0
17.0
17.1827
17.2368
17.2784
17.3345
17.6526
17.8645
18.0
18.0
18.0348
18.2378
18.2745
18.3936
18.409
18.4119
18.4303
18.4506
18.5772
18.8219
19.0
19.0
19.0124
19.0124
19.0164
19.3742
19.7524
20.0
20.0
20.0656
20.0849
20.1276
20.409
20.5037
20.6507
20.8829
20.9951
21.0
21.0105
21.2938
21.4854
21.4883
21.5211
21.5375
21.7261
21.9708
21.9931
22.0
22.0105
22.1266
22.3673
22.4313
22.5579
22.6372
22.7707
22.7707
22.8055
22.9544
23.0
23.0308
23.2715
23.2919
23.4447
23.4988
23.8383
24.0695
24.202
24.2407
24.2978
24.3162
24.3653
24.3712
24.5162
24.8402
25.0462
25.4447
25.5539
25.5956
26.0259
26.0472
26.0889
26.3365
26.4641
26.6159
26.731
26.8566
27.0
27.0829
27.2755
27.5008
27.5772
27.6576
27.7291
27.7668
27.877
28.0685
28.5057
28.6671
28.7221
28.873
29.1072
29.3693
29.3817
29.5896
29.7097
29.875
30.0482
30.081
30.139
30.1767
30.2204
30.669
30.7038
30.7097
30.7638
30.7678
30.877
30.9554
31.2144
31.2144
31.3683
31.7271
31.9658
32.1951
32.2224
32.2695
32.2725
32.4854
32.6497
33.0055
33.2135
33.5201
33.7455
33.8566
33.9281
34.0646
34.2551
34.2695
34.4641
34.4824
34.6139
34.6467
34.6536
34.7251
34.8035
35.3614
35.3866
35.5529
35.5975
36.1043
36.1951
36.2745
36.4725
36.5326
36.7763
37.0646
37.2095
37.3063
37.3614
37.7385
37.8179
38.0219
38.0511
38.0983
38.2849
38.3316
38.3643
38.4244
38.4804
38.9281
39.2676
39.4621
39.5326
40.4204
40.5654
41.0065
41.0596
41.4785
41.5916
41.8353
41.9757
42.0249
42.2135
42.6283
42.6457
43.2075
43.4184
43.605
43.6254
43.7713
43.809
43.9281
43.9475
43.9599
44.0665
44.2318
44.3177
44.4949
44.5654
44.6904
44.9822
45.1524
45.3003
45.3797
45.4224
45.5296
45.5906
45.6815
45.7609
46.2695
46.8219
47.1013
47.2492
47.3971
47.7038
47.8467
47.9058
48.6031
48.6497
49.3197
49.3564
49.3797
49.4309
49.5857
49.7018
49.808
50.7539
50.8631
51.1272
51.1882
51.2046
51.3325
51.4135
52.0731
52.0839
52.277
52.4899
52.9465
53.1832
53.8641
53.9157
54.3574
54.5857
55.1426
56.0343
56.1485
56.1996
56.2587
56.4269
56.7133
57.1485
57.5569
57.6358
58.0334
58.1187
58.4076
58.6795
58.9415
58.9753
58.9773
59.0413
59.2462
59.2944
59.3197
59.4328
60.3118
60.4417
60.486
60.8011
60.9291
61.012
61.217
61.2915
61.6155
61.6418
61.7346
62.7093
62.9947
63.1524
63.2859
63.3912
63.8631
64.2433
64.3604
64.5788
64.6601
64.7847
65.0468
65.1019
65.1773
65.5306
65.5545
65.9966
66.0478
66.6522
66.6998
66.7857
66.8552
67.0517
67.3614
67.3892
67.486
67.5247
67.5381
67.7152
68.1009
68.1048
68.1058
68.1793
68.3649
68.423
68.5798
68.9356
69.0478
69.2597
69.3088
69.5535
69.7595
69.9346
69.9783
70.0274
70.5555
70.5729
70.8438
70.9163
71.3679
72.0304
72.1193
72.1386
72.3708
72.5014
72.5118
72.7441
73.0651
73.3659
73.5365
73.5916
73.6532
73.7287
73.7411
73.7838
74.424
74.7624
75.3272
75.7634
75.8398
75.9897
76.1301
76.2905
76.8736
77.0612
77.1609
78.2964
78.3282
79.1927
79.2314
79.2875
79.3803
79.5128
79.5584
80.1009
80.2518
80.6493
80.7932
80.8031
82.1327
82.1678
82.2527
82.2835
82.3937
82.4741
82.5341
83.0235
83.1986
83.3833
83.8359
84.828
84.9753
85.1143
85.2091
85.4895
85.6627
86.0264
86.3029
86.5863
86.7699
86.8096
86.8766
87.5128
87.5243
87.8234
87.8677
88.8641
88.8726
88.9674
89.7352
89.8542
90.0002
90.8726
91.1967
91.4121
91.4741
91.5079
91.7129
92.5079
92.6329
92.6335
92.7034
93.2393
93.4682
93.6666
93.6935
93.7525
94.356
94.4259
94.481
94.564
94.9034
95.8647
96.1327
96.4702
96.5272
97.0156
97.4915
98.2245
98.4449
98.4498
98.5089
98.9625
99.0136
99.7853
100.091
100.2796
100.295
100.6712
101.1228
101.6692
101.8086
102.7014
103.159
103.7922
104.3252
104.5932
104.767
105.1898
105.497
106.3773
106.4439
107.4593
108.154
108.3461
108.5253
108.9496
109.0811
109.5154
110.0811
110.4846
111.0831
111.094
111.3258
111.762
112.6722
112.8136
113.1848
115.1005
117.0385
117.6905
117.8598
118.6643
119.1248
120.4469
120.9937
122.2707
122.6459
122.8345
122.8702
122.9893
123.638
123.7099
124.297
125.2533
125.3645
125.4166
125.6453
126.7099
127.621
127.8339
128.5065
128.5361
128.8837
128.964
129.2593
129.3392
130.7685
131.2484
131.9303
132.1074
132.9079
133.3238
135.2687
135.6623
137.6623
138.0493
139.0405
139.9909
140.0395
141.3854
141.4727
141.7948
141.842
143.578
144.0087
144.167
144.2608
146.3333
146.8187
148.0604
148.1939
148.5809
149.5754
149.8613
150.7298
150.7695
151.5993
151.6137
151.9358
152.0266
152.1303
152.3973
154.105
154.8856
157.1651
158.2673
158.9784
159.0256
159.5691
161.6212
162.0663
163.3631
163.4172
164.3631
166.3959
166.4133
166.516
168.2713
168.6494
168.7488
168.7587
170.7626
171.1244
172.0509
172.3552
172.4068
172.6058
174.6743
182.3805
185.7304
186.6783
188.5786
188.715
189.9314
190.6441
194.118
194.6524
196.7091
197.181
197.5359
198.0649
199.3821
199.5369
199.8977
201.3447
204.2138
205.8629
207.3319
207.5791
207.6575
207.855
208.1712
211.5493
214.9553
216.2804
218.0094
218.057
218.325
218.5776
218.7012
218.857
219.3771
229.1459
230.3905
234.5483
239.4004
240.0685
246.6923
255.2944
257.1672
257.2025
258.3668
259.931
260.0438
260.4178
262.0183
264.3013
265.4433
267.4705
267.8661
275.5643
281.5132
290.2403
295.8116
296.4209
298.0756
307.6463
309.2855
350.7347
357.8524
359.6563
361.9462
380.776
385.8261
408.1413
409.038
452.4327
453.4417
455.4262
484.3166
503.2809
523.7128
672.3721
698.9896
709.8908
