3.0
3.0
3.0
3.0
3.0
3.0
3.0
3.0
3.0
3.0
3.0
3.0
3.0
3.0
3.0
3.0
3.0
3.0
3.0
3.0
3.0
3.0
3.0
3.0
3.0
3.0
3.0
3.0
3.0
3.0
3.0
3.0
3.0
3.0
3.0
3.0
3.0
3.0
3.0
3.0
3.0
3.0
3.0
3.0
3.0
3.0
3.0
3.0
3.0
3.0
3.0
3.0
3.0
3.0
3.0
3.0
3.0
3.0
3.0
3.0
3.0
3.0
3.0
3.0
3.0
3.0
3.0
3.0
3.0
3.0
3.0
3.0
3.0
3.0
3.0
3.0
3.0
3.0
3.0
3.0
3.0
3.0
3.0
3.0
3.0
3.0
3.0
3.0
3.0
3.0
3.0
3.0
3.0
3.0
3.0
3.0
3.0
3.0
3.0
3.0
3.0
4.0
4.0
4.0
4.0
4.0
4.0
4.0
4.0
4.0
4.0
4.0
4.0
4.0
4.0
4.0
4.0
4.0
4.0
4.0
4.0
4.0
4.0
4.0
4.0
4.0
4.0
4.0
4.0
4.0
4.0
4.0
4.0
4.0
4.0
4.0
4.0
4.0
4.0
4.0
4.0
4.0
4.0
4.0
4.0
4.0
4.0
4.0
4.0
4.0
4.0
4.0
4.0
4.0
4.0
4.0
4.0
4.0
4.0
4.0
4.0
4.0
4.0
4.0
4.0
4.0
4.0
4.0
4.0
4.0
4.0
4.0
4.0
4.0
4.0
4.0
4.3817
4.3817
4.3817
4.3817
4.3817
4.5328
4.5328
4.5328
4.5328
4.6839
4.6839
4.6839
4.6839
4.6839
4.6839
4.6839
4.6839
4.835
4.835
4.835
4.9861
4.9861
4.9861
4.9861
5.0
5.0
5.0
5.0
5.0
5.0
5.0
5.0
5.0
5.0
5.0
5.0
5.0
5.0
5.0
5.0
5.0
5.0
5.0
5.0
5.0
5.0
5.0
5.0
5.0
5.0
5.0
5.0
5.0
5.0
5.0
5.0
5.0
5.0
5.0
5.0
5.0
5.0
5.0
5.0
5.0
5.0
5.0
5.0
5.1371
5.1371
5.1371
5.1371
5.2882
5.2882
5.2882
5.2882
5.2882
5.2882
5.3817
5.3817
5.3817
5.3817
5.4393
5.4393
5.4393
5.4393
5.4393
5.5328
5.5328
5.5328
5.5328
5.5328
5.5328
5.5904
5.5904
5.5904
5.5904
5.6839
5.6839
5.6839
5.6839
5.6839
5.6839
5.6839
5.6839
5.7415
5.7415
5.7415
5.7415
5.835
5.835
5.835
5.835
5.835
5.835
5.8926
5.8926
5.9861
5.9861
5.9861
5.9861
6.0
6.0
6.0
6.0
6.0
6.0
6.0
6.0
6.0
6.0
6.0
6.0
6.0
6.0
6.0
6.0
6.0
6.0
6.0
6.0
6.0
6.0
6.0
6.0437
6.1371
6.1371
6.1948
6.1948
6.2882
6.2882
6.3459
6.3459
6.3459
6.3459
6.3817
6.3817
6.3817
6.3817
6.3817
6.3817
6.3817
6.4393
6.4393
6.4393
6.497
6.497
6.497
6.497
6.497
6.5328
6.5328
6.5328
6.5328
6.5904
6.5904
6.5904
6.5904
6.6481
6.6481
6.6481
6.6839
6.6839
6.6839
6.7415
6.7415
6.7415
6.7415
6.7415
6.7415
6.7415
6.7415
6.7992
6.7992
6.7992
6.835
6.835
6.835
6.835
6.835
6.835
6.835
6.835
6.8926
6.8926
6.8926
6.8926
6.8926
6.8926
6.9503
6.9503
6.9861
6.9861
6.9861
6.9861
7.0
7.0
7.0
7.0
7.0
7.0
7.0
7.0
7.0
7.0
7.0
7.0
7.0
7.0
7.0
7.0
7.0
7.0
7.0
7.0
7.0
7.0437
7.0437
7.0437
7.0437
7.0437
7.0437
7.1013
7.1013
7.1013
7.1013
7.1371
7.1371
7.1371
7.1948
7.1948
7.2524
7.2524
7.2524
7.2524
7.2524
7.3459
7.3459
7.3459
7.3459
7.3459
7.3817
7.3817
7.3817
7.4035
7.4393
7.4393
7.4393
7.4393
7.497
7.497
7.497
7.497
7.5328
7.5328
7.5546
7.5546
7.5546
7.5546
7.5904
7.5904
7.5904
7.6481
7.6481
7.6481
7.6481
7.6839
7.6839
7.6839
7.7057
7.7057
7.7415
7.7415
7.7415
7.7992
7.7992
7.835
7.835
7.8568
7.8568
7.8568
7.8568
7.8568
7.8568
7.8568
7.8568
7.8926
7.8926
7.8926
7.9503
7.9503
7.9861
8.0
8.0
8.0
8.0
8.0
8.0
8.0
8.0
8.0
8.0
8.0
8.0
8.0079
8.0437
8.0437
8.1013
8.1013
8.1013
8.1013
8.1013
8.1013
8.1948
8.1948
8.1948
8.1948
8.2524
8.2524
8.2524
8.2524
8.2524
8.2882
8.2882
8.3101
8.3101
8.3101
8.3459
8.3459
8.3817
8.3817
8.3817
8.3817
8.3817
8.4035
8.4035
8.4035
8.4393
8.4393
8.4612
8.4612
8.4612
8.497
8.497
8.497
8.497
8.497
8.497
8.497
8.497
8.5328
8.5328
8.5328
8.5328
8.5328
8.5546
8.5546
8.5546
8.5546
8.5546
8.5904
8.5904
8.6123
8.6481
8.6481
8.6839
8.7057
8.7057
8.7057
8.7057
8.7415
8.7634
8.7634
8.7634
8.7634
8.7992
8.7992
8.7992
8.835
8.835
8.8926
8.8926
8.8926
8.9145
8.9503
8.9503
8.9503
8.9861
8.9861
8.9861
8.9861
8.9861
8.9861
9.0
9.0
9.0
9.0
9.0
9.0
9.0079
9.0079
9.0437
9.0437
9.0655
9.1013
9.1013
9.1013
9.1013
9.1013
9.1013
9.1013
9.1013
9.1013
9.159
9.159
9.159
9.159
9.1948
9.2166
9.2166
9.2524
9.2524
9.2524
9.2882
9.3101
9.3101
9.3101
9.3101
9.3101
9.3459
9.3677
9.3677
9.3677
9.3817
9.3817
9.4035
9.4612
9.4612
9.4612
9.4612
9.4612
9.497
9.497
9.497
9.497
9.5188
9.5188
9.5188
9.5328
9.5546
9.5546
9.5546
9.5904
9.5904
9.6699
9.6699
9.6699
9.7057
9.7057
9.7057
9.7415
9.7415
9.7415
9.7634
9.821
9.821
9.821
9.835
9.835
9.8926
9.8926
9.9145
9.9145
9.9145
9.9721
9.9721
9.9861
10.0
10.0
10.0
10.0
10.0
10.0
10.0
10.0
10.0
10.0
10.0079
10.0655
10.0655
10.1013
10.1013
10.1232
10.1232
10.1371
10.1948
10.2166
10.2166
10.2166
10.2524
10.2743
10.2882
10.3101
10.3101
10.3459
10.3677
10.3677
10.3677
10.3817
10.3817
10.4254
10.4254
10.4393
10.4393
10.4612
10.4612
10.497
10.5188
10.5188
10.5188
10.5328
10.5328
10.5328
10.5765
10.5765
10.5904
10.5904
10.5904
10.6123
10.6123
10.6699
10.6699
10.7057
10.7057
10.7276
10.7415
10.7415
10.7634
10.7634
10.7634
10.7634
10.7992
10.821
10.821
10.821
10.821
10.821
10.835
10.835
10.8568
10.8568
10.8568
10.8568
10.8926
10.9145
10.9503
10.9721
10.9721
10.9861
10.9861
11.0
11.0
11.0079
11.0297
11.0297
11.0437
11.0655
11.0655
11.1013
11.1232
11.1232
11.1371
11.1371
11.159
11.1808
11.1808
11.1808
11.1808
11.1948
11.1948
11.1948
11.2166
11.2743
11.2743
11.2743
11.2882
11.2882
11.2882
11.3319
11.3319
11.3319
11.3459
11.3459
11.3677
11.3677
11.3677
11.3817
11.4035
11.4035
11.4035
11.4254
11.4254
11.4393
11.4612
11.483
11.483
11.497
11.5188
11.5188
11.5188
11.5328
11.5328
11.5546
11.5546
11.5546
11.5765
11.5765
11.5765
11.5765
11.6341
11.6699
11.6699
11.6699
11.7276
11.7276
11.7634
11.7634
11.7852
11.7852
11.7992
11.7992
11.7992
11.821
11.821
11.8568
11.8568
11.8568
11.8568
11.8787
11.8787
11.8926
11.9145
11.9145
11.9145
11.9721
11.9721
11.9721
12.0
12.0
12.0
12.0297
12.0297
12.0297
12.0297
12.0297
12.0297
12.0297
12.0655
12.0874
12.1232
12.1371
12.159
12.1808
12.1808
12.1808
12.1808
12.2166
12.2385
12.2385
12.2385
12.2524
12.2743
12.2743
12.2882
12.2882
12.3101
12.3319
12.3677
12.3896
12.3896
12.3896
12.4254
12.4254
12.4254
12.4612
12.483
12.483
12.5188
12.5188
12.5188
12.5188
12.5328
12.5407
12.5407
12.5407
12.5546
12.5765
12.5765
12.5765
12.5765
12.6123
12.6341
12.6341
12.6481
12.6699
12.6839
12.6918
12.6918
12.7057
12.7634
12.7852
12.7852
12.7852
12.7852
12.821
12.821
12.835
12.8429
12.8429
12.8429
12.8568
12.8926
12.9145
12.9363
12.9363
12.9363
12.9363
12.9363
12.9721
12.9721
12.9721
12.994
12.994
13.0079
13.0297
13.0297
13.0297
13.0437
13.0874
13.0874
13.1232
13.1232
13.1232
13.145
13.159
13.159
13.1808
13.1948
13.1948
13.1948
13.2166
13.2166
13.2385
13.2385
13.2961
13.3319
13.3319
13.3319
13.3677
13.3677
13.3896
13.4254
13.4393
13.4472
13.4472
13.4472
13.4612
13.483
13.483
13.483
13.5328
13.5407
13.5546
13.5765
13.5983
13.5983
13.6341
13.6341
13.6341
13.6481
13.6699
13.6918
13.7415
13.7494
13.7634
13.8926
13.9005
13.9005
13.9005
13.9363
13.9721
13.994
13.994
13.994
13.994
14.0079
14.0297
14.0297
14.0437
14.0655
14.0874
14.0874
14.0874
14.1013
14.1371
14.145
14.145
14.159
14.1808
14.1808
14.2027
14.2166
14.2385
14.2385
14.2743
14.2743
14.2743
14.2743
14.2961
14.3319
14.3319
14.3896
14.4035
14.4035
14.4254
14.4472
14.483
14.497
14.5049
14.5049
14.5049
14.5049
14.5049
14.5407
14.5407
14.5983
14.5983
14.6123
14.6341
14.6341
14.6341
14.6481
14.656
14.6839
14.6839
14.7494
14.7634
14.7852
14.7852
14.7852
14.8071
14.8071
14.8429
14.8429
14.8429
14.8568
14.8787
14.8787
14.9005
14.9363
14.9503
14.9582
14.9582
14.994
14.994
14.994
14.994
15.0079
15.0297
15.0297
15.0297
15.0516
15.0516
15.0874
15.0874
15.0874
15.0874
15.0874
15.1092
15.1092
15.145
15.1808
15.2027
15.2166
15.2166
15.2385
15.2603
15.2961
15.3319
15.3538
15.3538
15.3677
15.3896
15.4114
15.4472
15.483
15.483
15.483
15.483
15.497
15.5407
15.5765
15.5765
15.656
15.656
15.7136
15.7136
15.7415
15.7415
15.7494
15.7494
15.7494
15.7852
15.7852
15.8071
15.8429
15.8568
15.9005
15.9363
15.9363
15.9363
15.9363
15.9363
15.9582
15.994
15.994
16.0079
16.0158
16.0158
16.0437
16.0874
16.1092
16.145
16.1669
16.1669
16.1808
16.2603
16.2603
16.2603
16.318
16.318
16.3459
16.3677
16.3817
16.3896
16.3896
16.4254
16.4393
16.4393
16.4472
16.4472
16.4691
16.4691
16.5049
16.5049
16.5049
16.5049
16.5407
16.5625
16.6202
16.6202
16.6341
16.6341
16.6699
16.6918
16.7276
16.7494
16.7494
16.7634
16.7713
16.835
16.8568
16.8647
16.9005
16.9224
16.9224
16.9363
16.9503
17.0158
17.0158
17.0158
17.0158
17.0297
17.0297
17.0437
17.0516
17.0516
17.0655
17.0734
17.1092
17.1092
17.1092
17.1669
17.1669
17.1808
17.2245
17.2385
17.2603
17.2603
17.2743
17.2743
17.2882
17.2961
17.2961
17.318
17.318
17.318
17.318
17.3319
17.3538
17.3538
17.4114
17.4114
17.4472
17.4691
17.5049
17.5049
17.5188
17.5267
17.5625
17.5625
17.5625
17.5765
17.5765
17.5904
17.5983
17.5983
17.6202
17.6202
17.6202
17.6341
17.6341
17.656
17.6699
17.6699
17.6918
17.6918
17.6918
17.7494
17.7634
17.7852
17.8289
17.8429
17.8647
17.9005
17.9224
17.9224
17.9363
17.9363
17.98
17.98
17.98
17.98
18.0158
18.0158
18.0516
18.0734
18.1092
18.1092
18.1092
18.1232
18.1311
18.1669
18.2027
18.2027
18.2166
18.2245
18.2385
18.2603
18.2603
18.2603
18.2603
18.2822
18.2961
18.3101
18.3319
18.3319
18.3538
18.4114
18.4254
18.4254
18.4333
18.4691
18.4691
18.5049
18.5267
18.5267
18.5267
18.5267
18.5407
18.5625
18.5625
18.5625
18.5983
18.5983
18.5983
18.6202
18.6202
18.6202
18.6202
18.656
18.6918
18.7057
18.7136
18.7355
18.7713
18.821
18.8289
18.8429
18.8647
18.8647
18.8647
18.8787
18.8866
18.9224
18.9224
18.9224
18.9363
18.98
19.0158
19.0376
19.0734
19.0734
19.0734
19.1092
19.1092
19.1311
19.1311
19.1311
19.1808
19.1808
19.1887
19.2027
19.2245
19.2245
19.2245
19.2245
19.2245
19.2385
19.2822
19.2822
19.2822
19.2822
19.3101
19.3398
19.3398
19.3538
19.3756
19.3756
19.3756
19.4114
19.4114
19.4254
19.4612
19.4909
19.5267
19.5625
19.5625
19.5765
19.5844
19.6202
19.642
19.642
19.642
19.642
19.656
19.6699
19.6778
19.6778
19.6778
19.6778
19.6918
19.7136
19.7136
19.7355
19.7494
19.7494
19.7713
19.7713
19.7852
19.7931
19.7931
19.7931
19.8071
19.8289
19.8429
19.8429
19.8866
19.9005
19.9442
19.9442
19.9582
19.994
20.0297
20.0376
20.0376
20.0376
20.0874
20.0874
20.0953
20.0953
20.1092
20.1092
20.145
20.1669
20.1669
20.1887
20.1887
20.2245
20.2464
20.2603
20.2603
20.2822
20.2822
20.3319
20.3538
20.3538
20.3538
20.3756
20.3756
20.3975
20.4114
20.4472
20.5267
20.5267
20.5267
20.5486
20.5844
20.5844
20.5844
20.5844
20.5844
20.6202
20.642
20.642
20.6778
20.6778
20.6778
20.7355
20.7355
20.7355
20.7355
20.7355
20.7355
20.7931
20.8071
20.8071
20.8289
20.8429
20.8508
20.8647
20.8647
20.8866
20.8866
20.9442
20.9442
20.9442
20.98
21.0019
21.0376
21.0734
21.0734
21.0734
21.0874
21.1311
21.145
21.145
21.1529
21.1529
21.1529
21.1529
21.159
21.2245
21.2385
21.2385
21.2464
21.2603
21.2822
21.304
21.304
21.318
21.3398
21.3398
21.3398
21.3398
21.3975
21.3975
21.4333
21.4551
21.4551
21.4612
21.4691
21.483
21.5407
21.5486
21.5486
21.5486
21.5486
21.5904
21.6062
21.6062
21.642
21.6778
21.6997
21.7355
21.7573
21.7931
21.7931
21.7931
21.8289
21.8429
21.8508
21.8647
21.9224
21.9442
21.9442
21.9442
21.9442
21.9442
21.98
22.0595
22.0595
22.0734
22.0953
22.1311
22.1529
22.1529
22.1887
22.2027
22.2027
22.2106
22.2106
22.2464
22.2464
22.2822
22.2822
22.304
22.304
22.304
22.3398
22.3617
22.3975
22.3975
22.4333
22.4333
22.4333
22.4333
22.4551
22.4551
22.5049
22.5188
22.5267
22.5407
22.5486
22.5486
22.5625
22.5625
22.5765
22.5983
22.6062
22.6202
22.6202
22.656
22.6639
22.6639
22.6997
22.6997
22.7355
22.7494
22.7573
22.7573
22.7713
22.8289
22.8508
22.8508
22.8647
22.8866
22.9084
22.9084
22.9224
22.9661
22.9661
23.0158
23.0158
23.0297
23.0595
23.0734
23.0953
23.0953
23.1171
23.1171
23.1171
23.1171
23.1311
23.1311
23.1529
23.1529
23.1887
23.1887
23.2106
23.2106
23.2464
23.2682
23.2682
23.2682
23.2822
23.304
23.318
23.318
23.3756
23.4193
23.4193
23.4193
23.4551
23.4612
23.5128
23.5128
23.5486
23.5704
23.5704
23.5704
23.5704
23.6062
23.6062
23.642
23.642
23.6778
23.6778
23.7215
23.7215
23.7355
23.7573
23.8289
23.8508
23.8508
23.8508
23.8726
23.8726
23.9084
23.9224
23.9224
23.9661
23.98
24.0019
24.0237
24.0595
24.1171
24.1311
24.1529
24.1529
24.1529
24.2106
24.2106
24.2106
24.2245
24.2464
24.2822
24.3259
24.3259
24.3398
24.3398
24.3617
24.3617
24.3617
24.3617
24.3756
24.3975
24.4193
24.4333
24.4551
24.477
24.5128
24.5128
24.5486
24.5486
24.5844
24.6639
24.6639
24.6997
24.7215
24.7215
24.7215
24.7573
24.7573
24.7573
24.7792
24.7792
24.7931
24.815
24.815
24.815
24.8508
24.8726
24.8726
24.8726
24.9084
24.9303
24.9303
24.9442
24.9661
24.9661
24.98
25.0158
25.0595
25.0595
25.0813
25.0813
25.0813
25.1171
25.1171
25.1171
25.1529
25.1669
25.1748
25.1748
25.1748
25.2245
25.2324
25.2822
25.318
25.3259
25.3259
25.3398
25.3538
25.3617
25.3617
25.3617
25.3835
25.4193
25.4691
25.5128
25.5128
25.5486
25.5704
25.5704
25.6281
25.6281
25.642
25.656
25.6857
25.6857
25.7215
25.7355
25.7573
25.7792
25.7931
25.815
25.815
25.8368
25.9084
25.9084
25.9084
25.9303
25.9303
25.9661
25.98
25.9879
26.0237
26.1092
26.1171
26.1171
26.1311
26.139
26.139
26.1669
26.1669
26.1748
26.2324
26.2324
26.2464
26.2682
26.2901
26.2901
26.304
26.3259
26.3259
26.3756
26.4114
26.4193
26.4193
26.4333
26.5128
26.5128
26.5346
26.5346
26.5486
26.5704
26.5844
26.6281
26.6281
26.642
26.6639
26.6639
26.6857
26.6857
26.8368
26.8726
26.8726
26.8787
26.9084
26.9303
26.9303
26.9661
27.0019
27.0237
27.0595
27.1171
27.1529
27.1748
27.1887
27.1966
27.2682
27.3259
27.3398
27.3398
27.3756
27.4333
27.4412
27.4988
27.5128
27.5346
27.5704
27.5704
27.5923
27.6062
27.6499
27.6639
27.6857
27.6997
27.7215
27.7434
27.7434
27.7573
27.801
27.801
27.8368
27.8508
27.8726
27.8945
27.8945
27.8945
27.8945
27.9303
27.9879
27.9879
28.0019
28.0019
28.0237
28.0813
28.1032
28.1032
28.139
28.1748
28.1748
28.1887
28.1966
28.1966
28.2543
28.2682
28.2682
28.2822
28.2901
28.3259
28.3477
28.3756
28.4054
28.4054
28.4054
28.4412
28.4412
28.4551
28.477
28.477
28.477
28.4988
28.5346
28.5346
28.5346
28.5486
28.5923
28.6062
28.6857
28.7076
28.7434
28.8368
28.8508
28.8587
28.8587
28.8945
28.9303
28.9879
29.0455
29.0813
29.1171
29.2324
29.2464
29.2543
29.304
29.3119
29.3477
29.3477
29.3477
29.3477
29.3477
29.3617
29.3617
29.3975
29.4054
29.4333
29.4412
29.4412
29.4551
29.463
29.463
29.477
29.5128
29.5346
29.5565
29.5565
29.5565
29.5704
29.6141
29.6141
29.6281
29.6499
29.6857
29.7573
29.7792
29.801
29.815
29.8587
29.8945
29.8945
29.9163
29.9163
29.9521
29.9879
30.0098
30.0237
30.0455
30.0674
30.0674
30.0674
30.0674
30.0813
30.0813
30.1171
30.1748
30.2185
30.2543
30.2543
30.2901
30.304
30.3119
30.3119
30.3259
30.3259
30.3259
30.3835
30.4551
30.463
30.463
30.5128
30.5207
30.5207
30.5565
30.6639
30.6639
30.6718
30.6857
30.7076
30.7076
30.7215
30.7434
30.7652
30.7652
30.8368
30.8368
30.8587
30.9163
30.9879
31.0098
31.0098
31.0237
31.1032
31.1032
31.139
31.1529
31.1608
31.1608
31.2106
31.2324
31.2761
31.2761
31.2901
31.3119
31.3477
31.3477
31.3477
31.3696
31.4193
31.4272
31.463
31.463
31.463
31.5207
31.5565
31.5704
31.5783
31.6281
31.7294
31.7294
31.7573
31.7652
31.801
31.815
31.8229
31.8368
31.8805
31.8805
31.8805
31.9163
31.9303
31.9521
31.974
31.974
31.974
31.974
31.98
31.9879
31.9879
32.0019
32.0237
32.0237
32.0316
32.0316
32.0595
32.0674
32.125
32.139
32.2185
32.2324
32.2682
32.2761
32.2901
32.3119
32.3338
32.3696
32.3696
32.3835
32.4054
32.4054
32.4193
32.4272
32.4412
32.463
32.463
32.4849
32.4988
32.5207
32.5565
32.5565
32.5565
32.5783
32.5923
32.6141
32.6499
32.6718
32.7294
32.7294
32.7294
32.7871
32.8368
32.8508
32.8587
32.8726
32.8726
32.8805
32.9163
32.9521
33.0098
33.0316
33.0316
33.0674
33.0674
33.0674
33.0892
33.0892
33.139
33.1529
33.1748
33.1827
33.1827
33.1966
33.2403
33.2403
33.2403
33.2543
33.2761
33.2761
33.3119
33.3119
33.3696
33.3835
33.3914
33.4054
33.4849
33.4849
33.5783
33.6141
33.6141
33.636
33.636
33.636
33.6857
33.6936
33.6936
33.7652
33.7871
33.7871
33.8368
33.8805
33.9084
33.9163
33.9382
33.9382
33.9661
34.0892
34.1032
34.125
34.125
34.1469
34.1966
34.2403
34.3477
34.3696
34.3696
34.3914
34.4272
34.4272
34.4491
34.4491
34.4849
34.4849
34.4849
34.5346
34.5425
34.5425
34.5783
34.5783
34.6002
34.6141
34.6639
34.6936
34.7294
34.7294
34.7573
34.801
34.8805
34.9163
34.9163
34.9521
34.974
34.9958
35.0535
35.0535
35.0892
35.1966
35.2106
35.2185
35.2403
35.2403
35.2761
35.2761
35.3338
35.3338
35.3338
35.3914
35.4412
35.463
35.463
35.4849
35.4849
35.5565
35.5783
35.6002
35.6002
35.636
35.6499
35.6578
35.6578
35.6718
35.6936
35.7652
35.7871
35.8089
35.8089
35.8447
35.8587
35.8587
35.9024
35.9382
35.974
36.0316
36.0674
36.0892
36.1111
36.1111
36.1111
36.125
36.1469
36.1608
36.1827
36.1827
36.1827
36.2045
36.2045
36.2622
36.2761
36.3556
36.3556
36.3556
36.3696
36.3914
36.3914
36.3914
36.4133
36.4272
36.4491
36.4849
36.5067
36.5425
36.5425
36.5644
36.5644
36.6141
36.636
36.6718
36.6718
36.7076
36.7155
36.7513
36.8089
36.8587
36.8666
36.8726
36.9024
37.0674
37.0892
37.0892
37.0892
37.1111
37.1469
37.1608
37.1687
37.1687
37.1827
37.1827
37.1827
37.2045
37.2045
37.2403
37.2403
37.2622
37.2622
37.2761
37.3198
37.3338
37.3556
37.3835
37.3914
37.3914
37.4133
37.4272
37.4491
37.463
37.4709
37.4709
37.5067
37.6002
37.6002
37.6578
37.6997
37.7155
37.7731
37.8447
37.8866
37.9382
37.96
38.0098
38.0177
38.0456
38.0535
38.0535
38.0535
38.0753
38.0753
38.1111
38.1111
38.125
38.1469
38.1469
38.2045
38.3119
38.3198
38.3556
38.3696
38.3775
38.3914
38.4491
38.4709
38.4709
38.4709
38.5425
38.5425
38.5644
38.5644
38.6002
38.6002
38.622
38.622
38.6578
38.6578
38.6797
38.6797
38.6797
38.7155
38.7652
38.7731
38.7731
38.7731
38.8308
38.8308
38.8308
38.9163
38.9242
38.9521
38.9819
38.9958
39.0177
39.0177
39.0177
39.0456
39.0535
39.0892
39.1111
39.125
39.1329
39.1329
39.1608
39.1827
39.2543
39.284
39.284
39.298
39.3198
39.3556
39.3556
39.3556
39.3835
39.4054
39.463
39.463
39.5286
39.5704
39.5783
39.6002
39.622
39.6936
39.7155
39.7155
39.7294
39.7373
39.7373
39.7513
39.7731
39.7871
39.8308
39.8666
39.8884
39.96
40.0674
40.0753
40.1469
40.1469
40.1469
40.1687
40.284
40.2901
40.3417
40.4272
40.4351
40.4351
40.4491
40.463
40.4709
40.5286
40.5644
40.622
40.622
40.6439
40.6578
40.7155
40.7294
40.7373
40.7373
40.7513
40.7513
40.7731
40.7731
40.795
40.795
40.8666
40.8666
40.8666
40.9024
40.9024
40.9242
40.9461
40.9461
40.96
40.9819
41.0098
41.0177
41.0395
41.0892
41.0892
41.0971
41.0971
41.0971
41.1469
41.1469
41.1687
41.1906
41.1906
41.1966
41.2264
41.2403
41.2482
41.2622
41.3417
41.3417
41.3417
41.3775
41.3835
41.4133
41.4351
41.4709
41.4928
41.4928
41.5504
41.5504
41.5644
41.5783
41.622
41.6439
41.6439
41.6797
41.6936
41.7373
41.7513
41.795
41.795
41.8308
41.8308
41.8526
41.8526
41.8666
41.8666
41.9242
41.9461
41.9958
42.0037
42.0395
42.0753
42.1548
42.1687
42.1687
42.1906
42.2264
42.2482
42.2482
42.2622
42.284
42.3338
42.3556
42.3835
42.3993
42.4351
42.457
42.4709
42.4709
42.4928
42.5504
42.5504
42.6439
42.7513
42.7592
42.7592
42.7731
42.7871
42.795
42.8308
42.8308
42.9103
42.9242
42.9819
43.0037
43.0395
43.0535
43.0614
43.0971
43.1906
43.2264
43.2264
43.3059
43.3417
43.3635
43.3635
43.4928
43.5644
43.6002
43.6081
43.6081
43.6081
43.622
43.6797
43.6797
43.7373
43.7592
43.7871
43.795
43.8168
43.8666
43.8884
43.8884
43.8884
43.9461
43.9461
43.9679
44.0037
44.0177
44.0614
44.119
44.119
44.1329
44.1548
44.2045
44.2124
44.2403
44.2701
44.2701
44.3417
44.3635
44.3635
44.5286
44.5723
44.5723
44.6081
44.6439
44.6578
44.6657
44.6936
44.7015
44.7015
44.7076
44.7234
44.795
44.8745
44.8745
44.8805
44.8884
44.9103
44.9461
45.0037
45.0037
45.0614
45.0614
45.0971
45.0971
45.1687
45.2264
45.2482
45.284
45.3198
45.3277
45.3635
45.3993
45.3993
45.4212
45.4709
45.5286
45.6657
45.6657
45.6797
45.7234
45.7234
45.7234
45.7373
45.7373
45.7592
45.795
45.8884
45.9461
45.9679
45.9679
45.9679
45.9679
45.9819
46.0256
46.0614
46.0753
46.1766
46.2264
46.2343
46.2482
46.2701
46.3198
46.3993
46.4212
46.457
46.5146
46.5365
46.5504
46.5723
46.6081
46.6439
46.6797
46.6876
46.6876
46.7234
46.7731
46.795
46.8168
46.8526
46.8745
46.9321
46.9461
46.9679
46.9679
47.0037
47.0037
47.0177
47.0832
47.0832
47.0832
47.0971
47.0971
47.1548
47.2124
47.2701
47.2701
47.3059
47.3277
47.3277
47.3338
47.3417
47.3635
47.3854
47.443
47.5146
47.5146
47.5723
47.5862
47.5941
47.6299
47.6299
47.6439
47.6439
47.6657
47.7373
47.7452
47.795
47.8387
47.8387
47.8447
47.8884
47.8963
47.8963
47.9321
47.9321
47.9679
47.9819
48.0256
48.0832
48.1408
48.1906
48.1985
48.2919
48.2919
48.2919
48.2919
48.2919
48.3417
48.4351
48.443
48.457
48.5286
48.5723
48.5941
48.5941
48.636
48.6876
48.7234
48.7452
48.781
48.8168
48.8963
48.8963
48.8963
48.8963
48.8963
48.8963
48.9461
49.0256
49.0614
49.105
49.105
49.1408
49.1687
49.1985
49.2561
49.2561
49.2561
49.2701
49.3059
49.3059
49.3496
49.3496
49.3854
49.4788
49.5007
49.5365
49.5365
49.6299
49.6299
49.6578
49.6657
49.6876
49.7015
49.7094
49.7094
49.7094
49.7234
49.7592
49.781
49.8029
49.8029
49.8168
49.8605
49.9461
49.974
50.0116
50.0116
50.0474
50.0474
50.0832
50.119
50.1627
50.1906
50.2343
50.2919
50.3496
50.3635
50.3993
50.4072
50.4212
50.443
50.4649
50.5365
50.5583
50.6518
50.7452
50.7671
50.8029
50.9321
51.0693
51.105
51.1627
51.1985
51.2561
51.2561
51.2701
51.2919
51.2919
51.3138
51.3277
51.3714
51.3714
51.3775
51.3993
51.4212
51.443
51.443
51.4649
51.4928
51.4928
51.5007
51.5007
51.5583
51.6081
51.6518
51.6736
51.6736
51.7094
51.7452
51.7671
51.7671
51.7671
51.7671
51.8029
51.8247
51.8605
51.8745
51.9321
51.954
51.9758
52.0116
52.0116
52.1269
52.1408
52.1985
52.2203
52.2343
52.2561
52.3059
52.3138
52.3138
52.3714
52.3714
52.4072
52.4351
52.4788
52.5941
52.6081
52.616
52.6657
52.6736
52.7094
52.7094
52.7094
52.7452
52.7592
52.7671
52.8247
52.8387
52.8526
52.8605
52.9182
53.0693
53.0693
53.0832
53.1111
53.1269
53.1845
53.1985
53.2124
53.2343
53.3496
53.4072
53.4212
53.5583
53.5723
53.5802
53.5941
53.6081
53.616
53.6378
53.6518
53.6876
53.7889
53.8526
53.9103
53.9182
53.96
54.0335
54.2422
54.2561
54.2701
54.2919
54.3059
54.3356
54.3356
54.3356
54.3635
54.3714
54.457
54.4788
54.4867
54.4867
54.5225
54.5444
54.5444
54.5802
54.6299
54.6378
54.7094
54.781
54.7889
54.8247
54.8387
54.8466
54.8605
54.94
54.94
54.954
54.954
54.9898
55.0911
55.1627
55.1845
55.1985
55.2561
55.2701
55.278
55.2919
55.3277
55.3496
55.4509
55.4509
55.4867
55.616
55.6518
55.6955
55.7671
55.7671
55.7889
55.8029
55.8247
55.8247
55.8824
55.9042
55.9042
55.9977
56.0116
56.0335
56.1845
56.2998
56.3138
56.3714
56.3854
56.3933
56.4291
56.443
56.4509
56.4509
56.4867
56.5802
56.602
56.7313
56.7531
56.7671
56.7671
56.7671
56.8108
56.8247
56.8466
56.8824
56.9042
56.9321
56.9977
56.9977
57.0474
57.0693
57.0693
57.0911
57.1269
57.1487
57.1845
57.2064
57.2561
57.278
57.2998
57.3417
57.3575
57.5662
57.5662
57.5941
57.602
57.602
57.7173
57.7173
57.7173
57.7313
57.7531
57.8108
57.8108
57.8466
57.8466
57.8684
57.9042
57.9182
57.9182
57.94
57.9898
58.0335
58.105
58.1269
58.1845
58.2203
58.2998
58.3356
58.3356
58.4291
58.443
58.5225
58.5662
58.6299
58.6378
58.8029
58.8684
58.8963
58.9042
58.9619
58.9977
59.0553
59.0772
59.1269
59.1706
59.1706
59.2282
59.3575
59.3793
59.3793
59.3854
59.4728
59.5007
59.5444
59.5662
59.602
59.6815
59.7531
59.8108
59.8466
59.9837
60.0195
60.0195
60.0195
60.0335
60.1706
60.3575
60.3793
60.3793
60.4151
60.4151
60.4649
60.4728
60.4728
60.4728
60.5086
60.6518
60.6597
60.6815
60.7173
60.7392
60.7531
60.8326
60.8466
60.8824
60.8903
60.9261
60.9619
61.0474
61.0772
61.1129
61.1924
61.2422
61.2859
61.2998
61.3435
61.3496
61.3793
61.437
61.4509
61.5662
61.5881
61.7392
61.7392
61.775
61.7968
61.7968
61.8326
61.8903
61.8903
61.9042
61.9261
61.9261
61.9261
61.9758
61.9837
62.099
62.099
62.1129
62.1706
62.2282
62.2501
62.2501
62.278
62.3138
62.3217
62.3435
62.3435
62.3933
62.437
62.437
62.5881
62.5881
62.5881
62.7173
62.7173
62.7392
62.8605
62.8684
62.8684
62.8903
62.8903
63.099
63.1487
63.1487
63.1566
63.1566
63.1924
63.3435
63.3435
63.3575
63.437
63.4946
63.5304
63.5444
63.6457
63.7392
63.8684
63.9121
63.9121
63.9479
64.0056
64.0414
64.0414
64.0553
64.099
64.099
64.1566
64.1706
64.2282
64.2859
64.3217
64.3654
64.4588
64.4588
64.5165
64.5165
64.6457
64.6676
64.7968
64.8545
64.9182
64.9479
65.0632
65.2143
65.264
65.6099
65.7173
65.7968
65.8545
65.8903
66.0632
66.1208
66.1924
66.2501
66.264
66.2719
66.3654
66.437
66.4588
66.6099
66.6318
66.6815
66.7829
66.7968
66.9698
67.0056
67.0195
67.0274
67.0274
67.0632
67.0851
67.1566
67.1566
67.1566
67.2361
67.4012
67.4807
67.5383
67.6099
67.6239
67.6318
67.6815
67.6815
67.7252
67.7252
67.8405
67.9121
67.934
67.9698
67.9698
68.0274
68.0851
68.099
68.099
68.1427
68.2361
68.2361
68.3872
68.437
68.596
68.7252
68.7252
68.7392
68.7471
68.7471
68.8405
68.8405
68.8405
68.8605
68.934
68.9698
68.9916
69.0851
69.2003
69.264
69.3514
69.4449
69.5025
69.5881
69.6099
69.6536
69.6536
69.7452
69.7471
69.8187
69.8187
69.8684
69.8763
69.934
69.934
70.0274
70.0493
70.1069
70.1208
70.2003
70.258
70.2938
70.3793
70.4091
70.4449
70.4807
70.4946
70.5741
70.6457
70.7113
70.7829
70.8624
70.9558
70.9558
71.0135
71.0135
71.0493
71.0851
71.1208
71.1208
71.264
71.2938
71.4151
71.4588
71.4807
71.5025
71.6536
71.6894
71.7113
71.7252
71.7689
71.8405
71.8545
71.8624
72.0711
72.1427
72.2222
72.258
72.5383
72.5383
72.596
72.6755
72.8047
72.8982
73.2143
73.2222
73.2361
73.3156
73.4667
73.5025
73.5025
73.6178
73.6536
73.7331
73.8266
73.8842
73.9916
74.0711
74.0711
74.2222
74.264
74.3514
74.5244
74.582
74.6397
74.6397
74.6755
74.8047
74.8266
74.8405
74.8624
75.0493
75.1646
75.2003
75.244
75.3375
75.3733
75.4667
75.4886
75.582
75.582
75.6178
75.7113
75.8047
75.9995
75.9995
76.0353
76.0493
76.0929
76.1069
76.1069
76.3017
76.3296
76.4528
76.4886
76.5602
76.582
76.6178
76.6178
76.6973
76.7113
76.755
76.9061
76.9419
76.9837
77.0353
77.1864
77.1864
77.2003
77.2082
77.258
77.3017
77.3951
77.4528
77.4667
77.6039
77.6318
77.6615
77.7331
77.7689
77.8484
77.8982
77.9061
77.9419
78.0572
78.0632
78.1148
78.1506
78.1646
78.3156
78.4091
78.4091
78.5104
78.5681
78.5681
78.596
78.7192
78.7192
78.7908
78.8982
79.0353
79.0572
79.1148
79.1724
79.2659
79.417
79.4528
79.5104
79.582
79.6755
79.9061
79.9061
79.9279
79.9637
80.0493
80.244
80.244
80.2659
80.3593
80.3593
80.8484
80.8703
80.9995
81.0711
81.0929
81.1288
81.1367
81.2877
81.2877
81.4886
81.5602
81.7768
81.8126
81.8921
81.8982
81.9061
81.9637
82.1367
82.2082
82.2301
82.2659
82.2659
82.3454
82.4388
82.4965
82.6834
82.8484
83.0432
83.079
83.1943
83.1943
83.2877
83.3454
83.3593
83.403
83.4746
83.6476
83.7052
83.7192
83.8703
83.8921
83.9498
84.0074
84.0929
84.2659
84.2877
84.3235
84.4607
84.741
84.741
84.7987
84.8266
84.8563
85.0353
85.0651
85.3672
85.6257
85.6694
85.6694
85.6834
85.8921
85.9419
85.9637
85.9777
86.0711
86.2738
86.3672
86.7052
86.8563
86.9498
87.0074
87.1227
87.2738
87.3096
87.3096
87.3314
87.3314
87.5244
87.576
87.6118
88.0214
88.1724
88.3314
88.3672
88.4249
88.6615
88.7052
88.8205
88.8424
88.914
88.914
89.0651
89.0869
89.1009
89.1446
89.1585
89.238
89.5183
89.5978
89.6336
89.6694
89.755
89.8424
90.0869
90.0869
90.1227
90.2519
90.3096
90.3375
90.3891
90.4825
90.7271
90.7489
90.8205
90.914
90.9935
91.0869
91.1227
91.1446
91.1446
91.1585
91.1585
91.1804
91.2161
91.5402
91.5978
91.7131
91.7271
91.7847
91.8424
91.9577
92.5044
92.5899
92.7489
92.7629
92.7708
92.7768
92.8782
92.9935
93.2082
93.224
93.5262
93.5402
93.562
93.5978
93.6694
93.6773
93.8424
93.914
94.1446
94.2161
94.224
94.2817
94.2956
94.3751
94.3891
94.4328
94.8066
94.8642
94.8861
95.0153
95.0372
95.0372
95.1724
95.238
95.3096
95.5839
95.6197
95.6773
95.8284
95.8424
96.2459
96.5481
96.6336
96.7847
96.8205
96.9795
97.0948
97.1882
97.2598
97.2817
97.3035
97.3751
97.6415
97.7708
97.9795
98.1088
98.2459
98.3612
98.3751
98.397
98.4109
98.4904
98.7926
98.8284
98.9935
99.059
99.059
99.0948
99.3612
99.4746
99.5262
99.6057
99.6057
99.6634
99.7568
99.8721
99.9795
100.0232
100.2101
100.4546
100.4904
100.735
100.7926
100.9298
100.9716
101.0372
101.3254
101.3314
101.5341
101.6197
101.721
101.8363
101.9079
101.9437
102.1167
102.3612
102.3612
102.4765
102.6992
102.9
102.9298
103.2459
103.3612
103.4188
103.5699
104.1027
104.1385
104.1525
104.1743
104.9656
105.2538
105.2677
105.383
105.4049
105.4625
105.7071
105.894
105.9516
106.0809
106.0809
106.1385
106.1604
106.2538
106.5202
106.8582
106.894
106.9158
107.2757
107.8005
108.0093
108.0311
108.218
108.4049
108.4267
108.7787
108.8503
108.9735
109.0014
109.4049
109.5202
109.9516
110.0888
110.2319
110.6355
110.9377
111.204
111.204
111.204
111.204
111.3691
111.5918
111.6573
112.4486
112.4904
112.542
112.6136
112.7926
113.3551
113.7568
113.8442
114.0172
114.4983
114.542
114.9377
114.9735
115.1106
115.2617
115.377
115.4704
116.0172
116.0311
116.1683
116.6792
116.8879
117.0172
117.2259
117.2835
117.3333
117.3472
117.5857
117.6355
117.715
117.8582
119.2835
119.6792
119.7726
119.8084
120.0609
121.1185
121.4207
122.3988
122.8382
122.9316
123.4207
123.5141
123.9814
124.039
124.1762
124.4565
124.8382
125.0469
125.6792
125.7089
125.7447
125.7587
125.86
125.9893
126.3272
126.7666
126.9177
127.5936
128.2198
128.5578
128.5797
128.8819
129.1622
129.198
129.3849
129.522
130.198
130.5639
131.1264
131.2556
131.9037
132.0827
132.357
133.0688
133.1483
133.2059
133.4783
133.5081
133.7168
134.0548
134.7089
134.8679
134.9316
135.3351
135.8679
136.019
136.0767
136.5299
136.5657
137.4644
137.5876
137.9474
138.0985
138.2496
138.9753
139.7029
139.7605
140.1562
140.1701
141.9693
142.5518
142.8024
142.854
143.1204
144.4365
144.7466
146.6889
147.6313
148.013
148.0985
149.1204
149.351
149.9335
151.3946
151.9911
152.8479
152.9772
152.999
154.6392
154.6968
155.675
155.9274
156.013
156.7763
157.1362
158.0567
158.6471
158.7405
160.158
160.7405
161.3091
162.6689
163.0646
163.158
163.2733
164.4244
165.2375
167.337
172.2375
172.641
173.8498
174.1083
175.1162
178.1738
181.1599
182.973
186.7503
187.8577
188.3546
190.8298
194.2036
194.6071
197.297
205.953
207.8377
214.4718
236.6108
