5.8926
6.4969
6.648
6.7991
6.9502
7.2882
7.5546
7.7057
7.7057
8.1589
8.4611
8.4611
8.6122
9.7633
9.9144
10.7275
10.821
11.3319
11.3319
11.3319
11.6341
11.7851
13.2384
13.4472
13.5406
13.9004
13.9939
14.0515
14.0873
14.9581
15.9939
16.0157
16.6201
16.7135
16.7712
16.7712
17.0734
17.2244
17.5266
18.131
18.2821
18.2821
19.1886
19.2821
19.3397
19.3397
19.4908
19.9441
20.4908
20.9223
21.0017
21.7572
22.8148
23.0952
23.7214
24.1747
24.9301
26.441
26.8943
27.0236
27.1965
27.3476
27.3476
27.8009
28.103
28.103
28.4052
28.5563
28.5921
29.1607
29.7432
30.2105
30.614
31.103
31.2183
31.8803
31.8803
31.9738
32.3336
33.0891
33.0891
33.5423
34.1467
34.4489
34.4489
34.9022
34.9022
34.9956
34.9956
35.1825
35.2043
35.3913
35.5065
35.5065
35.7869
35.8445
35.9598
36.1467
36.6576
36.7153
36.8664
36.8664
36.9598
37.0174
37.1109
37.1467
37.2043
37.3196
37.4707
37.6218
37.7729
37.924
38.0174
38.2043
38.3773
38.7729
38.8305
39.0751
39.1327
39.2838
39.8882
40.0393
40.1904
40.4707
40.7947
41.3991
41.3991
41.7013
41.8524
41.9458
42.0035
42.1546
43.1327
43.2122
43.3633
43.3633
43.6655
43.8166
44.2698
44.6078
44.8166
44.9677
45.0253
45.0611
45.1764
45.2122
45.4209
45.6297
45.9319
46.234
46.5362
46.6297
46.8384
47.0829
47.3057
47.5362
47.5939
48.3493
48.6515
48.896
49.1982
49.1982
49.2559
49.5581
50.0829
50.1048
50.5004
50.7668
50.8026
51.1624
51.2917
51.3712
51.3712
51.4646
52.1266
52.6733
52.731
52.7668
52.8244
53.0332
53.1266
53.8821
54.0908
54.2419
54.2419
54.9755
55.2995
55.9039
55.9974
56.1266
56.2061
56.407
56.6375
57.055
57.1126
57.4148
57.8681
58.0192
58.3214
58.3214
58.6236
59.2995
59.5301
59.5659
59.6812
59.9834
60.0908
60.1345
60.1703
61.041
61.055
61.1921
61.1921
61.3432
61.3712
61.4366
61.4725
61.4943
61.6454
61.6812
62.0987
62.1921
62.2279
62.2497
62.2856
62.4008
62.4366
62.703
63.1563
63.7965
63.9118
63.9118
64.2139
64.2497
64.365
64.5161
64.6672
64.8183
64.9118
64.9694
65.0629
65.1205
65.1205
65.1563
65.2716
65.3074
65.4227
65.5877
66.0052
66.041
66.1781
66.4803
66.6672
66.8541
66.9694
67.0847
67.0847
67.0847
67.2358
67.2358
67.3292
67.8401
67.9912
68.2358
68.3869
68.7467
68.7467
69.0489
69.0489
69.0489
69.0847
69.3292
69.6532
69.6532
69.8978
70.5598
71.0131
71.3074
71.4663
71.4943
71.6174
71.862
72.1642
72.2218
72.2576
72.6174
72.6174
72.7685
72.7685
72.8262
73.8838
73.8838
73.9773
74.1065
74.1283
74.186
74.5816
74.7685
74.7904
74.9414
74.9414
75.524
75.9991
75.9991
76.3947
76.4524
76.4882
76.6035
76.6035
76.7327
76.9056
76.9991
77.3589
77.8122
77.8838
78.2655
78.2655
78.3589
78.4524
78.5676
78.7187
78.8698
79.0925
79.172
79.6253
79.6253
79.9275
80.0786
80.2297
80.3231
80.51
81.2873
81.2873
81.3807
81.5895
81.5895
81.834
82.496
82.6471
82.7982
83.0428
83.1004
83.1938
83.2515
83.496
83.5537
83.6829
83.7048
84.1004
84.158
84.158
84.3091
84.4602
84.6113
84.6113
84.6471
84.7406
84.8559
85.0646
85.0646
85.172
85.2157
85.2515
85.3668
85.3668
85.3668
85.3807
85.4026
85.4026
85.5895
85.669
85.669
85.7624
85.82
85.82
85.9711
86.2157
86.8777
86.8777
86.8777
87.0288
87.1799
87.1799
87.4244
87.7624
88.0069
88.0864
88.0864
88.2733
88.5397
88.6908
88.7266
88.7624
88.7982
88.8419
89.1441
89.2952
89.2952
89.2952
89.5973
89.7484
89.7484
89.993
89.993
90.0864
90.2017
90.655
90.8995
91.0864
91.5039
91.5615
91.8637
92.0506
92.0506
92.1659
92.2375
92.317
92.4681
92.5397
92.655
92.8061
93.1441
93.2375
93.4462
93.5257
93.8637
93.9572
93.993
94.1301
94.2812
94.4323
94.4323
94.5039
94.5834
94.5834
94.7345
94.7345
94.8279
94.8855
95.0366
95.0366
95.6768
95.7345
95.7921
95.9432
95.979
95.979
96.0366
96.0943
96.2235
96.5475
96.6986
96.7345
96.8497
96.8855
96.9213
97.1519
97.6986
97.8497
97.9074
97.9074
97.9432
98.0585
98.0585
98.0585
98.1519
98.2096
98.8497
98.9074
98.965
99.0366
99.1877
99.2454
99.303
99.317
99.9074
100.0943
100.3248
100.3606
100.4759
100.7781
100.8139
100.9213
100.9292
101.0803
101.2314
101.7781
102.3248
102.5694
102.6847
102.7781
102.9074
103.289
103.3746
103.4401
103.4978
103.7999
104.0227
104.0445
104.3467
104.3467
104.5554
104.7999
104.8576
104.8576
105.0087
105.4043
105.462
105.462
105.9152
105.951
106.3109
106.7423
106.8934
107.124
107.3109
107.4759
107.5196
107.6707
107.8794
107.8794
107.9729
108.9729
109.0087
109.0305
109.0663
109.4838
109.5772
109.786
109.8436
109.9371
109.9371
109.9729
109.9947
110.4261
110.448
110.4838
110.4838
111.2969
111.2969
111.4261
111.5056
111.6567
111.6567
111.8436
112.0523
112.11
112.4122
112.448
112.6567
112.8654
113.11
113.2611
113.2751
113.3187
113.3187
113.7144
113.772
114.0742
114.0742
114.2253
114.3327
114.3764
114.6785
114.6785
114.8296
114.9807
115.1318
115.2253
115.2611
115.4122
115.6209
115.6785
115.7362
116.0165
116.0384
116.0742
116.0882
116.2829
116.2969
116.3406
116.434
116.5851
116.6427
117.096
117.1895
117.2829
117.3187
117.3764
117.4916
117.5493
117.6427
118.0384
118.0742
118.2253
118.2471
118.2471
118.2471
118.3406
118.5275
118.5275
118.7362
119.2471
119.2829
119.3624
119.5493
119.7004
120.2253
120.3624
120.434
120.5493
120.6069
120.7222
120.758
120.8733
120.8873
121.1178
121.1755
121.1755
121.1755
121.5135
121.6288
121.6288
121.6646
121.8733
121.9309
121.9668
122.0244
122.1755
122.2331
122.4916
122.5135
122.6864
122.7362
122.9309
123.1397
123.4419
123.5929
123.6288
123.8951
124.0462
124.3624
124.3982
124.3982
124.4419
124.4777
125.7082
125.7082
125.8593
125.9528
126.1397
126.3126
126.7659
127.0681
127.1397
127.3126
127.4419
127.4637
127.5213
127.8017
127.8017
127.917
128.0104
128.1257
128.3126
128.9528
129.0322
129.1615
129.2768
129.3702
129.6366
129.6366
129.7301
130.0681
130.3126
130.4279
130.5432
130.8811
131.4497
131.4855
131.9388
131.9388
131.9528
132.0899
132.1475
132.8095
132.903
132.9388
133.5074
133.7161
133.7161
133.7519
133.7519
133.8672
133.903
133.9606
134.0541
134.0681
134.3204
134.5074
134.6226
134.6584
135.0183
135.0759
135.2628
135.5074
135.9248
136.4715
136.5074
136.5292
136.6226
137.1336
137.2986
137.3781
137.4715
137.9606
138.0977
138.1336
138.227
138.3999
138.551
138.551
138.889
139.0043
139.227
139.3065
139.4576
139.4934
139.7598
139.8532
139.9467
139.9825
140.0619
140.0759
140.213
140.2488
140.5152
140.6445
140.7379
140.7737
140.8174
140.8532
141.1912
141.213
141.227
141.3065
141.4218
141.4715
141.5292
141.7598
141.7598
142.1772
142.213
142.213
142.551
142.7021
142.7239
142.7239
142.9685
143.0838
143.1196
143.3283
143.4794
143.5728
143.889
144.0619
144.1414
144.1414
144.386
144.5868
144.5947
144.7816
144.9903
145.0261
145.0619
145.1414
145.1772
145.6523
145.7458
145.7816
145.8034
145.9327
145.9545
145.9685
145.9903
145.9903
146.1196
146.2349
146.2707
146.4078
146.4436
146.5589
146.71
147.0121
147.0261
147.1056
147.3143
147.5589
147.6165
147.6165
147.6881
148.0698
148.1414
148.1414
148.2209
148.5231
148.5947
148.6742
148.8253
148.9763
149.0698
149.2785
149.2785
149.2925
149.4078
149.6305
149.7318
149.9763
150.034
150.1274
150.1851
150.2209
150.3501
150.372
150.4296
150.8253
151.0121
151.4873
151.6384
151.6742
152.0698
152.1274
152.1274
152.1493
152.6384
152.6742
152.9047
152.9903
153.0916
153.2069
153.5449
153.5449
153.6384
153.696
153.71
153.8829
154.3938
154.4514
154.4514
154.6025
154.6742
154.8253
154.9405
155.0916
155.1711
155.2645
156.0777
156.2645
156.2645
156.3938
156.5309
156.5309
156.6244
156.682
156.7755
157.0777
157.2864
157.3004
157.3798
157.4375
157.4733
157.6025
157.682
158.0418
158.1929
158.2864
158.4733
158.4951
158.7755
158.7973
159.0777
159.0995
159.1493
159.1711
159.2506
159.2506
159.4951
159.5527
159.682
159.682
159.9484
160.006
160.2287
160.4375
160.4593
160.7973
160.8907
161.0637
161.3659
161.8191
161.9484
162.2148
162.2506
162.3082
162.3659
162.4235
162.668
162.7038
163.1213
163.4017
163.7833
163.7833
164.0637
164.1571
164.4811
164.5388
164.7973
164.9842
165.0855
165.5964
165.6899
165.7475
165.8191
165.8986
166.179
166.2008
166.6899
166.8986
166.8986
166.9921
167.1571
167.2366
167.3659
167.503
167.5964
168.2942
168.4672
168.4672
168.503
168.5606
168.5746
168.6183
168.9921
169.0139
169.6759
169.8986
169.9204
170.2226
170.2803
170.3161
170.5824
170.7335
170.9562
171.0357
171.0357
171.0357
171.2226
172.0715
172.3737
172.4314
172.5824
172.7335
172.7693
172.7912
172.9423
173.1292
173.3955
173.6977
173.9999
174.165
174.5606
174.6977
174.7693
174.827
175.1152
175.2663
175.4174
175.489
175.8488
176.0217
176.151
176.3239
176.3239
176.3597
176.5248
176.6261
176.6619
176.7912
177.0217
177.0217
177.0217
177.2444
177.3239
177.3597
177.6837
178.2881
178.4392
178.475
178.5327
178.5903
178.7772
179.6479
179.6759
180.2086
180.2305
180.2523
180.2663
180.2881
180.7056
180.8348
180.9999
181.0078
181.1589
181.7414
181.7772
182.0654
182.0654
182.6698
182.9501
183.0654
183.4252
183.5187
183.5763
183.6698
184.0296
184.2523
184.3318
184.5763
184.6121
184.7632
184.799
184.9361
186.1449
186.3318
186.5405
186.5982
186.5982
186.6121
187.0514
187.6558
187.958
188.0872
188.4829
188.7134
189.296
189.3178
189.3178
189.5763
189.7134
190.0156
190.0733
190.5982
190.6776
190.7711
190.8287
190.9222
190.9222
190.9798
191.1091
191.1667
191.2025
191.2025
191.5623
191.5842
191.8287
192.3754
192.4331
192.5265
192.6418
193.282
193.3396
193.785
193.9798
194.1527
194.2305
194.3178
194.4331
194.4907
194.5842
194.606
194.6995
195.0593
195.5484
195.8506
195.9658
196.2462
196.4191
196.5702
196.8506
196.9082
197.0593
197.3257
197.3615
197.5702
197.5702
197.6637
198.1091
198.5344
198.5702
198.7929
198.8147
199.2322
199.3257
199.4549
199.4768
199.8942
200.0235
201.0811
201.4191
201.4986
201.9519
202.1606
202.4051
202.5126
202.6497
202.7073
203.2182
203.4409
203.4628
203.4768
203.4768
203.916
204.1169
204.7431
205.0095
205.1248
205.6357
205.6497
206.0095
206.2182
206.2182
206.3117
206.6715
207.2977
207.2977
207.3475
207.8444
207.8584
207.8802
208.1466
208.6497
208.8086
209.254
209.5641
210.0174
210.2043
210.2322
210.3195
210.8086
210.916
211.6794
211.8305
211.9597
212.2043
212.2261
213.2759
213.7946
214.1903
214.2261
214.2479
214.2479
214.8881
215.1545
216.2121
216.399
216.7012
216.8165
217.2698
217.3414
217.3632
217.6436
217.723
217.737
218.9239
219.4785
219.5143
219.9894
220.0829
220.896
221.0252
221.5361
221.8025
221.896
222.2558
222.6514
223.3134
223.4069
224.1623
225.1623
225.5222
225.5938
225.6514
226.0331
226.3134
226.9396
227.8462
229.3195
229.4505
229.9973
230.1125
230.6593
230.8104
230.9615
230.9973
231.2636
232.4147
233.2994
234.6811
234.9038
235.1344
235.4505
235.6453
237.1344
238.0051
238.53
239.2278
239.5737
239.5737
239.5876
239.7248
240.178
240.192
240.9911
241.0269
241.2357
241.4444
241.5955
241.9117
242.1562
242.5955
242.7248
243.2139
243.516
243.84
244.1064
244.5955
245.9195
245.9772
246.3728
246.8837
247.4881
247.84
248.0706
249.0348
249.3946
249.5815
249.6968
249.8479
252.6034
252.9414
252.9772
253.0925
253.1143
254.4383
254.9274
255.647
255.7981
256.5536
256.7047
258.9134
259.8558
260.9492
261.3885
262.144
262.4462
262.5396
263.0069
263.0287
263.2374
263.2872
264.1082
264.7841
265.468
265.7047
266.1221
266.9789
267.2592
267.3745
268.7125
269.6985
270.454
271.6191
272.3964
272.4182
273.3247
273.778
273.9073
274.3824
275.2313
276.7204
276.7422
277.9431
278.8715
279.5335
282.4261
283.8435
284.8217
290.2173
291.0164
291.923
293.7003
294.0959
294.5134
295.0025
295.6645
296.5134
296.923
296.9885
298.1597
299.2112
301.8234
302.8234
305.5431
305.557
305.7518
306.2549
306.5431
307.5431
309.4994
309.9029
310.5867
312.7597
315.4217
316.0977
316.364
323.1631
325.1273
325.8391
326.1055
327.5667
328.0557
331.3579
331.9841
335.9701
336.6461
339.171
343.481
345.64
347.8269
350.4173
351.6837
353.2662
353.3596
354.612
358.7116
361.9937
362.2601
367.109
367.6059
367.8644
368.2461
370.4548
372.757
376.8147
376.9081
379.2758
392.1186
393.5718
394.9456
396.6295
398.9753
399.371
400.0173
407.1343
411.1701
429.4382
440.0504
470.9011
481.3203
