3.0
3.0
3.0
3.0
3.0
3.0
3.0
3.0
3.0
3.0
3.0
3.0
3.0
3.0
3.0
3.0
3.0
3.0
3.0
3.0
3.0
3.0
3.0
3.0
3.0
3.0
3.0
3.0
3.0
3.0
3.0
3.0
3.0
3.0
3.0
3.0
3.0
3.0
3.0
3.0
3.0
3.0
3.0
3.0
3.0
3.0
3.0
3.0
3.0
3.0
3.0
3.0
3.0
3.0
3.0
3.0
3.0
3.0
3.0
3.0
3.0
3.0
3.0
3.0
3.0
3.0
3.0
3.0
3.0
3.0
3.0
3.0
3.0
3.0
3.0
3.0
3.0
3.0
3.0
3.0
3.0
3.0
3.0
3.0
3.0
3.0
3.0
3.0
3.0
3.0
3.0
3.0
3.0
4.0
4.0
4.0
4.0
4.0
4.0
4.0
4.0
4.0
4.0
4.0
4.0
4.0
4.0
4.0
4.0
4.0
4.0
4.0
4.0
4.0
4.0
4.0
4.0
4.0
4.0
4.0
4.0
4.0
4.0
4.0
4.0
4.0
4.0
4.0
4.0
4.0
4.0
4.0
4.0
4.3375
4.3752
4.9787
5.0
5.0
5.0
5.0
5.0
5.0
5.0
5.0
5.0
5.0
5.0
5.0
5.0
5.0
5.0
5.0
5.0
5.4313
5.4506
5.4506
5.5444
5.6199
5.6392
5.7146
5.7524
5.7524
5.8278
5.9032
5.9032
5.9787
6.0
6.0
6.0
6.0
6.0
6.0
6.0
6.0
6.0
6.0164
6.0541
6.0541
6.1856
6.1856
6.2998
6.3181
6.3375
6.4313
6.4313
6.5261
6.5444
6.5638
6.6015
6.6015
6.6576
6.7137
6.7146
6.7514
6.7524
6.7707
6.7707
6.8268
6.9409
6.9787
7.0
7.0
7.0
7.0
7.0
7.0
7.0
7.0
7.0
7.0
7.0
7.0
7.0
7.0
7.0
7.0531
7.0541
7.2417
7.2427
7.2427
7.2427
7.2794
7.2804
7.3752
7.4303
7.4883
7.5057
7.5251
7.6382
7.6576
7.6953
7.733
7.7697
7.8655
7.997
8.0
8.0
8.0
8.0
8.0
8.0
8.0154
8.0338
8.0908
8.1856
8.3181
8.3355
8.5618
8.6769
8.7127
8.7514
8.9013
8.996
9.0
9.0
9.0
9.0
9.0
9.0
9.0
9.0144
9.0715
9.2601
9.2611
9.3171
9.3375
9.5995
9.5995
9.6382
9.7707
9.94
9.9409
9.9573
9.9593
9.996
10.0
10.0
10.0
10.0
10.0
10.0
10.0
10.0
10.0
10.0338
10.1102
10.1276
10.1836
10.2427
10.2601
10.2988
10.3558
10.3926
10.4119
10.5231
10.6566
10.6566
10.7137
10.8075
10.8084
10.8248
10.939
11.0
11.0
11.0
11.0
11.0
11.0
11.0
11.0
11.0521
11.0725
11.0725
11.0918
11.1092
11.1102
11.1276
11.1295
11.2774
11.4854
11.5802
11.5802
11.6179
11.6566
11.732
11.7901
11.9196
12.0
12.0
12.0715
12.1449
12.2591
12.2591
12.2784
12.3539
12.5261
12.5618
12.5792
12.7484
12.9563
12.9573
13.0
13.0
13.0
13.0
13.0
13.0511
13.1826
13.2387
13.3142
13.3152
13.3152
13.3548
13.3712
13.466
13.5057
13.5405
13.5782
13.674
13.8422
13.9747
14.0
14.0
14.0124
14.1072
14.1817
14.2387
14.3161
14.5027
14.5405
14.5965
14.6199
14.673
14.7678
14.7861
14.8422
14.9767
15.0
15.0695
15.0695
15.1256
15.1256
15.1295
15.2755
15.2764
15.2948
15.3142
15.3548
15.4129
15.4457
15.6353
15.6353
15.7668
15.8412
15.939
16.0
16.0685
16.1052
16.1807
16.2184
16.2958
16.3702
16.4834
16.5057
16.5578
16.6333
16.6526
16.6526
16.671
16.7861
16.8065
16.9563
17.0
17.0
17.0541
17.1807
17.201
17.2194
17.3529
17.3876
17.4283
17.6516
17.6759
17.6943
17.7281
17.8452
17.9534
17.9911
18.0
18.1236
18.1236
18.3142
18.8209
18.8586
18.8779
18.934
18.9544
18.9787
19.0298
19.0318
19.0695
19.0888
19.143
19.1459
19.198
19.408
19.4447
19.4631
19.4824
19.5956
19.6159
19.7261
19.7281
19.8779
19.8963
19.9563
20.1033
20.1673
20.1817
20.199
20.3519
20.3673
20.5559
20.5802
20.6556
20.7871
20.7891
20.8953
21.0665
21.0849
21.1295
21.4243
21.4611
21.4631
21.4814
21.5752
21.6382
21.7146
21.7832
21.7901
21.8586
21.8596
21.8973
21.9003
21.9524
22.0511
22.2154
22.2541
22.5549
22.5568
22.6119
22.8045
22.8189
22.8829
22.8829
22.9196
22.9524
22.9727
23.0268
23.2184
23.2551
23.2918
23.3479
23.3846
23.4224
23.4844
23.8566
23.9901
23.9931
24.0462
24.14
24.1826
24.1846
24.2908
24.3112
24.4417
24.611
24.7464
24.7618
25.0268
25.2715
25.3866
25.7697
25.7851
25.7851
25.8625
25.9311
25.9514
25.9698
26.0258
26.0675
26.0695
26.0908
26.138
26.141
26.1836
26.1951
26.2705
26.3459
26.5152
26.6477
26.9688
27.0278
27.0278
27.1102
27.142
27.1583
27.3529
27.4224
27.4591
27.5335
27.609
27.6283
27.6382
27.8546
27.8546
27.873
27.9891
28.1003
28.1479
28.3365
28.4214
28.5965
28.61
28.7628
28.7782
28.8402
28.8809
28.9196
28.9563
29.198
29.3459
29.3479
29.3693
29.667
30.0685
30.136
30.1767
30.6149
30.7454
30.8179
30.9117
30.9534
31.0085
31.079
31.3817
31.4397
31.4948
31.4958
31.8055
31.8923
31.8953
31.9852
32.0229
32.0268
32.2387
32.2685
32.4938
32.5221
32.5375
32.5896
32.6631
32.7395
32.8149
32.9281
32.9658
32.9727
33.1013
33.1167
33.1534
33.1574
33.1574
33.2184
33.3643
33.4551
33.5152
33.5529
33.6263
33.9097
34.1003
34.1747
34.1941
34.3062
34.5122
34.8025
34.9832
35.0219
35.135
35.3043
35.4437
35.4755
35.7008
35.7182
35.7221
35.869
35.8993
35.9067
36.0596
36.2839
36.2908
36.344
36.3653
36.5926
36.5936
36.6254
36.6651
36.6814
36.6998
36.7946
36.9638
36.9688
36.9717
37.5549
37.7444
38.1708
38.1856
38.4397
38.5296
38.6874
39.0983
39.1321
39.14
39.2636
39.4824
39.4958
39.6234
39.813
39.8343
39.9425
40.0665
40.1807
40.2636
40.7966
40.8139
40.8671
41.1718
41.5152
41.5916
41.6224
41.7395
41.8293
41.8497
41.9281
41.9425
42.0363
42.0983
42.2685
42.341
42.6651
42.7832
42.9638
43.2512
43.6417
43.6457
44.2065
44.4184
44.5102
44.6804
44.7703
44.9087
45.0179
45.7822
45.8149
45.9976
46.0383
46.281
46.4909
46.5633
46.7742
46.8373
47.1727
47.2819
47.3574
47.4387
47.5286
47.6388
47.6755
47.7345
48.0149
48.1281
48.1514
48.1648
48.3043
48.4387
48.608
48.9435
49.2065
49.4105
49.4125
49.4666
49.4775
49.7683
49.87
50.0517
50.1544
50.2278
50.2829
50.34
50.3767
50.5837
51.0189
51.0566
51.07
51.0934
51.2963
51.6234
51.8477
52.2413
52.2993
52.3623
52.4685
52.5971
52.7336
52.9996
53.012
53.07
53.1127
53.2095
53.3013
53.341
53.4472
53.5217
53.6968
53.7663
53.9792
54.0596
54.0819
54.1261
54.2606
54.5306
54.6532
54.7345
54.931
55.0169
55.2899
55.3941
55.7375
55.8264
55.9048
56.01
56.5053
56.7752
57.2924
57.6542
57.7673
58.009
58.0497
58.1727
58.1792
58.4308
58.809
58.9142
59.0487
59.1812
59.5033
59.6283
59.8408
59.9713
60.1321
60.2025
60.6949
60.8428
61.3281
61.4229
61.5043
61.7624
61.8601
61.9906
62.013
62.1078
62.1087
62.281
62.5594
62.6919
62.9038
63.4065
63.7142
63.746
63.9231
64.9936
65.1212
65.3261
65.4452
66.0854
66.5912
66.9782
67.1068
67.7102
68.0621
68.276
68.4577
68.5207
69.2219
69.4423
69.7296
69.806
69.8532
70.3872
70.4433
70.539
70.6259
70.8621
71.3068
71.6666
71.8978
71.9693
72.1802
72.2487
72.541
73.0864
73.9445
74.0428
74.2343
74.7053
75.9113
76.9122
77.1356
77.3435
77.6512
78.2314
79.4199
79.9644
81.2393
81.3639
81.5127
81.5321
81.6656
82.2497
82.2864
82.3812
83.0979
83.6338
83.6413
84.0388
84.1093
84.3396
84.3966
85.744
85.7489
86.4527
87.8939
88.7981
89.0542
89.4314
89.7197
90.6046
90.7554
91.2949
91.5068
92.2979
92.4586
93.0726
94.5609
94.8433
94.9411
95.5505
95.6512
95.9961
96.1043
97.4845
98.1624
98.2051
98.6383
99.0562
99.3713
99.3946
99.5698
100.0244
100.3287
101.4805
103.1043
103.3287
103.885
104.3684
104.6914
105.1808
106.5743
106.8249
108.618
109.0195
109.8557
110.9167
111.5996
112.7262
113.9098
114.7783
114.9088
115.3877
115.8577
116.0066
118.8364
119.6845
120.5326
120.8681
120.9053
121.2483
121.3401
122.0964
124.0443
124.1604
125.5287
126.3867
126.7436
126.7996
126.8885
127.8304
128.0771
128.2974
129.6448
129.8835
132.1436
133.0547
135.9639
138.8895
142.1377
142.1774
142.4319
145.2036
147.8419
148.2131
149.9734
150.816
151.8458
152.487
153.9124
155.0602
156.4975
156.7625
160.5059
165.3168
167.5843
173.7526
177.5213
180.9034
181.7014
181.7079
182.2196
189.3898
190.7407
198.172
198.8132
207.8057
211.5616
213.3412
220.8355
230.4415
236.7412
243.2405
258.8668
264.2128
299.9314
324.4495
336.9702
