3.0
3.0
3.0
3.0
3.0
3.0
3.0
3.0
3.0
3.0
3.0
3.0
4.0
4.0
4.0
4.0
4.0
4.0
4.0
4.0
4.0
4.3817
4.3817
4.3817
4.3817
4.986
4.986
5.0
5.0
5.0
5.1371
5.2882
5.3817
5.4393
5.5327
5.6838
5.6838
5.7415
5.7415
5.8349
5.8349
5.8926
5.986
6.0
6.0437
6.1371
6.1371
6.1371
6.1948
6.3817
6.4393
6.4393
6.4969
6.5904
6.648
6.648
6.6838
6.7415
6.7991
6.8349
6.8349
6.8926
6.9502
6.9502
6.986
6.986
6.986
6.986
7.0
7.0
7.0
7.0
7.0437
7.1013
7.1371
7.2882
7.4969
7.5546
7.5546
7.5904
7.5904
7.7057
7.7415
7.7991
7.8568
7.8568
7.8926
7.9502
8.0
8.0
8.0079
8.0079
8.0079
8.0437
8.0437
8.1013
8.2524
8.2524
8.3458
8.4035
8.5327
8.648
8.7057
8.7415
9.0655
9.1013
9.1589
9.2166
9.3677
9.3677
9.3817
9.4035
9.4611
9.4611
9.5188
9.5188
9.5188
9.6122
9.648
9.7633
9.821
9.821
9.8926
10.1231
10.1231
10.2524
10.2742
10.3677
10.4253
10.5546
10.5904
10.821
10.8786
10.8786
10.986
11.0655
11.1231
11.2742
11.3319
11.4253
11.483
11.6341
11.6699
11.821
11.8568
11.9362
12.0297
12.1589
12.1808
12.2384
12.2384
12.2384
12.2882
12.6917
12.6917
12.6917
12.6917
12.7275
12.7633
12.7851
12.9362
12.9362
12.9362
12.972
12.972
12.9939
12.9939
12.9939
13.145
13.145
13.2166
13.2961
13.5764
13.6917
13.9939
13.9939
14.0297
14.0515
14.0515
14.2166
14.3895
14.3895
14.4472
14.4472
14.5048
14.5048
14.5048
14.9004
14.9939
15.0515
15.1092
15.2026
15.2603
15.2603
15.2961
15.4472
15.7135
15.807
15.8646
15.9581
16.0873
16.145
16.1668
16.1668
16.2026
16.2961
16.3179
16.3319
16.4253
16.5406
16.5624
16.6201
16.7135
16.7135
16.8646
16.8786
16.9004
16.9223
16.9223
16.9581
17.0734
17.0734
17.2026
17.2244
17.2244
17.3537
17.3755
17.3755
17.469
17.7275
17.7712
17.8288
17.9581
17.9799
17.9799
17.9799
18.0734
18.131
18.131
18.131
18.3179
18.3537
18.3755
18.4035
18.4332
18.469
18.5624
18.5843
18.5982
18.7354
18.8288
18.9223
19.0375
19.131
19.131
19.2244
19.2961
19.3397
19.4908
19.4908
19.6201
19.6419
19.6419
19.6419
19.6419
19.6777
19.8865
20.0157
20.0952
20.3974
20.6419
20.6996
20.6996
20.6996
20.8288
20.8646
21.0017
21.0017
21.0017
21.0017
21.0952
21.0952
21.2244
21.3039
21.3039
21.3179
21.3974
21.3974
21.4113
21.5843
21.6061
21.9083
22.0017
22.0734
22.0952
22.2463
22.3616
22.3616
22.3755
22.4332
22.455
22.455
22.5127
22.5624
22.6061
22.6777
22.7572
22.7572
22.8148
22.9659
23.0375
23.131
23.3039
23.4192
23.5127
23.6061
23.6061
23.807
23.9083
23.9083
23.9083
23.9441
23.9659
24.0236
24.0236
24.117
24.1668
24.1747
24.3039
24.3258
24.3616
24.4768
24.4768
24.5703
24.779
24.8506
24.9301
25.2105
25.2323
25.3397
25.3616
25.5345
25.5703
25.6279
25.6856
25.7572
25.779
25.779
25.779
25.8725
26.0236
26.0515
26.1389
26.2323
26.2323
26.2323
26.2681
26.2899
26.2899
26.441
26.441
26.4768
26.4768
26.5345
26.5703
26.5921
26.6279
26.6637
26.6996
26.8367
26.8367
26.8506
26.9362
27.1389
27.1747
27.1965
27.1965
27.1965
27.2323
27.2681
27.2899
27.3476
27.5921
27.8009
27.952
27.9878
28.0734
28.2541
28.6637
28.8009
28.9878
29.103
29.2899
29.4052
29.4052
29.4629
29.6419
29.6498
29.7074
29.7074
29.7651
29.8009
29.9161
30.1607
30.3694
30.4987
30.6856
30.7074
30.7651
30.8148
30.8585
30.9161
31.0672
31.0672
31.2541
31.276
31.4271
31.4271
31.7292
31.8227
31.8585
31.9161
31.952
31.9738
32.1825
32.1825
32.3694
32.4847
32.4847
32.5781
32.5781
32.5781
32.6358
32.7292
32.7869
32.8803
32.8803
32.8943
32.8943
32.938
33.0314
33.0672
33.0891
33.1249
33.1249
33.2402
33.2402
33.4847
33.4847
33.6934
33.6934
33.7292
33.765
33.7869
33.8585
33.8803
33.9956
34.0314
34.0672
34.2183
34.276
34.2978
34.3913
34.3913
34.6
34.7074
34.7292
34.7511
34.7869
34.9022
34.9022
35.1467
35.1467
35.1965
35.2978
35.2978
35.4271
35.4847
35.5065
35.5205
35.5781
35.6
35.6576
35.6716
35.9022
35.9598
36.1825
36.2043
36.2043
36.2978
36.3554
36.4131
36.4131
36.4131
36.6
36.7153
36.7153
36.7153
36.8445
36.938
36.9598
36.9956
37.0174
37.0533
37.1685
37.262
37.262
37.276
37.3196
37.3196
37.3554
37.3694
37.4707
37.5065
37.6218
37.7153
37.7153
37.7153
37.8087
37.8445
37.8445
37.924
38.0174
38.0174
38.2262
38.2262
38.262
38.6795
38.6934
38.7729
38.9022
38.9956
39.0533
39.262
39.2838
39.2978
39.3554
39.4131
39.4349
39.5284
39.7153
39.7371
39.8445
39.9816
40.0393
40.0751
40.2838
40.5284
40.586
40.6218
40.6436
40.6436
40.6436
40.7947
40.8305
40.924
41.1327
41.2838
41.3991
41.5502
41.5502
41.6436
41.6436
41.6795
41.7013
41.7869
41.7947
41.8305
41.8524
42.0035
42.0035
42.0393
42.0751
42.0969
42.1546
42.3057
42.6078
42.9738
43.0393
43.0611
43.0611
43.0611
43.0969
43.6078
43.7013
43.8166
43.8166
43.8305
43.91
44.0035
44.1188
44.1188
44.1546
44.1685
44.4209
44.5144
44.5502
44.572
44.6078
44.8305
44.8742
45.0035
45.0253
45.1188
45.1546
45.248
45.4209
45.572
45.6297
45.7231
45.9677
46.0611
46.0829
46.0829
46.1546
46.234
46.3851
46.4786
46.4926
46.6436
46.6873
46.6873
46.8166
46.8384
46.8384
46.8384
46.8742
46.8742
46.9319
46.9677
47.0611
47.0829
47.1188
47.4786
47.6873
47.6873
47.7231
47.745
47.8166
47.9895
48.0829
48.1188
48.1406
48.234
48.248
48.3275
48.4428
48.5004
48.5004
48.5362
48.5939
48.6515
48.6873
48.8742
48.896
49.2917
49.5004
49.5581
49.5581
49.6873
49.7231
49.9537
50.0471
50.1624
50.3135
50.3493
50.4646
50.5581
50.8602
50.8602
50.8602
50.9319
51.0113
51.2201
51.407
51.5144
51.5222
51.5222
51.6873
51.7668
51.7668
52.0113
52.0113
52.0113
52.1266
52.2777
52.3712
52.3712
52.4288
52.731
52.8821
53.0113
53.0332
53.1546
53.2201
53.2777
53.3712
53.4864
53.7668
53.7886
53.7886
53.8244
53.8821
53.9397
54.0253
54.0908
54.2201
54.3353
54.3353
54.3353
54.393
54.393
54.4288
54.5441
54.6952
54.6952
54.9974
55.0471
55.069
55.5222
55.9039
55.9039
55.9755
55.9974
56.069
56.1406
56.2995
56.3572
56.3572
56.393
56.407
56.6017
56.6017
56.6594
56.6594
56.7528
56.8105
57.0908
57.1484
57.2995
57.3353
57.3712
57.5083
57.5659
57.5659
57.6594
57.6594
57.7528
57.8463
57.8681
57.9615
58.0192
58.1126
58.1484
58.1703
58.2061
58.4725
58.7746
58.7746
58.7746
58.8681
58.9039
59.055
59.0768
59.1126
59.2061
59.2279
59.3214
59.5301
59.5659
59.6812
59.717
59.717
59.7528
59.7746
59.9615
60.0768
60.1703
60.2637
60.3214
60.5659
60.8899
60.9834
61.0192
61.041
61.1345
61.1345
61.2061
61.2279
61.2279
61.2856
61.2856
61.4943
61.5083
61.5877
61.6454
61.6454
61.7388
61.7746
61.7886
61.7965
61.7965
61.8899
61.9476
62.041
62.1345
62.1921
62.3214
62.4148
62.4366
62.4725
62.4943
62.5301
62.5877
62.7388
63.0192
63.1921
63.2497
63.4008
63.5659
63.6236
63.703
63.7607
63.8105
64.0768
64.2139
64.2139
64.3074
64.4008
64.5161
64.5301
64.5659
64.6672
64.7607
64.8541
64.9118
65.0052
65.0052
65.1205
65.2139
65.3432
65.8183
65.8759
65.9257
66.0052
66.0629
66.1921
66.3292
66.4803
66.4943
66.6314
66.6454
66.703
66.7825
66.8183
67.0987
67.3074
67.5161
67.5877
67.6096
67.8183
67.9912
68.2716
68.2934
68.538
68.5877
68.6672
68.8759
68.9336
69.0489
69.2
69.3511
69.4008
69.4585
69.4803
69.5956
69.8183
69.8759
70.0489
70.0629
70.0847
70.1423
70.1781
70.2
70.3292
70.4087
70.4087
70.5598
70.7109
70.7467
70.8978
71.0131
71.1205
71.1642
71.2576
71.2576
71.4087
71.4087
71.4803
71.5598
71.5598
71.862
71.8978
71.9912
72.0131
72.0707
72.2576
72.2576
72.2934
72.3152
72.5598
72.6174
72.6751
72.703
72.8262
72.9336
72.9773
72.9773
73.0707
73.1283
73.2218
73.2218
73.2576
73.2576
73.2794
73.3152
73.3152
73.5598
73.7109
73.7327
73.862
74.0629
74.0847
74.1065
74.4227
74.4305
74.4445
74.5816
74.7109
74.7327
74.7904
75.0925
75.538
75.5816
75.6393
75.6751
75.6751
75.7904
75.7904
75.8262
76.0925
76.1065
76.1283
76.1502
76.186
76.2436
76.3013
76.4445
76.4524
76.5458
76.6969
76.7685
76.9056
76.9414
76.9991
77.0707
77.186
77.2218
77.2794
77.3013
77.5816
77.6611
77.9414
78.0925
78.3947
78.4165
78.5676
78.5676
78.6611
78.7545
78.9991
79.0209
79.1144
79.1502
79.172
79.2078
79.2078
79.2655
79.4882
79.5676
79.6035
79.6253
79.8122
79.848
79.8698
79.9773
79.9991
80.0786
80.0786
80.4165
80.5318
80.6393
80.6611
80.6751
80.7545
80.7764
80.834
80.834
80.9275
80.9633
81.0786
81.1144
81.2297
81.2297
81.2297
81.2873
81.4305
81.4742
81.5318
81.5895
81.7904
81.834
81.9275
82.0428
82.1362
82.1938
82.3449
82.3449
82.6253
82.6829
82.7406
82.9275
83.172
83.1938
83.2515
83.2515
83.2873
83.2873
83.3807
83.4165
83.4742
83.496
83.496
83.5537
83.5537
83.5537
84.0069
84.158
84.2515
84.2515
84.3091
84.3449
84.4026
84.4165
84.496
84.496
84.6471
84.7982
85.2157
85.3449
85.4742
85.5895
85.6471
85.9135
85.9135
86.2157
86.2515
86.2733
86.3091
86.4244
86.4244
86.496
86.5179
86.6253
86.7624
86.82
87.0069
87.1362
87.1799
87.1799
87.1799
87.2873
87.482
87.6113
87.669
87.669
87.7266
87.7624
87.7982
87.82
87.8559
87.9711
88.1362
88.5179
88.5895
88.7266
88.7406
88.7624
88.8698
88.8777
89.0646
89.2952
89.2952
89.4244
89.482
89.6908
89.7842
89.9493
89.993
90.0288
90.0288
90.0506
90.0506
90.158
90.3528
90.3886
90.655
90.655
90.669
90.669
90.7842
90.82
90.8995
90.9135
90.9135
90.9572
91.0288
91.0288
91.0864
91.1222
91.1441
91.1441
91.3528
91.482
91.5397
91.5615
91.5973
91.655
91.6908
91.8061
91.8995
92.1082
92.1441
92.1659
92.2017
92.331
92.4104
92.5537
92.6192
92.7484
92.7703
92.8061
92.9572
93.1082
93.1082
93.1082
93.2375
93.4681
93.4681
93.5615
93.655
93.6768
93.8279
93.8995
93.9572
94.0148
94.1082
94.5039
94.5257
94.5257
94.6768
94.8061
94.8637
94.8855
94.979
94.979
95.0148
95.1082
95.3388
95.4104
95.4323
95.641
95.641
95.7921
95.9213
95.979
96.0724
96.1301
96.1659
96.2235
96.331
96.3965
96.3965
96.5834
96.6986
96.6986
96.7345
96.7921
96.8497
96.8855
96.9213
96.9432
96.979
97.0008
97.0008
97.0366
97.2235
97.3965
97.641
97.6768
97.8497
97.8855
97.9074
97.9432
98.0943
98.1519
98.2017
98.2454
98.303
98.303
98.3606
98.5973
98.6986
98.7921
98.7921
98.8497
98.9074
98.9074
99.0148
99.0585
99.2017
99.2235
99.2672
99.2812
99.4323
99.5834
99.7345
99.8139
99.8716
99.9074
100.0227
100.0366
100.1519
100.1737
100.3606
100.4183
100.4183
100.7563
100.9292
101.0008
101.1161
101.1737
101.1877
101.4541
101.4759
101.5336
101.5694
101.5694
101.6986
101.8139
101.8139
101.8497
101.9074
102.0366
102.1161
102.1379
102.2672
102.2672
102.2812
102.303
102.3248
102.3965
102.4401
102.4759
102.5336
102.5912
102.6192
102.7423
102.8855
103.1379
103.1379
103.1956
103.2314
103.3248
103.3248
103.4183
103.6489
103.6489
103.7423
103.8716
103.951
104.1021
104.1161
104.289
104.289
104.5554
104.5554
104.627
104.627
104.6986
104.7065
104.7205
104.8716
104.9868
104.9868
105.0227
105.0943
105.1379
105.1598
105.1737
105.2532
105.289
105.3467
105.3467
105.4043
105.7065
105.7641
105.8576
105.9152
105.951
106.0087
106.0803
106.1021
106.1021
106.1379
106.3685
106.4043
106.4401
106.8139
106.8218
106.951
107.1021
107.2314
107.2751
107.303
107.4261
107.613
107.7065
107.7423
107.8794
107.951
108.0445
108.1598
108.1816
108.3327
108.4043
108.5196
108.5196
108.613
108.7065
108.786
108.8576
108.8794
108.9371
108.9371
109.0305
109.0882
109.3685
109.4261
109.4401
109.5554
109.5554
109.6707
109.7065
109.786
109.8218
109.8436
109.9947
109.9947
109.9947
110.1458
110.2392
110.2969
110.3327
110.448
110.4978
110.5414
110.5772
110.786
110.9013
110.9152
111.124
111.2034
111.3327
111.448
112.0523
112.2611
112.2969
112.3327
112.3545
112.4122
112.448
112.5414
112.5633
112.8436
113.1676
113.5414
113.5633
113.6489
113.7144
113.8436
114.0523
114.0742
114.11
114.11
114.5275
114.6209
114.6925
114.8296
115.0165
115.2829
115.3187
115.3764
115.434
115.5275
115.5414
115.786
115.8873
116.1318
116.1895
116.2829
116.4916
116.5633
116.5851
116.6427
116.6785
117.096
117.1318
117.1318
117.1676
117.2253
117.2471
117.2471
117.3982
117.3982
117.4698
117.4698
117.8078
117.8515
117.8654
117.9013
118.0523
118.1895
118.2253
118.2829
118.6069
118.6069
118.6785
118.7144
118.758
118.8515
119.0602
119.096
119.3624
119.4558
119.5275
119.5493
119.6209
119.6646
119.758
119.8157
119.8157
119.9091
120.1318
120.2471
120.3764
120.3982
120.4698
120.5851
120.6069
120.7004
120.7222
120.758
120.8733
120.9091
121.1755
121.2113
121.2471
121.3266
121.434
121.5135
121.5711
121.6427
121.6427
121.7798
121.9309
122.0244
122.1755
122.3624
122.3842
122.5711
122.7362
122.7362
122.7798
122.8157
122.9091
122.9449
122.9886
123.0244
123.082
123.1397
123.2689
123.2908
123.4419
123.4777
123.7222
123.7798
123.8157
123.8375
123.8375
123.8951
124.0462
124.1318
124.1973
124.1973
124.1973
124.2113
124.3484
124.3484
124.3484
124.4995
124.8017
124.8157
124.8733
124.9091
124.9528
125.1397
125.255
125.2908
125.4061
125.744
125.8017
125.8593
126.0462
126.1615
126.2331
126.255
126.3266
126.4637
126.5135
126.5929
126.6148
126.744
126.8017
127.082
127.2191
127.255
127.4061
127.4419
127.4995
127.7659
127.7798
127.8375
127.917
128.0104
128.0681
128.0681
128.1257
128.1397
128.2191
128.4637
128.5213
128.579
128.6148
128.917
129.1257
129.2191
129.2191
129.255
129.2768
129.3842
129.4637
129.4855
129.7877
129.7877
129.8235
129.8811
129.8811
129.917
129.917
129.9388
129.9746
130.1615
130.1615
130.241
130.2768
130.2908
130.3344
130.3344
130.4855
130.579
131.1475
131.1475
131.3344
131.3344
131.4279
131.4497
131.5213
131.6724
131.8454
131.903
131.903
131.917
131.9309
132.3921
132.4061
132.4279
132.5074
132.5213
132.6008
132.7301
132.903
132.9388
133.1397
133.1475
133.5432
133.7161
133.7877
133.9606
134.0322
134.1475
134.1694
134.4637
134.4715
134.4715
134.4715
134.6008
134.7161
134.7737
134.8672
135.0322
135.1117
135.2052
135.2628
135.4139
135.5292
135.579
135.8235
135.903
135.9825
136.1336
136.227
136.3204
136.4357
136.4357
136.5074
136.6226
136.7379
136.7379
136.8095
136.8314
136.8672
136.8672
136.8672
137.3204
137.4357
137.6008
137.6008
137.7519
137.7956
137.9606
138.1912
138.1912
138.2488
138.3999
138.565
138.6008
138.7379
138.7519
138.8454
138.8532
138.9467
139.1554
139.3999
139.3999
139.4576
139.5292
139.551
139.6087
139.6087
139.6943
139.7598
139.8811
140.0619
140.3641
140.3641
140.3999
140.565
140.6445
140.6584
140.7379
140.8174
140.8532
140.9108
140.9108
141.0977
141.1336
141.213
141.2707
141.3065
141.3065
141.5728
142.0261
142.1772
142.3641
142.3999
142.551
142.5728
142.7239
142.9327
143.0838
143.1196
143.2349
143.5728
143.6087
143.7816
143.9108
143.9903
144.0977
144.1414
144.3641
144.386
144.386
144.5152
144.537
144.5728
144.6305
144.6881
144.7458
144.7816
144.8392
144.875
145.048
145.0838
145.1414
145.1772
145.1991
145.2925
145.3501
145.4218
145.537
145.5947
145.6523
145.7458
145.8969
146.1991
146.1991
146.2567
146.3501
146.3641
146.7458
146.7956
146.8392
146.9545
146.9903
147.4078
147.4078
147.6165
147.71
147.71
147.8392
148.3143
148.3501
148.3501
148.3501
148.372
148.4078
148.5231
148.6165
148.6523
148.6742
148.7676
148.8253
149.1056
149.2209
149.372
149.5231
149.5589
149.5807
149.7676
150.0121
150.0121
150.1274
150.1851
150.3283
150.5807
150.6384
151.0698
151.0916
151.3938
151.5012
151.5231
151.6384
151.6384
151.7318
151.7458
151.8471
151.8829
151.8829
152.2209
152.4654
152.71
152.8829
152.8829
152.9047
152.9047
153.1493
153.9047
153.9982
154.696
154.7178
154.8113
154.8471
155.1493
155.358
156.02
156.1711
156.3004
156.5309
156.6244
156.682
156.682
156.7536
156.8331
157.2785
157.4375
157.6244
157.7755
158.2864
158.4733
158.7397
159.0995
159.2645
159.2645
159.4017
159.4951
160.1353
160.3004
160.3082
160.7973
160.8907
160.9266
160.9484
161.517
161.6244
161.7615
161.8191
162.3659
163.1213
163.1213
163.179
163.3082
163.4235
163.4811
163.8191
164.0418
164.1571
164.1929
164.2366
164.2864
164.4235
164.517
164.7615
165.2366
165.6899
166.0418
166.6104
166.7475
167.0497
167.4453
167.503
167.9344
168.2008
168.4095
168.7117
168.841
168.9204
169.0279
169.5964
169.8052
170.8846
171.0357
171.1868
171.2226
171.3737
172.1292
172.3737
172.4314
172.5824
172.7912
173.1292
173.179
173.5466
174.7912
174.827
174.9204
175.2086
175.2086
175.813
175.8707
176.0576
176.1728
176.2086
176.2803
176.2803
176.3519
176.4174
176.6261
176.7196
176.7335
177.0217
178.0576
178.8488
179.5327
179.6261
179.7196
179.7414
180.0217
180.4034
180.4174
180.8488
180.8567
181.1589
181.2881
181.31
181.5108
182.1012
182.9501
183.0217
183.3597
183.3676
183.3816
183.475
183.7274
184.0296
184.461
184.6698
184.8209
185.4252
185.4392
186.3894
186.8209
186.9003
187.1449
187.2383
187.7493
187.9283
189.1589
189.2025
189.2741
189.7493
189.8645
190.4689
190.9222
191.4252
191.6776
191.7134
191.7353
192.1449
192.5265
193.1667
194.4113
194.4331
194.6418
194.944
196.3038
196.5126
196.6995
197.1527
197.4689
198.0016
198.0235
198.2322
198.93
198.944
198.9658
199.1746
200.2899
200.3257
200.6497
201.2462
201.4051
202.0095
202.0951
202.8008
202.8942
202.93
203.3693
203.5562
203.8584
204.5204
205.2182
205.7431
205.8802
206.0671
206.0811
206.5781
207.089
207.3117
207.9379
208.3912
208.8802
208.9597
208.9955
210.8663
211.3195
211.3912
212.5859
213.7728
215.2479
216.5143
217.0392
217.5143
217.8881
218.1763
218.5501
218.6077
218.7012
218.8523
218.9676
219.4566
219.5143
219.6436
220.0252
220.1108
220.3274
220.7449
221.4785
221.9099
222.1047
222.1763
222.2698
222.6296
222.8602
223.8602
225.5003
226.2916
226.723
227.9396
228.3929
229.8104
231.1483
231.9256
233.1265
234.2418
234.6453
234.9833
235.5518
237.8898
238.9693
239.3213
242.1999
243.0488
244.9335
245.3152
245.7108
247.1283
248.516
248.7108
249.4523
250.013
250.8121
251.0566
251.8837
253.5318
253.8121
255.3448
260.6331
262.1798
262.8339
262.9929
266.3885
267.6907
268.468
268.8854
269.2234
270.2374
271.2234
272.9073
275.0724
278.454
280.8496
280.9291
281.0086
281.7999
283.7282
283.8435
283.9946
284.4479
286.4697
287.5771
288.9946
289.0881
291.2968
291.4837
293.9806
297.0819
298.8592
300.0103
300.8374
302.0103
304.1474
305.7658
306.557
307.3562
308.9605
309.2191
312.3998
314.364
314.6662
318.199
319.1055
321.7815
323.2566
335.2147
336.4234
336.6321
339.0278
349.481
350.2662
355.8924
360.9858
362.799
373.2103
388.6435
392.4566
404.6592
404.9972
433.4024
462.426
473.8731
