3.0
3.0
3.0
3.0
3.0
3.0
3.0
3.0
3.0
3.0
3.0
3.0
3.0
3.0
3.0
3.0
3.0
3.0
3.0
3.0
3.0
3.0
3.0
3.0
3.0
3.0
3.0
3.0
3.0
3.0
3.0
3.0
3.0
3.0
3.0
3.0
3.0
3.0
3.0
4.0
4.0
4.0
4.0
4.0
4.0
4.0
4.0
4.0
4.0
4.0
4.0
4.0
4.0
4.0
4.0
4.0
4.0
4.0
4.0
4.0
4.0
4.0
4.0
4.0
4.0
4.1257
4.5007
4.7508
4.7508
4.7508
4.8758
5.0
5.0
5.0
5.0
5.0
5.0
5.0
5.0
5.0
5.0
5.0
5.0
5.0
5.0007
5.0008
5.5007
5.7509
6.0
6.0
6.0
6.0
6.0007
6.0008
6.1257
6.1257
6.2507
6.2507
6.2507
6.2509
6.6258
6.7509
6.7509
6.8758
7.0
7.0
7.0
7.0007
7.0008
7.001
7.1257
7.1257
7.2507
7.3759
7.6259
7.6259
7.6261
7.6261
7.6261
8.0
8.0
8.0012
8.2512
8.376
8.376
8.3762
8.5007
8.5009
8.6259
8.6259
8.876
9.0
9.0
9.0
9.0007
9.0008
9.0008
9.001
9.0012
9.1257
9.1258
9.2514
9.5011
9.6259
9.6259
9.7514
9.8758
10.0
10.126
10.1262
10.1267
10.5014
10.6267
10.8765
11.0012
11.0015
11.1267
11.2515
11.2517
11.3764
11.3765
11.6266
11.6267
11.6269
11.7513
11.7514
11.8758
11.8766
12.001
12.2509
12.2515
12.3764
12.6266
12.7514
12.8768
12.877
13.0008
13.1272
13.251
13.2514
13.2515
13.252
13.2522
13.3764
13.5011
13.6258
13.7518
13.7521
13.7521
13.877
13.877
14.1272
14.1272
14.2519
14.2519
14.2522
14.5014
14.5016
14.5019
14.6266
14.8773
15.1265
15.1268
15.1268
15.2519
15.2522
15.2522
15.3762
15.3767
15.7524
16.0018
16.002
16.127
16.1275
16.3757
16.3775
16.5012
16.5016
16.6274
16.7519
17.0015
17.002
17.1277
17.1278
17.2519
17.3769
17.6266
17.7528
17.7528
18.0023
18.253
18.3779
18.6276
18.7529
18.7531
18.8773
19.1281
19.2532
19.5016
19.6276
19.6281
19.7529
20.003
20.0031
20.1278
20.128
20.3782
20.7531
20.7531
20.7531
20.8771
21.1281
21.1281
21.2528
21.2535
21.3775
21.7526
21.7531
21.8778
22.1285
22.1286
22.3779
22.3782
22.6276
22.8786
23.1277
23.1285
23.5029
23.5037
23.5037
24.0036
24.1285
24.2537
24.3787
24.5026
24.5039
25.0033
25.0035
25.1288
25.2535
25.378
25.3787
25.5039
25.5039
25.7533
25.8783
25.8786
26.0036
26.3788
26.379
26.3792
26.3793
26.6294
26.7542
27.3787
27.5035
27.7546
28.0041
28.0043
28.1293
28.504
28.8788
28.8794
28.8794
28.8796
29.1296
29.2546
29.2548
29.3798
29.5029
29.6294
29.8794
30.0038
30.1295
30.2546
30.8794
30.8801
31.0041
31.0048
31.1295
31.2545
31.255
31.6299
31.63
31.8796
32.3792
32.3798
32.504
32.5049
32.8796
33.2542
33.2553
33.3797
33.3802
33.7546
33.7546
33.8806
34.0039
34.13
34.3805
34.3807
34.5057
34.6307
34.7549
35.13
35.5044
35.5057
35.6299
35.6305
35.7551
35.8802
36.3808
36.6304
36.7559
37.0058
37.2551
37.2553
37.3792
37.3805
37.3808
37.505
37.5052
37.7554
37.8807
37.8812
38.0056
38.13
38.2561
38.3807
38.5058
38.506
38.5062
38.6305
38.8807
38.8807
38.8809
38.8812
39.1298
39.3803
39.3811
39.3811
39.3813
40.0053
40.0058
40.2565
40.8809
40.8812
40.8814
41.1309
41.256
41.5055
41.7557
41.7565
41.8812
41.8816
41.8817
42.0059
42.0066
42.0067
42.0069
43.1308
43.2568
43.507
43.8817
44.0058
44.1313
44.257
44.2573
44.2573
44.5068
44.6305
45.8824
46.0072
46.1316
48.0076
48.0077
48.2579
48.3816
48.3818
49.0077
49.0079
49.1328
49.5081
49.758
50.7582
51.6333
51.6333
51.7577
51.7585
52.8834
53.1336
53.6333
53.7575
54.1332
54.3835
54.8835
55.1332
55.3835
55.5091
55.884
55.8842
56.3841
56.6338
56.8835
57.8837
58.0094
58.0094
58.759
58.7592
59.1337
59.5093
59.5096
60.1342
60.2588
60.2596
60.5086
60.6338
60.76
61.0092
61.0099
61.2594
61.635
61.8839
62.0102
62.3839
62.76
63.1344
63.3851
64.0104
64.3856
64.3856
64.885
64.8855
65.1346
65.51
65.7597
66.0104
66.2606
66.6348
66.8857
67.2609
68.1356
68.2601
69.0112
69.2602
69.5106
70.7616
71.1349
71.8863
72.6363
72.7616
72.8858
73.2619
73.6368
74.1372
74.887
75.5124
76.3871
76.3872
76.8872
78.2622
79.0127
80.0109
80.0118
80.0118
80.6376
80.7621
81.7628
82.013
82.138
82.5134
82.6383
83.6379
83.6388
84.0122
85.5132
85.5141
85.763
86.1385
87.1387
87.763
88.3895
88.5146
89.0135
90.5149
90.8895
91.39
91.6399
91.8895
91.8898
92.265
93.0151
94.3904
94.6401
94.8895
95.0148
95.6407
95.7653
97.3909
99.1411
99.2658
99.3913
100.0164
100.7666
101.266
102.1411
102.3915
102.8913
103.8914
104.392
105.1421
105.7674
105.8924
106.3918
106.6425
106.7674
111.3912
114.7689
117.6442
117.7679
118.0186
119.6432
123.1449
124.0204
125.6448
125.8932
126.3958
127.5205
130.3963
136.647
138.2722
138.3978
139.6478
140.6481
141.6476
153.6494
160.1513
166.0273
172.5269
172.5284
175.7779
194.0304
204.1584
208.659
