3.0
3.0
3.0
3.0
3.0
3.0
3.0
3.0
3.0
3.0
3.0
3.0
3.0
3.0
3.0
3.0
3.0
3.0
3.0
3.0
3.0
3.0
3.0
3.0
3.0
3.0
3.0
3.0
3.0
3.0
3.0
3.0
4.0
4.0
4.0
4.0
4.0
4.0
4.0
4.0
4.0
4.0
4.0
4.0
4.0
4.0
4.3817
4.3817
4.5328
4.5328
4.5328
4.6839
4.6839
5.0
5.0
5.0
5.0
5.0
5.0
5.0
5.0
5.0
5.0
5.0
5.1372
5.1372
5.1372
5.4393
5.5328
5.5328
5.5904
5.6839
6.0
6.0
6.0
6.0
6.0
6.0
6.0
6.0
6.1948
6.2882
6.2882
6.2882
6.3459
6.3817
6.4393
6.4393
6.497
6.497
6.5328
6.5328
6.5904
6.5904
6.6481
6.8926
6.9503
7.0
7.0
7.0
7.0
7.0
7.0437
7.0437
7.1014
7.1948
7.2882
7.4035
7.4393
7.4393
7.5328
7.5328
7.5546
7.6481
7.6839
7.8568
7.8568
7.9503
7.9503
8.0
8.0
8.0
8.0
8.0
8.0
8.1372
8.159
8.2882
8.2882
8.2882
8.2882
8.4035
8.497
8.5328
8.5328
8.5546
8.5546
8.6123
8.6481
8.7057
8.835
8.8926
8.9861
8.9861
8.9861
9.0437
9.0437
9.0656
9.0656
9.1014
9.1014
9.1372
9.159
9.2167
9.3101
9.3817
9.4035
9.497
9.7415
9.7415
9.821
9.821
9.9861
10.0
10.0
10.1232
10.1372
10.2524
10.2882
10.3677
10.4612
10.5188
10.5188
10.5904
10.5904
10.9721
10.9861
11.0
11.0298
11.0437
11.1014
11.159
11.159
11.1948
11.2167
11.2882
11.2882
11.3677
11.483
11.483
11.5328
11.6341
11.6481
11.7057
11.835
11.8787
11.8787
11.9363
11.9503
11.9721
12.0
12.0079
12.1014
12.1232
12.1809
12.2385
12.3817
12.3817
12.3817
12.4254
12.4254
12.483
12.5904
12.6341
12.6918
12.821
12.821
12.8926
12.9721
12.9861
13.0079
13.1232
13.1372
13.1372
13.1809
13.2743
13.4393
13.483
13.497
13.5765
13.5983
13.6341
13.6341
13.6918
13.7276
13.7494
13.7494
14.0516
14.0874
14.1232
14.1451
14.1809
14.2385
14.2882
14.3538
14.4254
14.497
14.497
14.5049
14.6341
14.656
14.821
14.9363
15.0079
15.0516
15.0516
15.2027
15.2167
15.2524
15.2962
15.3538
15.5049
15.5904
15.5983
15.7136
15.7415
15.8429
15.8568
15.9582
15.994
16.0158
16.0516
16.2385
16.332
16.3538
16.5765
16.6481
16.6839
16.7276
16.7634
16.9005
17.0158
17.3817
17.5904
17.6202
17.7136
17.7494
17.8647
17.9005
17.9224
18.0158
18.0158
18.0158
18.1372
18.2246
18.332
18.5407
18.6778
18.6778
18.7057
18.7852
18.8071
18.8289
18.8429
18.9224
19.0735
19.1888
19.332
19.3896
19.3896
19.491
19.7136
19.8289
19.8866
19.9005
19.9224
19.98
20.0735
20.1311
20.2167
20.2246
20.2385
20.5049
20.5983
20.6699
20.6997
20.8866
20.8866
20.98
21.153
21.1888
21.2464
21.3041
21.3757
21.491
21.491
21.491
21.6063
21.7573
21.7852
22.0377
22.0953
22.2027
22.3399
22.4333
22.5268
22.5407
22.5844
22.6202
22.6918
22.7573
22.9084
22.9661
22.9661
22.98
23.0019
23.0516
23.1888
23.2106
23.318
23.3617
23.5486
23.6639
23.9224
23.9661
24.153
24.2683
24.2683
24.2822
24.3757
24.4194
24.5128
24.5844
24.6639
24.8071
24.815
24.815
24.815
24.8289
24.8866
25.0953
25.2027
25.2027
25.2464
25.3041
25.318
25.3836
25.3975
25.3975
25.5347
25.5347
25.5625
25.6281
25.6639
25.7573
25.815
25.9224
25.9303
25.9442
25.9661
25.98
26.2325
26.2683
26.2901
26.3041
26.4333
26.477
26.6063
27.0158
27.0814
27.1311
27.2027
27.2822
27.4473
27.477
27.5347
27.5625
27.65
27.6639
27.9879
27.9879
28.1172
28.2683
28.2901
28.3259
28.3478
28.4333
28.5844
28.7076
28.8011
28.8587
28.8726
28.9522
28.98
29.0456
29.0814
29.2106
29.312
29.3259
29.4412
29.4412
29.4631
29.7434
29.7792
29.8945
29.9522
29.9522
29.9879
30.0814
30.1748
30.2185
30.2543
30.2683
30.3478
30.5565
30.7076
30.7076
30.7573
30.8369
30.8945
31.0019
31.0237
31.0814
31.1032
31.2901
31.4412
31.4631
31.5705
31.5784
31.6858
31.8806
31.8866
31.9084
32.1032
32.1251
32.1827
32.2325
32.2543
32.2901
32.3338
32.4273
32.4849
32.6281
32.6718
32.6718
32.7295
32.8806
32.9164
32.9164
32.9661
33.1967
33.2543
33.2543
33.3617
33.4054
33.4631
33.4849
33.4989
33.5207
33.5705
33.6421
33.6937
33.6937
33.7295
33.974
33.9959
33.9959
34.1469
34.1469
34.1827
34.2185
34.2404
34.3338
34.3696
34.4273
34.477
34.4849
34.5705
34.7653
34.974
35.1251
35.139
35.1609
35.1967
35.2046
35.2543
35.2762
35.4273
35.5784
35.5923
35.6579
35.6639
35.7295
35.7653
35.8369
35.8448
35.9382
35.9522
36.2046
36.5923
36.5923
36.6718
36.6718
36.6937
36.7155
36.7513
36.7513
36.8806
36.9601
36.974
37.0177
37.0317
37.1827
37.2046
37.2543
37.2622
37.2901
37.4491
37.65
37.7871
37.8448
37.8945
38.0535
38.0893
38.3915
38.4491
38.5068
38.7871
38.9024
39.2265
39.2841
39.3199
39.3696
39.3775
39.471
39.5068
39.6221
39.6579
39.6579
39.6718
39.7513
39.8308
39.8885
39.9243
39.9382
40.0754
40.2622
40.5068
40.5863
40.8885
40.9382
40.974
41.0396
41.0674
41.1609
41.1907
41.2841
41.3696
41.3994
41.4352
41.4928
41.6937
41.8666
42.3994
42.5426
42.6002
42.6002
42.7155
42.8308
42.8666
43.0177
43.0535
43.1549
43.1907
43.2483
43.312
43.3557
43.4571
43.5863
43.5863
43.795
43.8885
43.9461
43.9601
44.0535
44.133
44.2265
44.2622
44.3418
44.3696
44.3775
44.4213
44.5505
44.6658
44.8448
44.8527
45.0256
45.0614
45.1549
45.1767
45.1907
45.3418
45.3994
45.4928
45.5286
45.6797
45.7513
45.795
45.8527
45.9322
45.968
46.0754
46.0754
46.1688
46.306
46.3278
46.3278
46.3557
46.3636
46.3855
46.3855
46.5366
46.5723
46.5723
46.63
46.795
46.968
47.0833
47.1112
47.1191
47.2702
47.2841
47.3199
47.4352
47.5644
47.5723
47.6081
47.7016
47.7016
47.7016
47.7234
47.7513
47.7811
47.8387
47.9898
47.9959
48.292
48.4431
48.6797
48.7592
48.8169
48.8387
48.954
49.0256
49.0893
49.1051
49.292
49.3497
49.4213
49.5008
49.5286
49.5644
49.6876
49.7234
49.7374
49.7453
49.8169
50.0256
50.1191
50.1767
50.4431
50.4571
50.5008
50.6161
50.6876
50.6876
50.7016
50.7095
50.8029
50.8029
50.8745
50.9898
51.0038
51.0117
51.0117
51.1767
51.2125
51.306
51.3497
51.4073
51.5147
51.5505
51.8248
51.8745
51.9182
51.9322
52.0038
52.0117
52.0396
52.1051
52.2841
52.3199
52.465
52.5942
52.7732
52.8029
52.9898
53.0256
53.1051
53.3139
53.3139
53.4073
53.4868
53.5008
53.5286
53.5803
53.7811
53.8666
54.0833
54.1051
54.1846
54.2204
54.2781
54.306
54.465
54.6797
54.6956
54.7453
54.9182
54.9977
54.9977
54.9977
55.0833
55.0833
55.3139
55.3855
55.3934
55.5366
55.8467
55.8824
56.0256
56.1986
56.2065
56.4789
56.6956
57.2702
57.2781
57.2999
57.451
57.5663
57.8109
57.8109
58.2781
58.2999
58.3218
58.4789
58.5087
58.5226
58.5942
58.6956
58.7751
58.789
59.0554
59.113
59.1488
59.1488
59.1846
59.2781
59.4868
59.5087
59.5663
59.6816
59.8467
59.9103
59.9182
60.0196
60.1349
60.3576
60.4152
60.4152
60.4729
60.5882
60.624
60.7532
60.789
60.8327
60.8904
60.9043
61.0196
61.0196
61.1349
61.1707
61.1925
61.2283
61.3436
61.3715
61.5882
61.6021
61.6816
61.6876
61.7751
61.8327
61.8904
61.9262
61.9619
61.9759
62.0117
62.0196
62.0991
62.113
62.2423
62.2502
62.4292
62.6816
62.7969
62.8327
62.8904
62.9043
63.0196
63.3078
63.4292
63.5663
63.6021
63.61
63.6816
63.7611
63.7969
63.9262
64.0991
64.113
64.1986
64.2144
64.4013
64.7174
64.7532
64.7751
64.8546
64.9977
65.0633
65.2144
65.2283
65.272
65.3655
65.5663
65.8546
65.948
66.0633
66.3218
66.3655
66.3794
66.5305
66.5524
66.5803
66.61
66.789
67.0415
67.0772
67.3436
67.4152
67.4729
67.6518
67.7393
67.783
67.783
67.9917
68.3297
68.3576
68.4589
68.5087
68.5166
68.5961
68.6458
68.6816
68.9122
68.9699
69.0117
69.2641
69.2939
69.4589
70.0494
70.1428
70.2005
70.3436
70.445
70.6319
70.7114
70.8625
70.9917
71.3655
71.6179
71.7253
71.962
72.0633
72.2502
72.2581
72.3158
72.4947
72.61
72.6895
72.8406
72.8625
72.9838
73.0494
73.0991
73.1289
73.1786
73.2144
73.5026
73.5524
73.5603
73.8267
74.28
74.5821
74.61
74.8843
74.8843
74.8843
74.9201
74.942
74.942
75.0712
75.28
75.286
75.3516
75.4669
75.5245
75.5384
75.5882
76.1289
76.2005
76.3953
76.5464
76.6537
76.7551
76.8983
76.9559
76.9559
76.9917
77.1647
77.3018
77.3734
77.4808
77.5305
77.8127
77.8983
77.942
77.948
78.4171
78.4529
78.4529
78.604
78.6398
78.6974
78.8406
78.9559
79.2442
79.4092
79.4311
79.7611
79.8267
80.266
80.3953
80.6398
80.6835
80.8127
81.0573
81.1149
81.1865
81.6259
81.7551
81.8704
81.8923
82.1149
82.3813
82.4311
82.6974
82.7411
82.9499
83.2005
83.3297
83.3813
83.4966
83.4966
83.6835
83.8923
84.1149
84.4311
84.5543
84.8048
84.9141
85.0354
85.1149
85.3734
85.4032
85.4529
85.4966
85.4966
85.5682
85.6398
85.6477
85.9062
85.9062
85.9638
86.0652
86.0652
86.5761
86.5901
86.7769
87.1228
87.2302
87.936
88.087
88.087
88.3674
88.6338
88.763
88.8425
89.6696
89.8346
89.8783
90.2023
90.2381
90.2381
90.3534
90.4827
90.598
90.6338
90.6398
90.6914
90.7491
90.8425
90.8425
91.1228
91.1805
91.2739
91.8425
91.936
92.1447
92.1805
92.5324
92.6198
92.6835
92.6914
92.922
92.9578
93.2023
93.3753
93.4687
93.5045
93.5264
93.5264
93.5403
93.6556
93.922
94.2023
95.087
95.2818
95.8207
95.9002
96.26
96.5324
97.1526
97.5264
97.6696
97.9141
97.9439
97.9578
98.4548
98.5264
98.5482
98.757
98.8504
99.2103
99.3971
99.419
99.5701
99.7212
99.7491
99.9578
100.1745
100.3892
100.6059
100.8286
100.8723
101.3176
101.3614
101.5264
101.5701
101.7351
101.9081
102.095
102.743
102.9876
103.2103
103.3037
103.3474
104.1308
104.5562
104.7072
104.757
104.7788
104.8583
104.8723
105.4409
105.4985
105.5919
105.9876
106.5124
106.5343
106.6635
106.8007
106.8225
106.8723
106.9439
106.9657
107.1247
107.578
107.6635
107.9736
108.0671
108.1605
108.1824
108.4051
108.4687
108.8007
108.8802
109.1824
109.1824
109.3335
109.5204
109.8802
110.0015
110.2977
110.5999
110.6357
110.7788
110.9736
111.7212
111.8583
112.0889
112.3335
112.5422
112.5562
113.6575
113.8007
113.8365
113.8662
114.075
114.1108
114.3195
114.4269
114.4706
114.5641
114.5641
114.7291
114.8146
114.9239
115.2261
115.3335
115.3772
115.5064
115.5641
115.5641
115.9736
116.4051
116.4846
116.5283
116.7649
116.8305
116.8662
116.9239
117.0392
117.1108
117.399
117.4488
117.5422
117.6436
117.8583
117.9458
118.6217
118.8523
119.0173
119.0611
119.3116
119.7152
119.9378
120.1903
120.5343
120.8523
121.2698
121.6436
121.7589
121.91
121.9458
122.7807
122.8662
123.0392
123.1764
123.2916
124.4427
124.896
125.0253
125.2042
125.3911
126.0471
126.1048
126.4706
127.1187
127.2559
127.2698
127.3135
127.3414
127.5422
127.6436
127.9179
128.0968
128.6157
128.7231
129.0471
129.3135
129.5799
129.6575
129.6733
129.7668
130.0034
130.4209
130.4785
130.6436
130.8463
131.0908
131.1763
131.2996
131.4646
131.902
132.0471
132.1545
132.7886
133.055
133.055
133.1127
133.2419
133.2419
133.8026
133.91
134.1266
134.6515
136.393
136.558
136.5878
136.8105
136.8323
137.3493
137.6812
137.9755
138.3433
138.5302
138.9258
139.228
139.5302
139.6594
139.9397
140.5878
140.6017
140.8681
140.89
141.5162
141.6673
141.7031
141.8681
141.8761
141.9118
142.4725
142.4804
142.8761
143.214
143.2359
143.5441
144.2996
144.9913
145.1424
145.387
145.8045
145.8403
146.0053
146.2717
146.4088
146.9695
147.3214
147.3512
147.4586
147.9476
149.2935
150.373
150.5818
150.7329
151.4586
151.8482
151.884
152.8403
152.9198
153.0569
153.373
153.4088
153.5957
153.7687
153.884
154.035
154.035
154.0708
154.2657
154.4446
155.3015
155.546
155.8482
155.9416
156.0788
156.3154
156.3154
157.0211
157.2875
157.8919
157.8979
157.9058
158.0211
158.043
158.3233
158.8621
159.1285
159.9495
160.381
160.7408
160.9277
161.367
161.6831
161.6892
162.1583
162.4525
162.6892
163.4028
163.6255
164.2517
164.4247
164.7268
164.7845
164.8203
165.2299
165.54
166.9277
166.9635
167.8779
167.9574
168.7129
168.7845
169.3173
169.6771
169.7129
170.54
170.8421
170.864
170.8998
171.1364
172.4107
172.8064
173.0946
173.2596
173.3531
173.6055
174.3033
174.3312
174.361
174.7566
174.7845
175.5479
176.1304
176.1741
176.6055
176.8719
177.3968
178.0946
178.5479
178.7427
179.023
179.4405
179.4981
180.361
180.8064
180.8938
181.3828
181.6632
182.2457
182.7348
182.9495
183.1164
183.9435
184.3112
184.3968
185.0309
185.9872
186.9156
187.2973
187.6055
188.0528
188.5558
188.7785
189.0667
189.9156
191.1681
192.0807
192.1681
192.5279
193.017
196.7585
199.2913
201.1978
201.2336
201.8956
202.9891
204.0109
204.1978
204.2257
204.7306
205.2773
205.5577
206.997
207.2555
208.9752
209.4284
210.1839
211.0965
211.5219
213.1918
213.3429
213.8817
216.3926
217.4224
217.7027
220.3071
221.7306
221.7604
223.5596
225.5019
225.9194
227.0347
228.5954
229.0128
229.6809
230.6093
232.0565
232.3727
233.0208
233.6172
236.5159
236.7404
238.7762
238.9054
239.4819
240.8259
241.6907
241.8697
244.1858
246.2235
246.4959
246.7046
247.5614
249.3388
250.4541
250.9571
251.8418
252.6986
253.5614
268.959
269.951
270.11
271.4978
271.5773
274.3843
280.277
283.8813
287.2909
290.1537
293.0403
313.2212
317.3226
319.2947
322.6764
323.0143
325.5611
329.6266
360.6006
362.881
387.4793
388.4594
406.0935
428.4413
531.3354
