3.0
3.0
3.0
3.0
3.0
3.0
3.0
3.0
3.0
3.0
3.0
3.0
3.0
3.0
3.0
3.0
3.0
3.0
3.0
3.0
3.0
3.0
3.0
3.0
3.0
3.0
3.0
3.0
3.0
3.0
3.0
3.0
3.0
3.0
3.0
3.0
3.0
3.0
3.0
3.0
3.0
3.0
3.0
3.0
3.0
3.0
3.0
3.0
3.0
3.0
3.0
3.0
3.0
3.0
3.0
3.0
3.0
3.0
3.0
3.0
3.0
3.0
3.0
3.0
3.0
3.0
3.0
3.0
3.0
3.0
3.0
3.0
3.0
3.0
3.0
3.0
3.0
3.0
3.0
3.0
3.0
3.0
3.0
3.0
3.0
3.0
3.0
3.0
3.0
3.0
3.0
3.0
3.0
3.0
3.0
3.0
3.0
3.0
3.0
3.0
3.0
3.0
3.0
3.0
3.0
3.0
3.0
3.0
3.0
3.0
3.0
3.0
3.0
3.0
3.0
3.0
3.0
3.0
3.0
3.0
3.0
3.0
3.0
3.0
3.0
3.0
4.0
4.0
4.0
4.0
4.0
4.0
4.0
4.0
4.0
4.0
4.0
4.0
4.0
4.0
4.0
4.0
4.0
4.0
4.0
4.0
4.0
4.0
4.0
4.0
4.0
4.0
4.0
4.0
4.0
4.0
4.0
4.0
4.0
4.0
4.0
4.0
4.0
4.0
4.0
4.0
4.0
4.0
4.0
4.0
4.0
4.0
4.0
4.0
4.0
4.0
4.0
4.0
4.0
4.0
4.0
4.0
4.0
4.0
4.0
4.0
4.0
4.0
4.0
4.0
4.0
4.0
4.0
4.0
4.0
4.0
4.0
4.0
4.0
4.0
4.0
4.0
4.2997
4.2997
4.4129
4.7523
4.7901
4.8655
5.0
5.0
5.0
5.0
5.0
5.0
5.0
5.0
5.0
5.0
5.0
5.0
5.0
5.0
5.0
5.0
5.0
5.0
5.0
5.0
5.0
5.0
5.0
5.0
5.0
5.0
5.0
5.0
5.0
5.0
5.0
5.0
5.0
5.0
5.0
5.0
5.0
5.0
5.0
5.0
5.0
5.2427
5.2997
5.3935
5.4506
5.6015
5.6015
5.6198
5.6392
5.7146
5.7146
5.7523
5.9409
5.9409
5.9593
5.9786
6.0
6.0
6.0
6.0
6.0
6.0
6.0
6.0
6.0
6.0
6.0
6.0
6.0
6.0
6.0
6.0
6.0
6.0
6.0
6.0
6.0
6.0
6.0
6.0
6.0
6.0
6.0
6.0164
6.0347
6.1102
6.1295
6.1479
6.2997
6.3742
6.3742
6.3935
6.4313
6.4313
6.469
6.469
6.4883
6.5628
6.7146
6.8461
6.8461
6.8645
6.8645
6.8645
6.9032
6.9593
7.0
7.0
7.0
7.0
7.0
7.0
7.0
7.0
7.0
7.0
7.0
7.0
7.0
7.0
7.0
7.0
7.0
7.0
7.0
7.0
7.0
7.0
7.0
7.0
7.1285
7.1662
7.2417
7.261
7.261
7.3752
7.4129
7.469
7.525
7.5434
7.6392
7.7891
7.7891
7.8084
7.8655
7.9216
7.9409
7.9409
7.9583
8.0
8.0
8.0
8.0
8.0
8.0
8.0
8.0
8.0
8.0
8.0
8.0
8.0
8.0
8.0
8.0
8.0
8.0
8.0541
8.0908
8.1285
8.1285
8.2233
8.3181
8.3365
8.4109
8.4303
8.4506
8.4873
8.5434
8.5811
8.5995
8.6015
8.6188
8.6382
8.7504
8.8084
8.8461
8.8461
8.9593
8.9593
8.9767
8.996
9.0
9.0
9.0
9.0
9.0
9.0
9.0
9.0
9.0
9.0521
9.1285
9.1295
9.261
9.2997
9.3355
9.4293
9.468
9.468
9.525
9.5628
9.6198
9.6566
9.6759
9.7126
9.8074
9.8084
9.8655
9.9787
10.0
10.0
10.0
10.0
10.0
10.0
10.0
10.0
10.0
10.0144
10.0541
10.0918
10.0918
10.2223
10.2794
10.3171
10.3915
10.4109
10.4293
10.4863
10.4883
10.5047
10.5995
10.6566
10.733
10.7697
10.8268
10.8451
10.9206
10.9399
10.997
11.0
11.0
11.0
11.0144
11.0521
11.0898
11.0898
11.202
11.2213
11.4129
11.4293
11.467
11.467
11.5037
11.5047
11.6546
11.6739
11.6923
11.73
11.8432
11.9379
11.9389
12.0
12.0
12.0
12.1265
12.1275
12.1449
12.2774
12.2958
12.2958
12.2968
12.3151
12.3151
12.3712
12.3915
12.3925
12.6198
12.7523
12.8432
12.9002
12.9206
12.9389
12.9747
12.9787
13.0
13.0898
13.1836
13.2397
13.5608
13.6362
13.7677
13.8422
13.8432
13.8625
13.9196
13.9747
14.0
14.0
14.0531
14.0714
14.1092
14.2997
14.3375
14.3518
14.468
14.6352
14.6719
14.6913
14.6913
14.7677
14.8432
14.8809
14.9369
14.9553
14.9757
15.0347
15.0491
15.1062
15.1265
15.2397
15.3161
15.3896
15.4313
15.4853
15.7106
15.8228
15.9543
16.0
16.0144
16.0491
16.0868
16.1052
16.2193
16.5057
16.5201
16.5578
16.5821
16.5995
16.6342
16.8982
17.0
17.0
17.0
17.1479
17.3508
17.3518
17.3538
17.3702
17.4069
17.4079
17.4823
17.6526
17.8084
18.0
18.0665
18.1042
18.1042
18.1052
18.1642
18.3121
18.6709
18.7851
18.8422
18.8982
19.0
19.0287
19.1613
19.2397
19.2744
19.6015
19.6709
19.727
20.1409
20.1632
20.2734
20.3488
20.4466
20.8635
21.0521
21.198
21.2183
21.256
21.3375
21.3488
21.6873
21.727
21.8402
21.8422
21.8992
22.6679
22.8565
22.935
23.0451
23.0704
23.1225
23.255
23.2744
23.4426
23.6352
23.6496
23.7995
23.9503
24.199
24.4794
24.8268
24.931
25.0268
25.4233
25.7831
25.8218
26.5618
26.6669
27.0431
27.1389
27.1593
27.2327
27.5027
27.5965
27.722
28.1756
28.2163
28.6282
28.7627
28.931
29.0287
29.4774
29.6853
29.8545
30.9106
30.932
31.2114
31.3632
32.0238
32.6069
33.7424
34.191
34.2858
34.6769
36.3285
37.453
38.5305
39.0605
39.6783
41.7781
41.7925
42.4694
42.5275
42.8843
42.924
44.0575
44.0729
47.4704
47.6967
47.8823
47.9006
48.0148
48.4674
48.6947
48.6967
49.6733
49.7885
50.7474
52.5061
55.3532
56.5001
57.4093
58.3299
63.0525
63.0669
66.5215
67.6376
71.2922
72.645
