3.0
3.0
3.0
3.0
3.0
3.0
3.0
3.0
3.0
3.0
3.0
3.0
3.0
3.0
3.0
3.0
3.0
3.0
3.0
3.0
3.0
3.0
3.0
3.0
3.0
3.0
3.0
3.0
3.0
3.0
3.0
3.0
3.0
3.0
3.0
3.0
3.0
3.0
3.0
3.0
3.0
3.0
3.0
3.0
3.0
3.0
3.0
3.0
3.0
3.0
3.0
3.0
3.0
3.0
3.0
3.0
3.0
3.0
3.0
3.0
3.0
3.0
3.0
3.0
3.0
3.0
3.0
3.0
3.0
3.0
3.0
3.0
4.0
4.0
4.0
4.0
4.0
4.0
4.0
4.0
4.0
4.0
4.0
4.0
4.0
4.0
4.0
4.0
4.0
4.0
4.0
4.0
4.0
4.0
4.0
4.0
4.0
4.0
4.0
4.0
4.0
4.0
4.0
4.0
4.0
4.0
4.0
4.0
4.0
4.0
4.0
4.0
4.0
4.0
4.0
4.0
4.0
4.0
4.0
4.0
4.2997
4.4506
4.526
4.5638
4.7146
4.7901
4.8655
5.0
5.0
5.0
5.0
5.0
5.0
5.0
5.0
5.0
5.0
5.0
5.0
5.0
5.0
5.0
5.0
5.0
5.0
5.0
5.0
5.0
5.0
5.0
5.0
5.0
5.0
5.0
5.0
5.0
5.0
5.0
5.0
5.0164
5.205
5.205
5.2427
5.2427
5.2804
5.2997
5.3375
5.4883
5.5821
5.6198
5.6392
5.7523
5.8084
5.8655
5.8655
5.9032
5.997
6.0
6.0
6.0
6.0
6.0
6.0
6.0
6.0
6.0
6.0
6.0
6.0
6.0
6.0
6.0
6.0
6.0
6.0
6.0
6.0
6.0
6.2233
6.261
6.3181
6.4129
6.4873
6.4873
6.526
6.5821
6.6759
6.7146
6.733
6.8461
6.9022
6.9399
6.9593
6.9786
6.997
7.0
7.0
7.0
7.0
7.0
7.0
7.0
7.0
7.0
7.0
7.0
7.0
7.3365
7.468
7.5057
7.5638
7.5638
7.6566
7.732
7.9409
7.9786
8.0
8.0
8.0
8.0
8.0
8.0
8.0
8.0
8.0
8.0
8.0
8.0
8.0
8.0
8.0
8.0
8.0
8.0714
8.1295
8.2233
8.4496
8.468
8.4863
8.5241
8.5444
8.6943
8.7126
8.8084
8.8461
8.8655
8.996
9.0
9.0
9.0
9.0
9.0
9.0
9.0
9.0
9.0
9.0
9.0
9.0
9.1469
9.203
9.2407
9.3548
9.4506
9.4883
9.4883
9.5628
9.5628
9.6566
9.7901
10.0
10.0
10.0
10.0
10.0
10.0
10.0705
10.2223
10.2968
10.3345
10.4476
10.4853
10.4873
10.5424
10.5811
10.6556
11.0
11.0
11.0
11.0
11.0
11.0
11.0
11.0
11.0
11.0888
11.1082
11.4283
11.5608
11.6362
11.6392
11.6546
11.8829
11.8839
12.0
12.0
12.0
12.0
12.0
12.0918
12.1072
12.3712
12.4496
12.4883
12.6168
12.73
12.8655
12.8809
13.0
13.0695
13.1672
13.2387
13.6159
13.6546
13.6913
13.7677
13.8819
14.0
14.0
14.0
14.0
14.0705
14.2407
14.2948
14.4496
14.6342
14.7096
15.0
15.0
15.0491
15.1082
15.2948
15.3742
15.6149
15.6178
15.7657
15.994
16.2938
16.3151
16.3315
16.3345
16.4446
16.6372
16.728
16.8228
16.9786
17.0
17.1613
17.8248
17.9156
18.0
18.255
18.3305
18.4129
18.4313
18.6159
18.7454
18.8208
19.0918
20.3181
20.3295
20.4883
20.7523
20.8392
21.0
21.0094
21.4456
21.5444
21.6119
21.6342
21.8198
21.99
22.0268
22.1786
22.8565
22.9186
23.0
23.5027
23.6709
24.469
25.1632
25.3459
25.7985
25.9593
26.8392
27.3091
27.8441
27.934
28.3826
28.4456
29.721
31.5692
31.8555
33.0788
33.2153
33.5682
36.0798
41.1533
41.3979
45.5275
51.0769
55.7314
57.8585
