3.0
3.0
3.0
3.0
3.0
3.0
3.0
3.0
3.0
3.0
3.0
3.0
3.0
3.0
3.0
3.0
3.0
3.0
3.0
3.0
3.0
3.0
3.0
3.0
3.0
3.0
3.0
3.0
3.0
3.0
3.0
3.0
3.0
3.0
3.0
3.0
3.0
3.0
3.0
3.0
3.0
3.0
3.0
3.0
3.0
3.0
3.0
3.0
3.0
3.0
3.0
3.0
3.0
3.0
3.0
3.0
3.0
3.0
3.0
3.0
3.0
3.0
3.0
3.0
3.0
3.0
3.0
3.0
3.0
3.0
3.0
3.0
3.0
3.0
3.0
3.0
3.0
3.0
3.0
3.0
3.0
3.0
3.0
3.0
3.0
3.0
3.0
3.0
3.0
3.0
3.0
3.0
3.0
3.0
3.0
3.0
3.0
3.0
3.0
3.0
3.0
3.0
3.0
3.0
3.0
3.0
4.0
4.0
4.0
4.0
4.0
4.0
4.0
4.0
4.0
4.0
4.0
4.0
4.0
4.0
4.0
4.0
4.0
4.0
4.0
4.0
4.0
4.0
4.0
4.0
4.0
4.0
4.0
4.0
4.0
4.0
4.0
4.0
4.0
4.0
4.0
4.0
4.0
4.0
4.0
4.0
4.0
4.0
4.0
4.0
4.0
4.0
4.0
4.0
4.0
4.0
4.0
4.0
4.0
4.0
4.0
4.0
4.0
4.0
4.0
4.2997
4.3374
4.526
4.526
4.6769
4.7146
4.8655
5.0
5.0
5.0
5.0
5.0
5.0
5.0
5.0
5.0
5.0
5.0
5.0
5.0
5.0
5.0
5.0
5.0
5.0
5.0
5.0
5.0
5.0
5.0
5.0
5.0
5.0
5.0
5.0
5.0
5.0
5.0
5.0
5.0
5.0
5.0918
5.1295
5.3181
5.3752
5.4129
5.4129
5.5067
5.5821
5.6575
5.7523
5.7523
5.7707
5.8084
5.8278
5.8461
5.8655
5.8655
5.8838
5.9032
5.9409
5.9593
6.0
6.0
6.0
6.0
6.0
6.0
6.0
6.0
6.0
6.0
6.0
6.0
6.0
6.0
6.0
6.0
6.0
6.0
6.0
6.0347
6.0541
6.0918
6.0918
6.1479
6.2049
6.261
6.2987
6.2987
6.3364
6.3374
6.3558
6.4129
6.4312
6.4506
6.4506
6.4883
6.525
6.526
6.5627
6.6198
6.6392
6.6769
6.6952
6.6952
6.733
6.7523
6.7707
6.79
6.8645
6.8655
6.8838
7.0
7.0
7.0
7.0
7.0
7.0
7.0
7.0
7.0
7.0347
7.0347
7.0918
7.1101
7.1672
7.2049
7.2426
7.2794
7.2987
7.2997
7.2997
7.3374
7.3742
7.3935
7.3935
7.4312
7.4506
7.4689
7.4873
7.526
7.526
7.526
7.6198
7.6198
7.6392
7.6575
7.7513
7.8278
7.8451
7.9022
7.997
7.997
8.0
8.0
8.0
8.0
8.0
8.0
8.0531
8.0908
8.1091
8.1101
8.2223
8.2794
8.3354
8.3354
8.3558
8.3558
8.3935
8.4119
8.4129
8.4506
8.4689
8.5434
8.5444
8.5821
8.5821
8.6198
8.6382
8.6759
8.6942
8.7136
8.7136
8.7707
8.8645
8.8645
8.9215
8.9215
8.9399
8.9593
9.0
9.0
9.0
9.0
9.0
9.0
9.0
9.1091
9.1846
9.2223
9.26
9.2784
9.3171
9.4496
9.4669
9.526
9.5444
9.5444
9.5627
9.5637
9.6769
9.6942
9.7136
9.7503
9.8064
9.9022
9.9195
10.0
10.0
10.0
10.0
10.0163
10.0724
10.0908
10.1081
10.1295
10.2039
10.2416
10.2997
10.3548
10.3721
10.4292
10.4669
10.4863
10.523
10.5424
10.5424
10.5434
10.5444
10.6372
10.6555
10.7493
10.7687
10.7697
10.789
10.8064
10.8268
10.8838
10.9205
10.9766
10.9786
11.0
11.0
11.0
11.0
11.0
11.0347
11.1468
11.1642
11.2406
11.2773
11.2967
11.3374
11.3558
11.3915
11.4099
11.4669
11.4853
11.5036
11.5067
11.6545
11.6555
11.6565
11.6749
11.7126
11.788
11.8451
11.9195
12.0
12.0
12.0
12.0
12.0
12.0541
12.0918
12.1265
12.1662
12.259
12.2773
12.3334
12.3528
12.3548
12.3558
12.3752
12.3925
12.4109
12.4119
12.5627
12.6352
12.6545
12.6565
12.6739
12.6922
12.6942
12.7677
12.787
12.789
12.8635
12.8992
12.9756
12.9776
12.995
13.0
13.0
13.0123
13.051
13.052
13.0898
13.1458
13.1468
13.1825
13.1846
13.258
13.26
13.26
13.2957
13.4843
13.5036
13.526
13.5414
13.5434
13.5974
13.5974
13.6188
13.6932
13.7299
13.7299
13.731
13.7523
13.7667
13.786
13.789
13.8247
13.8431
14.0
14.0
14.051
14.0878
14.1662
14.1662
14.2019
14.2396
14.2947
14.3364
14.3721
14.4078
14.4649
14.5036
14.523
14.5404
14.5974
14.5984
14.6362
14.6535
14.6565
14.6749
14.6952
14.7493
14.788
14.8461
14.9185
14.9369
14.9552
15.0
15.0
15.0694
15.1438
15.2233
15.3528
15.4272
15.521
15.525
15.6545
15.6555
15.6922
15.7146
15.7279
15.7279
15.79
15.8227
15.9756
16.0
16.0113
16.0163
16.0317
16.1061
16.1458
16.1642
16.258
16.3151
16.3508
16.3711
16.4078
16.4119
16.4119
16.4843
16.5404
16.5607
16.5781
16.6341
16.6525
16.6902
16.6912
16.7146
16.7279
16.784
16.8268
17.0
17.0857
17.259
17.2763
17.2763
17.3324
17.3508
17.3691
17.4068
17.4833
17.6902
17.7096
17.7279
17.7707
17.8044
17.8401
17.8411
17.9155
18.0
18.0
18.0143
18.1438
18.1622
18.1836
18.3701
18.4689
18.52
18.5394
18.5791
18.5994
18.6525
18.6719
18.7463
18.8615
18.9359
18.9532
18.9583
19.0
19.049
19.1612
19.256
19.3304
19.3304
19.3498
19.4089
19.5394
19.6505
19.8024
19.8237
19.8808
20.0
20.0
20.0
20.0103
20.0113
20.1989
20.2183
20.26
20.3528
20.4436
20.5026
20.52
20.6341
20.7453
20.783
20.8411
20.8808
20.992
21.047
21.0684
21.1245
21.2376
21.311
21.3498
21.4252
21.4262
21.4456
21.4466
21.52
21.5404
21.6505
21.6505
21.6882
21.7646
21.9562
21.994
22.0664
22.1418
22.2967
22.4312
22.4629
22.5383
22.6118
22.7146
22.7636
23.0093
23.0317
23.1398
23.2172
23.4609
23.5394
23.6301
23.6311
23.6321
23.7443
23.8187
23.8217
23.8584
23.9329
23.9339
23.9512
23.9532
23.9899
24.0
24.045
24.254
24.3334
24.4476
24.4629
24.5547
24.6118
24.6719
24.6902
24.7096
24.7096
24.7249
24.8381
24.8391
25.0
25.0163
25.0644
25.1458
25.2346
25.2773
25.3467
25.5353
25.5414
25.5537
25.572
25.6668
26.1214
26.2142
26.2773
26.4813
26.5067
26.521
26.5944
26.783
26.788
26.7993
26.8177
26.8227
26.9125
27.045
27.048
27.0624
27.1939
27.2029
27.2509
27.2997
27.309
27.5353
27.5394
27.7229
27.8931
28.1091
28.1101
28.1378
28.1388
28.3825
28.4456
28.4579
28.4599
28.5954
28.6465
28.6952
28.7035
28.7626
28.778
28.8554
29.0073
29.1245
29.1989
29.3661
29.4192
29.4466
29.4956
29.8351
29.9359
30.0991
30.4232
30.5353
30.57
30.6098
30.6495
30.7606
30.7646
30.8728
31.0103
31.4212
31.4579
31.5333
31.8361
31.8574
31.8911
31.8931
31.9716
32.0236
32.1001
32.4212
32.4415
32.4446
32.4813
32.6455
32.6505
32.6832
32.7005
32.7983
33.0236
33.0317
33.1959
33.3334
34.0226
34.2856
34.3274
34.4549
34.6241
34.6882
34.7056
35.1081
35.1715
35.2316
35.3274
35.3865
35.6087
35.6485
35.8504
36.043
36.1561
36.2276
36.2489
36.2877
36.6424
37.0206
37.1705
37.303
37.3784
37.4161
37.4232
37.6251
37.6995
38.0196
38.302
38.5854
38.8514
39.307
39.7433
40.0043
40.1001
40.2633
40.7056
40.8534
41.093
41.3224
41.5263
41.9105
42.3968
42.7249
42.9472
43.2112
43.302
43.4008
43.5079
43.9972
44.0226
44.301
44.3835
44.6057
44.7219
45.039
45.1561
45.1665
45.2132
45.2286
45.3571
45.6027
45.7903
45.8514
46.04
46.0797
46.4926
46.7199
47.095
47.6995
47.8361
48.4946
49.1164
49.1725
49.4732
49.6751
50.3804
51.6047
51.6414
52.3571
52.9799
53.1297
53.6201
54.4458
54.5233
55.615
56.8474
57.088
57.4896
57.6965
58.4825
58.6538
61.0717
61.1961
61.7526
61.9361
62.4642
63.6538
64.1054
64.827
65.1828
65.6741
65.6915
66.2012
67.3083
67.347
68.8547
68.9872
69.4051
70.4184
71.0453
71.7659
72.2889
73.0707
74.5029
74.8076
76.1931
81.9464
82.2929
85.0483
88.9985
90.3012
90.5653
90.864
92.34
100.7395
105.1086
119.3676
144.221
