3.0
3.0
3.0
3.0
3.0
3.0
3.0
3.0
3.0
3.0
3.0
3.0
3.0
3.0
3.0
3.0
3.0
3.0
3.0
3.0
3.0
3.0
3.0
3.0
3.0
3.0
3.0
3.0
3.0
3.0
3.0
3.0
3.0
3.0
3.0
3.0
3.0
3.0
3.0
3.0
3.0
3.0
3.0
3.0
3.0
3.0
3.0
3.0
3.0
3.0
3.0
3.0
3.0
3.0
3.0
3.0
3.0
3.0
3.0
3.0
3.0
3.0
3.0
3.0
3.0
3.0
3.0
3.0
3.0
3.0
3.0
3.0
3.0
3.0
3.0
3.0
3.0
3.0
3.0
3.0
3.0
3.0
3.0
3.0
3.0
3.0
3.0
3.0
3.0
4.0
4.0
4.0
4.0
4.0
4.0
4.0
4.0
4.0
4.0
4.0
4.0
4.0
4.0
4.0
4.0
4.0
4.0
4.0
4.0
4.0
4.0
4.0
4.0
4.0
4.0
4.0
4.0
4.0
4.0
4.0
4.0
4.0
4.0
4.0
4.0
4.0
4.0
4.0
4.0
4.0
4.2997
4.3374
4.4129
4.6015
4.6392
4.6769
4.6769
4.7146
4.7146
4.8655
4.9032
4.9786
5.0
5.0
5.0
5.0
5.0
5.0
5.0
5.0
5.0
5.0
5.0
5.0541
5.0918
5.1295
5.1672
5.3374
5.3558
5.3752
5.3935
5.4689
5.7523
5.7707
5.8084
5.8278
5.8461
5.8838
5.9032
5.9215
5.9215
5.9215
6.0
6.0
6.0
6.0
6.0
6.0
6.0
6.0
6.0163
6.0163
6.0163
6.0347
6.0541
6.0724
6.0724
6.0724
6.0918
6.1479
6.1856
6.2233
6.2987
6.3752
6.4312
6.5444
6.6382
6.6769
6.789
6.789
6.79
6.8268
6.8278
6.8461
6.9776
6.9786
7.0
7.0
7.0
7.0
7.0
7.0
7.0153
7.0163
7.0347
7.0347
7.1662
7.2233
7.3364
7.3548
7.3558
7.3925
7.4302
7.4679
7.525
7.526
7.6198
7.6382
7.6392
7.6565
7.6769
7.7136
7.7697
7.7697
7.8451
7.8451
7.8461
7.8655
7.9215
7.997
8.0
8.0153
8.0153
8.1285
8.2049
8.261
8.2987
8.3364
8.3374
8.3752
8.3935
8.4302
8.4312
8.4679
8.4883
8.6942
8.7136
8.7707
8.789
8.8268
8.8278
8.8451
8.8451
9.0
9.0
9.0153
9.0163
9.0541
9.0724
9.0898
9.0908
9.1295
9.2406
9.26
9.26
9.3558
9.3742
9.4109
9.4883
9.5047
9.5424
9.5627
9.5627
9.6555
9.7126
9.7126
9.8635
9.9022
9.997
10.0
10.1101
10.1652
10.2039
10.2039
10.2049
10.2784
10.2977
10.3354
10.4119
10.4476
10.5047
10.5424
10.6188
10.6362
10.6392
10.9195
10.9205
11.1081
11.1479
11.1836
11.2967
11.2987
11.3344
11.3374
11.3905
11.4282
11.4689
11.5607
11.5637
11.5791
11.6372
11.9185
11.9215
11.9562
12.1265
12.1642
12.2019
12.2416
12.2773
12.3161
12.3528
12.3721
12.4089
12.4282
12.4873
12.5047
12.5424
12.789
12.9379
13.0
13.052
13.1642
13.2213
13.2763
13.3334
13.3935
13.4659
13.5047
13.5801
13.6005
13.9389
14.0
14.0
14.0317
14.0888
14.4853
14.522
14.7299
14.7473
14.786
14.8431
14.8604
14.8982
14.9002
15.0123
15.0888
15.2396
15.4089
15.4262
15.4833
15.6341
15.7279
15.9195
15.9359
16.0
16.0113
16.0531
16.1438
16.2039
16.3885
16.4853
16.521
16.7279
16.9726
17.0
17.0
17.1805
17.313
17.3161
17.3334
17.3518
17.3885
17.4639
17.7269
17.7646
17.9552
18.5026
18.519
18.5414
18.7453
18.8962
18.9155
19.2753
19.6902
19.9165
20.0
20.1979
20.4272
20.4425
20.4813
20.6138
20.8401
21.0
21.0
21.0
21.0867
21.7677
21.8034
21.9135
22.3752
22.3875
22.8197
23.1458
23.2907
23.4996
23.8564
24.4232
25.3855
25.5934
25.6505
25.782
25.8371
25.8371
25.9145
26.2897
26.4436
26.6485
26.6862
27.0817
27.4038
27.9309
28.3641
28.5537
28.7046
28.9319
29.1388
29.4415
29.6842
30.4038
30.9492
31.4752
31.7239
32.3621
32.5517
32.779
33.0634
33.5313
33.8901
34.6445
35.7005
36.5119
37.4171
37.6792
38.306
39.2499
39.8514
40.5089
40.9799
41.2836
41.9248
42.8851
43.4151
43.4876
44.1287
44.4702
47.9392
48.4111
48.825
49.1074
52.1114
52.8046
53.8433
57.8433
59.2001
66.1644
66.2429
71.7752
72.6998
78.6794
80.0993
85.1657
108.3075
211.4672
