3.0
3.0
3.0
3.0
3.0
3.0
3.0
3.0
3.0
3.0
3.0
3.0
3.0
3.0
3.0
3.0
3.0
3.0
3.0
3.0
3.0
3.0
3.0
3.0
3.0
3.0
3.0
3.0
3.0
3.0
3.0
3.0
3.0
3.0
3.0
3.0
3.0
3.0
3.0
3.0
3.0
3.0
3.0
3.0
3.0
3.0
3.0
3.0
3.0
3.0
3.0
3.0
3.0
4.0
4.0
4.0
4.0
4.0
4.0
4.0
4.0
4.0
4.0
4.0
4.0
4.0
4.0
4.0
4.0
4.0
4.0
4.0
4.0
4.0
4.0
4.0
4.0
4.0
4.4129
4.4506
4.5638
4.7146
4.7524
5.0
5.0
5.0
5.0
5.0
5.0
5.0
5.0
5.0
5.0
5.0
5.0
5.0
5.0
5.0
5.0
5.0
5.0
5.1673
5.1673
5.3181
5.4129
5.4129
5.5444
5.5821
5.5821
5.5821
5.6769
5.6953
5.7707
5.8084
5.8278
5.9032
5.9593
5.9593
6.0
6.0
6.0
6.0
6.0
6.0541
6.1479
6.469
6.5067
6.6576
6.7146
6.7901
6.8268
6.8645
6.8655
6.94
6.9787
7.0
7.0
7.0
7.1102
7.1285
7.1856
7.4129
7.468
7.469
7.5057
7.5251
7.5434
7.7707
7.8278
7.8839
7.8839
7.9787
7.996
8.0
8.4864
8.4883
8.5638
8.7697
8.8645
8.939
8.9777
9.0
9.3742
9.4109
9.469
9.5057
9.6392
9.6576
9.733
10.0
10.0
10.0
10.0521
10.1102
10.1663
10.3926
10.467
10.4883
10.5057
10.5231
10.5434
10.5812
10.8645
10.996
11.0
11.2601
11.4099
11.5608
11.7891
11.8809
11.9941
12.0134
12.1072
12.2774
12.3171
12.3722
12.4109
12.6169
12.674
12.6749
12.938
13.0705
13.1449
13.1633
13.674
13.7861
13.937
14.1266
14.2948
14.3906
14.465
14.8045
14.8268
14.8268
14.8422
14.9777
14.9941
15.1836
15.3529
15.5975
15.6353
15.7484
15.9921
16.0308
16.0725
16.1246
16.2194
16.2194
16.2397
16.2561
16.3161
16.3886
16.4844
16.4864
16.5588
16.8219
16.8625
16.8625
16.9747
16.9951
17.0501
17.1256
17.3519
17.3886
17.408
17.4844
17.5008
18.0665
18.3132
18.3693
18.4313
18.935
19.1042
19.2968
19.406
19.407
19.6894
19.8035
19.8779
20.406
20.6313
20.7524
20.7822
20.8015
20.8392
20.8616
20.9534
21.0685
21.2367
21.2367
21.3296
21.3325
21.465
21.5782
22.3673
22.5549
22.5742
22.7057
23.0085
23.1226
23.6129
23.8586
23.9891
24.0268
24.7454
24.7812
24.8373
24.8382
25.2755
25.3152
25.3653
25.5162
25.7435
25.7608
25.7822
26.0645
26.0898
26.1216
26.8015
27.14
27.14
27.4591
27.6283
28.0809
28.2512
28.4397
28.6844
28.8373
29.1554
29.1564
29.1747
29.4204
29.7211
29.7589
29.7598
30.2879
30.401
30.5509
30.8566
31.0616
31.1921
31.2308
31.2869
31.3807
31.4621
31.7966
31.9658
32.0616
32.1921
32.6631
33.0596
33.1256
33.6834
33.6844
33.8149
34.0035
34.3043
34.5306
34.5683
35.1524
35.3613
35.3807
35.7956
35.9648
36.9077
37.0015
37.0799
37.7782
38.341
38.5876
38.6988
38.9618
38.9812
39.7539
39.811
40.2665
40.3584
40.7172
40.9261
41.9048
42.074
42.1901
42.4725
42.5489
42.6398
42.7916
42.7926
42.9415
43.2626
43.2646
43.3574
43.5073
43.6601
43.7916
44.6388
44.809
44.8457
45.074
45.5063
45.7529
47.5266
48.3003
49.0323
49.3534
49.7683
49.9782
50.4095
50.5797
50.6755
51.9936
52.5643
52.5643
52.8418
52.8428
53.6348
54.6145
55.544
55.7306
55.7877
56.4715
57.3882
58.6522
58.9618
58.9916
59.3301
59.7827
59.9077
60.5797
60.6705
61.6125
62.009
62.4055
63.6125
63.8755
64.4433
65.7256
66.7614
67.8969
69.7296
71.1733
71.3996
73.0313
73.3668
75.1753
76.4363
76.5678
76.8676
77.7351
78.4413
80.4507
80.7341
81.0969
82.4944
84.9014
86.2215
86.5629
88.0155
88.3773
91.1644
91.5813
94.7689
96.0319
97.0959
98.1981
99.6885
106.3063
106.9564
107.1768
107.347
120.6021
122.8101
123.3992
126.1892
129.9183
131.1843
148.7818
149.8553
151.0245
153.3794
154.5362
155.483
162.0032
177.0871
185.4255
203.4727
