3.0
3.0
3.0
3.0
3.0
3.0
3.0
3.0
3.0
3.0
3.0
3.0
3.0
3.0
3.0
3.0
3.0
3.0
3.0
3.0
3.0
3.0
3.0
3.0
3.0
3.0
3.0
3.0
3.0
3.0
3.0
3.0
3.0
3.0
3.0
3.0
3.0
3.0
3.0
3.0
3.0
3.0
3.0
3.0
3.0
3.0
3.0
3.0
3.0
3.0
3.0
3.0
3.0
3.0
3.0
3.0
3.0
3.0
3.0
3.0
3.0
3.0
3.0
3.0
3.0
3.0
3.0
3.0
3.0
3.0
3.0
3.0
3.0
3.0
3.0
3.0
3.0
3.0
3.0
3.0
3.0
3.0
3.0
3.0
3.0
3.0
3.0
3.0
3.0
3.0
3.0
3.0
3.0
3.0
3.0
3.0
3.0
3.0
3.0
3.0
3.0
3.0
3.0
3.0
3.0
3.0
3.0
3.0
3.0
3.0
3.0
3.0
3.0
3.0
3.0
3.0
3.0
3.0
3.0
3.0
3.0
3.0
3.0
3.0
3.0
3.0
3.0
3.0
3.0
3.0
3.0
3.0
3.0
3.0
3.0
3.0
3.0
3.0
3.0
3.0
3.0
3.0
3.0
3.0
3.0
3.0
3.0
3.0
3.0
3.0
3.0
3.0
3.0
3.0
3.0
3.0
3.0
3.0
3.0
3.0
3.0
4.0
4.0
4.0
4.0
4.0
4.0
4.0
4.0
4.0
4.0
4.0
4.0
4.0
4.0
4.0
4.0
4.0
4.0
4.0
4.0
4.0
4.0
4.0
4.0
4.0
4.0
4.0
4.0
4.0
4.0
4.0
4.0
4.0
4.0
4.0
4.0
4.0
4.0
4.0
4.0
4.0
4.0
4.0
4.0
4.0
4.0
4.0
4.0
4.2998
4.2998
4.2998
4.3375
4.3375
4.3375
4.3375
4.4129
4.4129
4.4129
4.4506
4.4506
4.4506
4.4506
4.4883
4.4883
4.4883
4.4883
4.5261
4.5261
4.5261
4.5261
4.5261
4.5638
4.5638
4.5638
4.6015
4.6015
4.6392
4.6392
4.6392
4.6392
4.6769
4.6769
4.7146
4.7146
4.7524
4.7524
4.7524
4.7524
4.7901
4.7901
4.7901
4.7901
4.7901
4.8278
4.8278
4.8655
4.8655
4.8655
4.9409
4.9409
4.9787
4.9787
4.9787
4.9787
4.9787
4.9787
5.0
5.0
5.0
5.0
5.0
5.0
5.0
5.0
5.0
5.0
5.0
5.0
5.0
5.0
5.0
5.0
5.0
5.0
5.0
5.0
5.0
5.0
5.0
5.0
5.0
5.0
5.0164
5.0164
5.0541
5.0541
5.0541
5.0918
5.1295
5.205
5.2427
5.2427
5.2804
5.2804
5.2998
5.2998
5.3181
5.3181
5.3181
5.3375
5.3375
5.3558
5.3752
5.3752
5.3752
5.3752
5.3936
5.4129
5.4313
5.4313
5.469
5.469
5.4883
5.5261
5.5444
5.5444
5.5444
5.5638
5.5638
5.5821
5.5821
5.5821
5.6015
5.6015
5.6015
5.6015
5.6015
5.6199
5.6199
5.6199
5.6392
5.6576
5.6576
5.6769
5.6769
5.6769
5.6953
5.6953
5.7146
5.7146
5.7146
5.733
5.733
5.733
5.733
5.733
5.7524
5.7524
5.7707
5.7901
5.8278
5.8278
5.8278
5.8462
5.8655
5.8839
5.9032
5.9216
5.9216
5.9216
5.9409
5.9409
5.9409
5.9593
5.9787
6.0
6.0
6.0
6.0
6.0
6.0
6.0
6.0
6.0
6.0
6.0
6.0
6.0
6.0
6.0164
6.0347
6.0541
6.0725
6.0725
6.0725
6.1102
6.1295
6.1479
6.1673
6.1673
6.1673
6.1673
6.1673
6.1856
6.2233
6.2427
6.2611
6.2804
6.2988
6.2998
6.2998
6.3181
6.3365
6.3558
6.3558
6.3558
6.3742
6.3752
6.3752
6.3936
6.4119
6.4119
6.4119
6.4119
6.4313
6.4313
6.4496
6.4496
6.469
6.4874
6.4883
6.4883
6.5261
6.5444
6.5628
6.5628
6.5628
6.5638
6.5638
6.5821
6.5821
6.5821
6.6005
6.6005
6.6015
6.6015
6.6199
6.6199
6.6382
6.6382
6.6392
6.6759
6.6953
6.7514
6.7514
6.8084
6.8084
6.8268
6.8278
6.8462
6.8839
6.8839
6.9022
6.9022
6.9022
6.9032
6.9216
6.9593
6.9593
6.9777
6.9787
6.997
6.997
7.0
7.0
7.0
7.0
7.0154
7.0164
7.0347
7.0531
7.0531
7.0531
7.0531
7.0541
7.0725
7.0908
7.1102
7.1102
7.1285
7.1285
7.1295
7.1295
7.1295
7.1479
7.1663
7.1663
7.1663
7.1663
7.1856
7.1856
7.204
7.2233
7.2804
7.2804
7.3171
7.3365
7.3548
7.3548
7.3558
7.3558
7.3742
7.3742
7.3742
7.4119
7.4119
7.4303
7.4303
7.4303
7.4496
7.4506
7.4506
7.4506
7.4506
7.468
7.4874
7.5067
7.5251
7.5434
7.5638
7.5812
7.5812
7.6005
7.6005
7.6005
7.6015
7.6576
7.6759
7.6759
7.6759
7.6769
7.6943
7.7137
7.7146
7.732
7.7707
7.7901
7.8075
7.8084
7.8278
7.8278
7.8452
7.8645
7.8645
7.8655
7.8829
7.8839
7.9022
7.9206
7.9206
7.9206
7.9216
7.94
7.94
7.94
7.9583
8.0
8.0
8.0
8.0154
8.0154
8.0154
8.0164
8.0164
8.0338
8.0531
8.0531
8.0715
8.0725
8.0908
8.1092
8.1285
8.1285
8.1469
8.1673
8.1846
8.1846
8.1856
8.204
8.204
8.2223
8.2233
8.2417
8.2978
8.2988
8.3171
8.3355
8.3355
8.3558
8.3732
8.3732
8.3752
8.3752
8.3936
8.4109
8.4303
8.4303
8.4486
8.4883
8.5241
8.5251
8.5251
8.5444
8.5618
8.5628
8.5812
8.5995
8.6372
8.6372
8.6566
8.6759
8.6759
8.7137
8.7504
8.7514
8.8075
8.8075
8.8278
8.8635
8.8829
8.9206
8.9216
8.939
8.94
8.9409
8.9767
8.996
9.0144
9.0154
9.0521
9.0725
9.1092
9.1285
9.1285
9.1295
9.1469
9.1479
9.1653
9.1653
9.1653
9.1663
9.1846
9.204
9.2223
9.2223
9.2233
9.2233
9.2417
9.2611
9.2784
9.2784
9.3355
9.3539
9.3732
9.3936
9.4109
9.4293
9.4303
9.4486
9.4864
9.5047
9.5241
9.5251
9.5424
9.5444
9.5812
9.6179
9.6179
9.6372
9.6556
9.6566
9.6566
9.6759
9.6943
9.7127
9.7504
9.7687
9.7687
9.8065
9.8462
9.8635
9.9196
9.9196
9.94
9.9573
9.9787
9.996
10.0144
10.0154
10.0328
10.0338
10.0338
10.0521
10.0531
10.0705
10.0715
10.0918
10.1459
10.1479
10.1663
10.1836
10.2407
10.2407
10.2591
10.2601
10.2601
10.3345
10.3548
10.3722
10.3732
10.3742
10.3742
10.4293
10.4477
10.4486
10.4864
10.5802
10.5802
10.5985
10.6179
10.6362
10.674
10.674
10.6933
10.7494
10.7494
10.7494
10.7504
10.7504
10.7687
10.7697
10.7707
10.7871
10.7881
10.8065
10.8625
10.8819
10.8819
10.9013
10.9196
10.9216
10.9767
10.9951
11.0
11.0134
11.0328
11.0705
11.1082
11.1082
11.1276
11.1459
11.1469
11.1643
11.1653
11.1663
11.1836
11.202
11.2223
11.2601
11.2784
11.3152
11.3345
11.3529
11.4099
11.4283
11.4293
11.4477
11.4477
11.5037
11.5037
11.5047
11.5415
11.5415
11.5608
11.5792
11.5995
11.6362
11.6566
11.6923
11.6923
11.7117
11.7137
11.7494
11.7678
11.7687
11.7687
11.8055
11.8248
11.8432
11.938
11.9563
11.9757
11.9767
12.0328
12.0521
12.0898
12.1072
12.1082
12.1826
12.202
12.2214
12.2774
12.2774
12.2978
12.3152
12.3335
12.3529
12.3529
12.3732
12.4099
12.4099
12.4293
12.5037
12.5037
12.5047
12.5221
12.5598
12.5598
12.5975
12.5975
12.6546
12.6556
12.673
12.6933
12.73
12.7678
12.7678
12.8238
12.8625
12.8625
12.9563
12.9757
13.0134
13.0164
13.0318
13.0328
13.0511
13.0521
13.0879
13.1449
13.1643
13.1836
13.2204
13.2204
13.2764
13.2968
13.3335
13.3529
13.3539
13.3558
13.3712
13.3896
13.4089
13.4467
13.5027
13.5221
13.5231
13.5251
13.5415
13.5975
13.6353
13.674
13.6749
13.7107
13.73
13.7668
13.7678
13.8616
14.0695
14.0879
14.1439
14.1439
14.1633
14.2764
14.2948
14.3181
14.3325
14.3519
14.5027
14.5405
14.5405
14.5782
14.5782
14.6353
14.6353
14.6536
14.673
14.7097
14.7097
14.7097
14.8045
14.9176
14.936
14.9573
14.9931
15.0492
15.0879
15.1082
15.1266
15.1623
15.1633
15.2
15.201
15.2194
15.2571
15.2571
15.2755
15.2948
15.3325
15.3519
15.3519
15.3539
15.4099
15.4467
15.4486
15.5037
15.5588
15.6343
15.6343
15.6526
15.6913
15.8789
15.8983
16.0308
16.0675
16.0675
16.1062
16.1439
16.1449
16.1623
16.1826
16.2
16.2184
16.2194
16.3132
16.3325
16.3886
16.3886
16.4824
16.5201
16.5211
16.7087
16.7668
16.8973
16.9727
17.0298
17.0859
17.1062
17.1613
17.199
17.2184
17.2938
17.3122
17.3702
17.3876
17.4253
17.4263
17.5008
17.5008
17.5385
17.5385
17.5395
17.5618
17.5772
17.671
17.672
17.8025
17.8219
17.8402
17.8596
17.8596
17.9166
17.935
17.9727
17.9737
17.9737
17.9911
18.0104
18.0482
18.0501
18.1246
18.143
18.1613
18.1797
18.2551
18.2928
18.4437
18.4834
18.5008
18.5385
18.5578
18.5792
18.6323
18.6353
18.6353
18.7271
18.7271
18.7281
18.8209
18.9727
19.1042
19.142
19.1613
19.2184
19.2367
19.2745
19.2928
19.3489
19.3499
19.3693
19.3866
19.3876
19.4243
19.4437
19.5385
19.5568
19.5568
19.6506
19.7271
19.8209
19.8392
19.8586
19.8586
20.0288
20.0472
20.0675
20.1226
20.1236
20.2174
20.2928
20.3509
20.3876
20.406
20.4243
20.4804
20.5181
20.5375
20.5559
20.7822
20.8953
20.9147
20.9176
20.9901
20.9911
21.0095
21.0278
21.0278
21.0655
21.1971
21.2581
21.2918
21.3683
21.3856
21.405
21.405
21.4437
21.4611
21.4621
21.4988
21.5181
21.6506
21.6894
21.7444
21.7628
21.7628
21.7628
21.7822
21.7832
21.8005
21.8953
21.9137
22.0655
22.1216
22.1216
22.1797
22.2531
22.2541
22.3296
22.4243
22.6303
22.6497
22.8382
22.8616
22.8943
23.0075
23.0452
23.0645
23.1023
23.1042
23.1583
23.2358
23.2531
23.2908
23.3092
23.3479
23.3479
23.3866
23.4978
23.5365
23.5926
23.6497
23.6864
23.6874
23.7067
23.7444
23.8189
23.8953
23.9514
23.9707
24.0278
24.0452
24.0665
24.1285
24.1767
24.3653
24.4224
24.4784
24.5018
24.5172
24.5926
24.611
24.7425
24.7802
24.8199
24.8373
24.8373
24.8566
24.8933
24.932
25.0258
25.0482
25.0636
25.0829
25.0829
25.1961
25.2705
25.3122
25.3837
25.3846
25.4591
25.4601
25.5162
25.5355
25.5539
25.6864
25.7435
25.7812
25.8363
25.874
25.875
26.0258
26.0819
26.1003
26.3082
26.3846
26.4968
26.5539
26.61
26.7038
26.7608
26.8769
26.8923
27.0809
27.1003
27.138
27.1574
27.1593
27.2134
27.2695
27.3449
27.3663
27.4581
27.4784
27.5152
27.666
27.7221
27.7598
27.8169
27.8546
27.8546
27.8953
27.9117
28.0065
28.0432
28.2879
28.3643
28.3837
28.401
28.4397
28.4397
28.5142
28.5713
28.6283
28.7976
28.8353
28.8914
28.9484
29.0422
29.1554
29.1941
29.1941
29.4765
29.6834
29.7028
29.7211
29.873
29.9484
29.9484
29.9717
30.0045
30.0045
30.0422
30.0983
30.1737
30.2685
30.3072
30.608
30.6854
30.7782
30.932
30.9474
31.3807
31.5509
31.6641
31.6844
31.8149
32.0983
32.0983
32.1177
32.1737
32.1941
32.4184
32.4194
32.4368
32.5316
32.7018
32.9097
32.9668
33.0596
33.1177
33.1196
33.2859
33.342
33.3797
33.4174
33.4184
33.4765
33.5132
33.5306
33.6437
33.6864
33.7028
33.8139
33.8343
33.9658
34.0586
34.1167
34.2472
34.3236
34.342
34.3613
34.6437
34.7956
34.8139
35.1718
35.2502
35.2665
35.5112
35.7192
35.8894
36.0199
36.0199
36.0586
36.1911
36.2462
36.87
37.1524
37.2656
37.2899
37.4725
37.605
37.7375
37.8323
37.9251
38.0383
38.2646
38.6263
38.6804
38.7365
38.87
38.9832
39.075
39.3023
39.3971
39.4164
39.5316
39.868
40.1311
40.547
40.605
40.6214
40.6224
40.7733
40.9648
40.9812
41.075
41.1137
41.1321
41.2259
41.4938
41.6234
41.7742
41.8874
41.9608
42.1127
42.1678
42.3197
42.4899
42.9038
42.9231
43.3757
43.8303
43.9986
44.0556
44.0914
44.0924
44.0934
44.337
44.4135
44.4929
44.6581
45.1678
45.3177
45.337
45.6011
46.0343
46.2829
46.3187
46.5053
46.6001
46.6204
46.6388
46.7549
46.8457
46.9772
47.279
47.3187
47.3931
47.6561
47.6755
47.9579
48.279
48.4685
49.0333
49.3728
49.8437
50.7306
50.9569
51.1078
51.3728
51.6929
51.807
51.8805
52.072
52.2393
52.5594
53.0497
53.3137
53.6348
53.748
53.9753
54.8418
55.4065
56.0681
56.3167
56.5584
56.9529
57.4636
58.0671
59.3872
59.481
59.9713
61.1782
62.0825
62.4229
62.6482
62.9703
63.2527
63.5197
64.5157
64.6289
64.6309
64.742
65.2333
65.8165
67.2874
67.2884
67.7594
68.2517
68.2944
69.2507
69.4944
70.2487
70.7574
71.7624
71.9276
73.6249
76.5872
77.1743
77.7187
78.3579
78.5088
79.0552
80.0582
80.4517
82.1674
83.0736
84.6954
84.884
84.9961
85.3763
87.9411
89.8617
90.4924
91.0621
91.8994
93.8249
94.4651
96.5396
97.1798
98.9768
100.5182
102.9495
103.2706
104.1942
105.1004
105.6091
107.758
111.4552
112.2592
112.7937
115.4533
116.7376
123.5808
128.4369
130.4696
135.9927
139.0836
144.8235
150.3466
163.297
