3.0
3.0
3.0
3.0
3.0
3.0
3.0
3.0
3.0
3.0
3.0
3.0
3.0
4.0
4.3817
4.3817
4.3817
4.5328
4.5328
4.5328
4.5328
4.6839
4.6839
4.835
4.9861
4.9861
5.0
5.0
5.0
5.0
5.1371
5.2882
5.2882
5.2882
5.2882
5.2882
5.3817
5.3817
5.3817
5.3817
5.3817
5.4393
5.4393
5.5904
5.5904
5.6839
5.7415
5.7415
5.7415
5.7415
5.7415
5.835
5.835
5.835
5.8926
5.8926
6.0
6.0
6.0437
6.0437
6.0437
6.3459
6.3459
6.3459
6.3817
6.4393
6.4393
6.4393
6.497
6.497
6.5904
6.6481
6.6481
6.6481
6.7415
6.7992
6.8926
6.9503
7.1013
7.1013
7.1371
7.1948
7.2524
7.2524
7.2524
7.2524
7.3817
7.497
7.6481
7.6481
7.7057
7.7057
7.7992
7.8568
7.8568
8.1013
8.1948
8.1948
8.3101
8.3101
8.3101
8.3101
8.3101
8.3101
8.3459
8.4035
8.4035
8.4612
8.4612
8.4612
8.5546
8.6123
8.6123
8.6123
8.7057
8.7057
8.7057
8.7634
8.8568
8.9145
9.0655
9.0655
9.2166
9.2166
9.2166
9.2166
9.2524
9.2524
9.2882
9.3101
9.3101
9.3677
9.5188
9.5904
9.6699
9.821
9.821
9.821
9.8568
9.9145
9.9145
9.9721
9.9721
10.1013
10.1948
10.2743
10.4254
10.5188
10.7276
10.7276
10.7276
10.7634
10.8568
11.0297
11.0655
11.1013
11.1808
11.1808
11.2743
11.3319
11.3677
11.483
11.7276
11.7852
11.7852
11.821
11.9363
11.9363
11.9721
11.9721
12.6918
12.6918
12.8429
12.9721
12.994
13.1232
13.2385
13.2961
13.3896
13.4472
13.5983
13.5983
13.5983
13.5983
13.9005
14.0516
14.0516
14.0655
14.2027
14.2027
14.2961
14.3538
14.3538
14.4472
14.5049
14.5407
14.5983
14.656
14.656
14.8071
14.9582
14.994
15.1092
15.2603
15.3538
15.3538
15.3538
15.4114
15.5625
15.7136
16.0158
16.2027
16.318
16.3319
16.4114
16.4691
16.4691
16.4691
16.5049
16.5049
16.5983
16.6202
16.656
16.7713
16.7713
16.7713
16.8647
17.0734
17.0734
17.0734
17.0734
17.2245
17.318
17.3538
17.3756
17.483
17.5267
17.7136
17.8071
17.8289
17.9582
18.0734
18.2822
18.4472
18.5844
18.5844
18.5844
18.6202
18.7136
18.7355
18.7355
18.8866
18.8866
18.8866
19.0376
19.1311
19.1311
19.3398
19.4333
19.4333
19.4909
19.4909
19.4909
19.5844
19.642
19.656
19.7355
19.7355
19.7931
19.9442
19.9442
20.0953
20.2245
20.3398
20.3975
20.3975
20.4114
20.4333
20.4909
20.5267
20.5486
20.6997
20.8508
20.9442
21.2464
21.5844
21.8866
21.9084
22.0595
22.1529
22.1529
22.2106
22.304
22.3398
22.6639
23.1171
23.2682
23.2682
23.2682
23.4193
23.4193
23.6062
23.6639
23.7215
23.8726
23.8726
24.0237
24.1748
24.1748
24.1748
24.2682
24.3259
24.3259
24.4193
24.477
24.6281
24.7215
24.7215
24.7792
24.8726
24.8726
24.9303
25.0813
25.1748
25.2324
25.3835
25.5128
25.6281
25.6857
25.6857
25.8368
26.0953
26.5923
26.6857
26.6857
26.7434
26.9084
27.0455
27.2901
27.477
27.4988
27.5923
27.6499
27.9521
27.9521
27.9521
28.0455
28.139
28.2901
28.4054
28.4054
28.4412
28.6499
28.7076
28.801
29.0098
29.0237
29.1032
29.1608
29.1608
29.2901
29.3119
29.4988
29.9163
29.9661
30.0674
30.1608
30.2185
30.2185
30.2185
30.3696
30.3696
30.3696
30.5207
30.5207
30.6718
30.7076
30.8229
30.8229
31.0674
31.125
31.125
31.125
31.2185
31.2185
31.3696
31.463
31.463
31.5783
31.7294
31.8805
31.974
32.0316
32.0316
32.0316
32.0316
32.1827
32.1827
32.4272
32.7871
32.7871
32.8229
33.0456
33.0892
33.3914
33.5425
33.5783
33.6718
33.6936
33.8447
33.9958
33.9958
34.0098
34.0892
34.1469
34.1469
34.298
34.4054
34.5207
34.6002
34.7294
34.7513
34.7513
35.0535
35.0892
35.2045
35.3556
35.3556
35.6578
35.6578
35.6578
35.6718
35.6936
35.96
36.2622
36.2622
36.3556
36.4133
36.5644
36.5644
36.5644
36.6578
36.6936
36.8666
36.8666
36.96
36.96
36.96
37.0177
37.3198
37.5425
37.7731
37.7731
37.7731
38.1687
38.2264
38.298
38.3198
38.4133
38.6797
38.8308
38.8308
38.8308
38.9819
39.1329
39.1329
39.2264
39.284
39.284
39.4351
39.5862
39.7373
39.7373
39.7731
39.8666
39.9819
40.0395
40.1329
40.1906
40.6439
41.0971
41.2482
41.2482
41.3417
41.3993
41.3993
41.5504
41.5862
41.7015
41.7015
41.8526
41.8526
42.0037
42.3059
42.3059
42.3059
42.457
42.457
42.5504
42.6081
42.6081
42.7592
42.7592
42.9103
42.9103
43.2124
43.2124
43.2124
43.5146
43.6439
43.6657
43.6657
43.6657
43.6657
43.8168
43.9679
44.2701
44.2701
44.4351
44.5723
44.7234
44.7234
44.8168
45.781
45.9321
46.0832
46.2482
46.3854
46.6876
46.8387
47.1408
47.1408
47.3277
47.5941
47.5941
47.7452
47.8387
48.1985
48.2264
48.2343
48.4351
48.5007
48.781
48.8029
48.8029
48.954
49.2561
49.2561
49.4072
49.5007
49.6518
49.7094
49.8605
50.3138
50.3496
50.616
50.7671
50.9182
51.2203
51.5225
51.6518
51.6736
52.0693
52.1269
52.1269
52.1269
52.278
52.5802
52.616
52.7313
52.8247
52.8824
52.8824
53.1845
53.1845
53.3356
53.3356
53.7889
53.94
54.0116
54.0911
54.6955
54.6955
54.8466
54.9977
55.1487
55.3138
55.4509
55.5444
55.8466
55.9977
56.2064
56.5086
56.5802
56.9619
57.1129
57.1129
57.278
57.6597
57.7173
57.7173
57.8684
57.8684
57.8684
57.8684
58.1129
58.1129
58.1706
58.1706
58.4728
58.6239
58.775
58.8684
59.2282
59.3793
59.6815
59.6815
59.6815
60.2859
60.2859
60.9837
61.0553
61.1924
61.1924
61.2859
61.4946
61.4946
61.6457
61.6457
61.9479
62.5086
62.6457
62.6457
62.7034
62.7173
62.8545
63.7034
64.5165
64.6099
64.8187
64.8187
65.1208
65.423
65.423
65.423
65.5741
65.8187
65.8187
65.8763
65.9479
66.1208
66.3296
66.3654
66.423
66.4807
66.6318
66.6318
66.7829
66.934
66.934
67.0274
67.0851
67.5383
67.5383
67.5383
67.7829
67.8405
67.9916
68.0851
68.2938
68.2938
68.4449
68.4449
68.6894
68.8982
68.8982
69.0493
69.2003
69.2003
69.3514
69.5025
69.5025
69.8047
69.8047
69.8047
71.0135
71.1646
71.1646
71.3156
71.7689
71.92
72.0711
72.0711
72.4667
72.4667
72.4667
72.6178
72.9777
73.582
73.582
73.582
73.7331
74.2798
74.3375
74.6397
74.7689
75.244
75.244
76.0929
76.3017
76.3017
76.6039
77.1864
77.2082
77.3017
77.8126
77.9637
77.9995
78.1148
78.417
78.417
79.3235
79.3593
79.4746
79.6257
79.755
82.4388
82.4965
82.741
82.7987
82.7987
82.7987
84.0074
84.0074
84.6118
84.914
85.1009
86.2738
86.4249
86.8782
87.1804
87.4249
87.4825
87.4825
87.4825
88.0869
89.1804
89.7489
89.9
90.9577
91.562
91.562
92.2022
93.224
93.5262
93.5262
93.8284
93.9219
94.2817
94.5839
95.0372
95.1882
95.1882
95.7926
96.5481
96.6992
97.9079
97.9079
98.4904
98.8145
99.2677
99.3612
99.721
100.1743
100.1743
100.4765
101.0809
101.0809
101.3254
101.6852
101.9874
102.4407
102.5341
102.7429
103.0451
103.9516
104.1027
104.7071
105.1604
105.6136
105.6136
106.5202
107.5778
107.7289
108.3333
108.9377
109.3909
109.6931
109.8442
110.7866
111.0669
112.715
113.3193
114.1683
115.8879
116.1901
117.0967
117.4923
117.8521
118.3054
120.4207
121.6652
123.5936
124.8024
125.0827
125.2556
126.4644
126.9177
128.4286
130.1901
132.2417
133.7168
133.8679
138.033
138.0985
139.4583
142.516
143.0051
144.2357
144.7466
145.6531
150.4444
152.6034
154.8698
156.3807
159.8558
163.0288
164.2375
166.2017
166.3528
168.7126
170.6768
171.1878
172.3965
198.6289
199.291
215.0046
227.6963
