3.0
3.0
3.0
3.0
3.0
3.0
3.0
3.0
3.0
3.0
3.0
3.0
3.0
3.0
3.0
3.0
3.0
3.0
3.0
3.0
3.0
3.0
3.0
3.0
3.0
3.0
3.0
3.0
3.0
3.0
3.0
3.0
3.0
3.0
3.0
3.0
3.0
3.0
3.0
3.0
3.0
3.0
3.0
3.0
3.0
3.0
3.0
3.0
3.0
3.0
3.0
3.0
3.0
3.0
3.0
3.0
3.0
3.0
3.0
3.0
4.0
4.0
4.0
4.0
4.0
4.0
4.0
4.0
4.0
4.0
4.0
4.0
4.0
4.0
4.0
4.0
4.0
4.0
4.0
4.0
4.0
4.0
4.0
4.0
4.0
4.0
4.0
4.0
4.0
4.0
4.0
4.0
4.0
4.3817
4.3817
4.5328
4.6839
4.835
4.835
4.835
4.9861
4.9861
5.0
5.0
5.0
5.0
5.0
5.0
5.0
5.0
5.0
5.0
5.0
5.0
5.0
5.1371
5.1371
5.1371
5.1371
5.2882
5.3817
5.3817
5.4393
5.4393
5.5328
5.5328
5.5904
5.5904
5.5904
5.6839
5.6839
5.7415
5.7415
5.7415
5.835
5.835
5.835
5.835
5.8926
5.8926
5.8926
5.8926
5.9861
6.0
6.0
6.0
6.0
6.0
6.0
6.0
6.0
6.0
6.0
6.0
6.0
6.0437
6.0437
6.0437
6.1371
6.1371
6.1371
6.1371
6.1948
6.1948
6.1948
6.2882
6.2882
6.2882
6.3459
6.3459
6.3459
6.3817
6.3817
6.3817
6.3817
6.3817
6.3817
6.4393
6.4393
6.4393
6.497
6.497
6.497
6.5328
6.5328
6.5904
6.6481
6.6839
6.6839
6.7415
6.7415
6.7992
6.7992
6.7992
6.835
6.835
6.8926
6.8926
6.8926
6.8926
6.9503
6.9861
6.9861
7.0
7.0
7.0
7.0
7.0
7.0437
7.0437
7.0437
7.1013
7.1013
7.1013
7.1948
7.2524
7.2524
7.2524
7.2882
7.2882
7.2882
7.3459
7.3817
7.4035
7.4393
7.497
7.497
7.497
7.5328
7.5328
7.5328
7.5328
7.5546
7.5546
7.5546
7.5546
7.5546
7.5546
7.5546
7.5904
7.5904
7.5904
7.6481
7.6839
7.6839
7.6839
7.7057
7.7057
7.7057
7.7057
7.7057
7.7415
7.7992
7.7992
7.8568
7.8568
7.8926
7.9503
7.9503
7.9503
7.9503
7.9503
7.9861
7.9861
8.0
8.0
8.0
8.0
8.0
8.0
8.0079
8.0079
8.0079
8.0437
8.0437
8.1371
8.159
8.159
8.159
8.2524
8.3101
8.3459
8.3459
8.4035
8.4035
8.4393
8.4612
8.4612
8.4612
8.4612
8.5546
8.5546
8.5546
8.5904
8.6481
8.6481
8.6481
8.6481
8.6839
8.7057
8.7057
8.7057
8.7415
8.7415
8.7634
8.7992
8.8568
8.8568
8.8568
8.8926
8.9145
8.9145
8.9861
9.0
9.0
9.0655
9.0655
9.0655
9.0655
9.0655
9.1013
9.1371
9.159
9.2166
9.2166
9.2524
9.2882
9.3459
9.3677
9.3817
9.4393
9.4612
9.5188
9.5188
9.5188
9.5188
9.5188
9.5904
9.6123
9.6699
9.6699
9.6699
9.6699
9.6699
9.6839
9.7634
9.7992
9.7992
9.821
9.821
9.821
9.821
9.8568
9.9503
9.9861
10.0079
10.0437
10.0655
10.1013
10.1232
10.1232
10.1371
10.1371
10.2166
10.2166
10.2166
10.2166
10.2524
10.2743
10.2743
10.2743
10.2882
10.3817
10.4254
10.4254
10.4254
10.4254
10.4254
10.4393
10.4393
10.5188
10.5188
10.5328
10.5765
10.5765
10.5904
10.5904
10.6123
10.6123
10.6481
10.6699
10.6699
10.6699
10.6839
10.6839
10.7276
10.7276
10.821
10.821
10.8568
10.8787
10.9503
11.0079
11.0655
11.1013
11.1232
11.159
11.1808
11.1808
11.2166
11.3101
11.3319
11.3319
11.3319
11.3319
11.3459
11.3677
11.4254
11.4254
11.4393
11.4612
11.483
11.497
11.5765
11.5765
11.6341
11.6341
11.6481
11.6699
11.6699
11.6839
11.7634
11.7992
11.821
11.8787
11.8787
11.9145
11.9503
11.9861
12.0079
12.0297
12.0655
12.0655
12.0874
12.0874
12.0874
12.1232
12.1808
12.1808
12.1808
12.1948
12.2166
12.2385
12.2743
12.2743
12.3677
12.3896
12.3896
12.3896
12.3896
12.3896
12.4035
12.4612
12.4612
12.4612
12.497
12.5188
12.5407
12.6839
12.8429
12.8429
12.8568
12.8787
12.8926
12.9145
13.0079
13.0297
13.0297
13.145
13.145
13.145
13.1808
13.2385
13.2385
13.2882
13.2961
13.2961
13.3101
13.3319
13.3459
13.3677
13.3896
13.4612
13.5328
13.5407
13.5983
13.6341
13.7276
13.821
13.8429
13.9005
13.9005
14.0297
14.145
14.145
14.1948
14.2524
14.3101
14.3538
14.3538
14.3538
14.3896
14.5049
14.5983
14.6123
14.6341
14.6481
14.656
14.656
14.6918
14.6918
14.6918
14.7276
14.7634
14.8071
14.8071
14.8071
14.821
14.8787
14.9582
14.994
15.0516
15.1092
15.1092
15.2027
15.2961
15.3101
15.3319
15.4114
15.4114
15.4114
15.4114
15.4254
15.5049
15.5188
15.5188
15.5407
15.5625
15.5983
15.656
15.6839
15.7136
15.7276
15.7494
16.0655
16.0874
16.0874
16.1092
16.1669
16.1669
16.1808
16.1948
16.318
16.3319
16.3459
16.4254
16.5407
16.5765
16.5983
16.6202
16.6341
16.656
16.7136
16.7276
16.7713
16.8071
16.8647
16.8647
16.8787
16.8787
16.9005
16.9224
16.9582
16.9582
17.0158
17.0516
17.0734
17.0734
17.1092
17.1669
17.1948
17.2027
17.318
17.3756
17.4114
17.4114
17.4472
17.4691
17.483
17.5267
17.5267
17.6341
17.656
17.6778
17.6778
17.7494
17.7852
17.8289
17.9224
17.9363
18.0734
18.1311
18.1311
18.1311
18.1669
18.2245
18.2385
18.2603
18.2822
18.2822
18.2822
18.5267
18.5267
18.5844
18.5844
18.6202
18.7713
18.8647
18.8866
18.8866
18.9005
19.0158
19.0158
19.0376
19.1669
19.1669
19.1887
19.2245
19.3398
19.3756
19.3817
19.4114
19.4333
19.4909
19.4909
19.5267
19.5267
19.5267
19.5407
19.6341
19.642
19.6778
19.6778
19.7355
19.7713
19.7931
19.8866
19.8866
19.8866
19.9005
19.9442
20.0376
20.0376
20.0376
20.1232
20.318
20.3896
20.3975
20.3975
20.3975
20.4472
20.4691
20.4909
20.4909
20.6202
20.6778
20.6778
20.6997
20.7931
20.8508
20.8787
20.8866
20.9442
20.9442
21.2464
21.2464
21.3975
21.4551
21.5486
21.6062
21.6202
21.656
21.6997
21.7136
21.7573
21.7713
21.7713
21.7931
21.8289
21.8508
21.8508
21.8866
21.9084
21.9084
21.9442
22.0019
22.0516
22.0595
22.0734
22.0953
22.1887
22.2106
22.2106
22.304
22.3398
22.3617
22.3617
22.3617
22.3975
22.3975
22.4333
22.4551
22.5128
22.5128
22.5407
22.6062
22.6202
22.6778
22.7931
22.7931
22.815
22.815
22.815
22.8508
22.9503
22.9661
22.9661
23.0019
23.0158
23.0595
23.1171
23.1529
23.2682
23.5128
23.5128
23.5704
23.5704
23.5704
23.5704
23.642
23.6639
23.7355
23.7573
23.7713
23.815
23.8289
23.8726
23.8726
23.9661
23.9661
24.0237
24.0237
24.0595
24.0595
24.0595
24.1171
24.1311
24.1748
24.1748
24.304
24.3259
24.3259
24.3259
24.3259
24.3538
24.4193
24.4193
24.477
24.477
24.5486
24.5704
24.6062
24.6281
24.6639
24.7713
24.7792
24.7931
24.8726
24.8866
24.9303
24.9303
24.98
25.0237
25.0237
25.0813
25.0813
25.1529
25.1529
25.1529
25.1748
25.2682
25.3259
25.3398
25.3398
25.3617
25.3835
25.3835
25.3975
25.3975
25.4193
25.4193
25.5346
25.5346
25.5704
25.6857
25.6857
25.6857
25.815
25.8368
25.8647
25.9303
25.9661
26.0237
26.0237
26.0237
26.0237
26.0813
26.0813
26.139
26.2245
26.2682
26.4412
26.4412
26.4909
26.5923
26.6062
26.7434
26.8508
27.0237
27.0455
27.0455
27.0813
27.1171
27.3477
27.3477
27.3477
27.3835
27.4988
27.5188
27.5407
27.6499
27.7434
27.7434
27.7792
27.801
27.801
27.801
27.801
27.801
27.801
27.815
27.9521
27.9521
27.9521
27.9521
28.0813
28.0953
28.1171
28.2324
28.2324
28.2543
28.2543
28.3477
28.4054
28.4054
28.5565
28.7076
28.801
28.801
28.8587
28.8945
28.9303
28.9879
29.0098
29.0098
29.0098
29.1966
29.1966
29.3119
29.3119
29.3119
29.3477
29.4054
29.4054
29.463
29.4988
29.6141
29.6141
29.6141
29.7652
29.815
29.8945
29.9661
30.0674
30.1608
30.2185
30.2543
30.3119
30.3119
30.3696
30.4054
30.4988
30.5207
30.6499
30.6718
30.6718
30.7076
30.7652
30.801
30.8229
30.8229
30.9163
30.9521
30.974
30.974
31.0595
31.125
31.2761
31.2761
31.2761
31.3835
31.4272
31.477
31.5783
31.6141
31.6499
31.6499
31.6718
31.6857
31.8805
32.0316
32.0316
32.0316
32.1827
32.2185
32.2543
32.2761
32.3338
32.3338
32.3338
32.3338
32.3477
32.3835
32.4054
32.4272
32.4272
32.4849
32.4988
32.636
32.636
32.6499
32.7076
32.7871
32.7871
32.7871
32.7871
32.7871
32.8805
32.8945
32.9382
32.9382
33.0098
33.0892
33.0892
33.0892
33.1827
33.2403
33.2403
33.2761
33.3338
33.4849
33.5207
33.5425
33.5565
33.7294
33.8447
33.8447
33.8447
33.9382
33.9879
33.9958
34.1966
34.2185
34.2185
34.2185
34.2403
34.2901
34.298
34.3338
34.3477
34.4491
34.4491
34.4988
34.5425
34.6002
34.6002
34.636
34.6936
34.7294
34.7434
34.8229
34.9024
35.1032
35.1469
35.1608
35.1827
35.2045
35.463
35.4849
35.5067
35.5425
35.6002
35.6141
35.636
35.8089
35.8089
35.8447
35.8805
35.8945
35.9382
36.1111
36.1111
36.1608
36.2045
36.2185
36.2403
36.2622
36.4133
36.4491
36.636
36.6578
36.6936
36.8666
36.8666
37.0177
37.0177
37.0892
37.125
37.2622
37.3198
37.3198
37.3477
37.4272
37.4491
37.4709
37.5644
37.622
37.7155
37.7294
37.7871
37.8666
37.9242
38.0177
38.0753
38.0753
38.1111
38.1687
38.2543
38.2761
38.3775
38.3775
38.3775
38.3914
38.463
38.5286
38.5644
38.6002
38.622
38.622
38.7155
38.7871
38.9242
39.0753
39.0892
39.1329
39.1329
39.1687
39.2264
39.2264
39.284
39.4351
39.4351
39.5207
39.5286
39.5862
39.6797
39.6797
39.6797
39.7155
39.7373
39.7731
39.9382
39.9819
40.0395
40.0753
40.3417
40.3417
40.5286
40.5425
40.6718
40.6797
40.6797
40.795
40.8308
40.8308
40.8308
40.8884
41.0177
41.0395
41.0535
41.0674
41.0971
41.1906
41.2482
41.284
41.3775
41.4491
41.5504
41.5504
41.7015
41.795
41.8526
41.9819
42.1548
42.2622
42.3696
42.4133
42.457
42.457
42.4928
42.5504
42.6081
42.6081
42.6081
42.7592
43.0535
43.2045
43.2124
43.3556
43.3635
43.3635
43.457
43.457
43.5146
43.6439
43.6657
43.6657
43.8168
43.8168
43.9103
43.9242
44.1548
44.2482
44.2482
44.2701
44.4351
44.4491
44.4709
44.5286
44.622
44.8168
44.8526
44.9679
45.0256
45.0614
45.119
45.1766
45.2124
45.4212
45.4788
45.5723
45.6797
46.1548
46.2343
46.2343
46.2701
46.3059
46.3417
46.5365
46.5365
46.5504
46.8168
46.9461
46.9898
46.9898
47.0971
47.2124
47.2919
47.2919
47.3556
47.3635
47.4212
47.4212
47.4928
47.5941
47.7452
47.7452
47.8884
47.9321
48.0474
48.1985
48.3854
48.4212
48.4788
48.5007
48.5007
48.5007
48.5007
48.5007
48.9898
49.105
49.2919
49.5365
49.5941
49.7094
49.7094
49.7452
49.8168
50.0832
50.3496
50.4649
50.9898
51.1627
51.3138
51.3714
51.3854
51.6657
51.7452
51.7592
51.8029
51.8247
51.8247
51.8387
51.8963
51.9758
52.0693
52.1269
52.1408
52.1627
52.278
52.3854
52.4291
52.6518
52.7234
52.8605
52.9758
53.0116
53.0256
53.3356
53.5802
53.7313
53.7671
53.7889
53.7889
53.8247
53.9758
54.105
54.1269
54.1408
54.1766
54.1845
54.2422
54.278
54.278
54.3138
54.3356
54.3854
54.3933
54.4867
54.4867
54.5444
54.8247
54.8466
54.94
55.1269
55.1487
55.1845
55.278
55.5802
55.6955
55.7531
55.8466
55.9321
55.94
56.0116
56.1845
56.2064
56.2998
56.3575
56.5086
56.6597
56.7531
56.8029
56.9042
56.9619
56.9619
57.1269
57.264
57.4509
57.5444
57.6597
57.6736
57.7173
57.7173
57.7173
57.7173
57.9977
57.9977
58.0195
58.1129
58.1627
58.3217
58.5662
58.6239
58.6239
58.775
58.8247
58.9619
59.0335
59.2282
59.3217
59.6955
59.8466
59.9837
59.9837
60.0911
60.1627
60.2859
60.3575
60.3793
60.4151
60.437
60.5881
60.6955
60.7392
60.8684
60.8903
60.9042
61.0772
61.1348
61.4151
61.4946
61.5304
61.5881
61.5881
61.6457
61.7968
61.9479
61.9479
62.099
62.4946
62.5523
62.5523
62.602
62.8545
62.9619
63.2501
63.4588
63.4588
63.4728
63.4946
63.5881
63.6099
63.6099
63.8326
64.5165
64.6676
64.6676
64.8326
64.8684
64.9698
65.0632
65.099
65.1924
65.2143
65.2719
65.2719
65.3435
65.4012
65.423
65.423
65.4946
65.6457
66.2719
66.3654
66.423
66.6457
66.7829
66.934
66.934
67.0274
67.0851
67.3872
67.7034
67.7968
67.9121
67.9698
67.9837
67.9916
68.0851
68.1427
68.1427
68.1427
68.1785
68.1924
68.3077
68.3654
68.3872
68.4449
68.5383
68.596
68.6894
68.7471
68.8982
69.0493
69.0493
69.0851
69.2003
69.2938
69.4012
69.4807
69.5025
69.6536
69.6894
69.8047
69.8187
69.9916
70.2003
70.2938
70.2938
70.5025
70.596
70.7829
70.8624
71.0493
71.1069
71.258
71.6178
71.9698
72.2222
72.3156
72.3733
72.5165
72.6755
72.6755
72.8266
73.0493
73.1069
73.1288
73.4309
73.582
73.6755
73.6894
73.9777
74.3733
74.6755
74.7908
74.9419
74.9419
74.9698
75.1864
75.3951
76.2222
76.3951
76.4309
76.5741
76.6039
76.6039
76.6973
76.7908
76.9558
77.0572
77.0572
77.3951
77.4091
77.5104
77.5383
77.6755
78.1864
78.2082
78.417
78.5681
78.5681
78.582
78.6178
79.0214
79.2222
79.5462
79.6257
79.7331
79.7768
80.079
80.1724
80.3812
80.7768
81.0214
81.0572
81.079
81.1367
81.2877
81.4746
81.5899
81.5899
81.741
82.1148
82.1148
82.755
82.9061
82.9498
83.3454
83.3593
83.6615
84.1585
84.4607
84.4965
84.5323
84.6755
85.1367
85.6476
85.6694
85.6834
85.7987
85.8205
85.8345
86.0074
86.1724
86.2519
86.2738
86.2738
86.3096
86.8782
86.914
86.9716
87.0651
87.1804
87.4607
87.4825
87.576
87.6336
88.0293
88.0869
88.1804
88.403
89.5402
90.3891
90.4249
90.7052
91.1227
91.4467
91.562
91.562
91.6555
91.7489
91.9358
92.3175
93.1664
93.2598
93.3751
93.6773
93.7708
93.9795
94.2817
94.4328
94.5839
94.8861
94.9219
94.9795
95.4904
95.4904
95.9795
96.1009
96.1088
96.2459
96.2459
96.3393
96.5262
96.5481
96.6415
97.0153
97.1525
97.397
97.4546
98.2101
98.397
98.6992
99.4188
99.8721
99.8721
100.6057
100.8721
100.9298
101.0809
101.0809
101.4765
101.5123
101.6852
101.9656
102.6852
102.7568
103.1167
103.4407
103.4983
103.6852
104.2538
104.3472
104.6415
105.0093
105.0093
105.1604
105.2896
105.7647
106.6136
106.6713
106.9735
107.218
107.5778
107.5778
107.6136
107.7289
107.9735
108.1822
108.556
108.6494
108.7866
109.0311
109.2398
109.542
109.7866
110.2975
110.2975
111.1246
112.2617
112.2617
112.715
112.715
114.2259
114.6355
114.6792
114.9814
116.5481
117.0967
117.3988
118.0888
119.1901
119.6076
119.8163
119.9098
120.4565
120.874
121.7805
122.1543
122.9893
123.2915
123.3272
123.5936
123.7447
124.3272
126.7666
132.357
132.6592
133.8819
135.9256
137.9474
139.3212
141.8898
143.7745
143.7824
145.5955
146.351
150.9414
152.8479
156.0925
156.2296
156.834
158.0427
160.2514
160.8558
162.5894
162.6689
163.7842
163.7842
166.655
169.0725
170.3746
171.641
172.6987
174.8558
175.8716
178.4402
178.7424
189.0167
189.7484
191.6708
196.7224
203.3128
204.442
204.8814
216.8177
222.1617
242.8056
257.1594
264.5908
272.549
394.0491
