3.0
3.0
3.0
3.0
3.0
3.0
3.0
3.0
3.0
3.0
3.0
3.0
3.0
3.0
3.0
3.0
3.0
3.0
3.0
3.0
3.0
3.0
3.0
3.0
3.0
3.0
3.0
3.0
3.0
3.0
3.0
3.0
3.0
3.0
3.0
3.0
3.0
3.0
3.0
3.0
3.0
3.0
3.0
3.0
3.0
3.0
3.0
3.0
3.0
3.0
3.0
3.0
3.0
3.0
3.0
3.0
3.0
3.0
3.0
3.0
3.0
3.0
3.0
3.0
3.0
3.0
3.0
3.0
3.0
3.0
3.0
3.0
3.0
3.0
3.0
3.0
3.0
3.0
3.0
3.0
3.0
3.0
3.0
3.0
3.0
3.0
3.0
3.0
3.0
3.0
3.0
3.0
3.0
3.0
3.0
3.0
3.0
3.0
3.0
3.0
3.0
3.0
3.0
3.0
3.0
3.0
3.0
3.0
3.0
3.0
3.0
3.0
3.0
3.0
3.0
3.0
3.0
3.0
3.0
3.0
3.0
3.0
3.0
3.0
3.0
3.0
3.0
3.0
3.0
3.0
3.0
3.0
3.0
3.0
3.0
3.0
3.0
3.0
3.0
3.0
3.0
3.0
3.0
3.0
3.0
3.0
3.0
3.0
3.0
3.0
3.0
3.0
3.0
3.0
3.0
3.0
3.0
3.0
3.0
3.0
3.0
3.0
3.0
3.0
3.0
4.0
4.0
4.0
4.0
4.0
4.0
4.0
4.0
4.0
4.0
4.0
4.0
4.0
4.0
4.0
4.0
4.0
4.0
4.0
4.0
4.0
4.0
4.0
4.0
4.0
4.0
4.0
4.0
4.0
4.0
4.0
4.0
4.0
4.0
4.0
4.0
4.0
4.0
4.0
4.0
4.0
4.0
4.0
4.0
4.0
4.0
4.0
4.0
4.0
4.0
4.0
4.0
4.0
4.0
4.0
4.0
4.0
4.0
4.0
4.0
4.0
4.0
4.0
4.0
4.0
4.0
4.0
4.0
4.0
4.0
4.0
4.0
4.0
4.0
4.0
4.0
4.0
4.0
4.0
4.0
4.0
4.0
4.0
4.0
4.0
4.0
4.0
4.0
4.0
4.0
4.0
4.0
4.0
4.0
4.0
4.0
4.0
4.0
4.0
4.0
4.0
4.0
4.0
4.0
4.0
4.0
4.0
4.0
4.0
4.0
4.0
4.0
4.0
4.0
4.0
4.0
4.0
4.0
4.0
4.0
4.0
4.0
4.0
4.0
4.0
4.0
4.0
4.0
4.0
4.0
4.0
4.0
4.0
4.0
4.0
4.0
4.0
4.3752
4.3752
4.4129
4.4506
4.4506
4.4883
4.5261
4.6015
4.8655
5.0
5.0
5.0
5.0
5.0
5.0
5.0
5.0
5.0
5.0
5.0
5.0
5.0
5.0
5.0
5.0
5.0
5.0
5.0
5.0
5.0
5.0
5.0
5.0
5.0
5.0
5.0
5.0
5.0
5.0
5.0
5.0
5.0
5.0
5.0
5.0
5.0
5.0
5.0
5.0
5.0
5.0
5.0
5.0
5.0
5.0
5.0
5.0
5.0
5.0
5.0
5.0
5.0
5.0
5.0
5.0
5.0
5.0
5.0
5.0
5.0
5.0
5.0
5.0
5.0
5.0
5.0
5.0
5.0
5.0
5.0
5.0
5.0
5.0
5.0
5.0
5.0
5.0
5.0
5.0
5.0
5.0
5.0
5.0
5.0
5.0
5.0
5.0
5.0
5.0
5.0
5.0
5.0
5.0
5.0
5.0
5.0
5.0
5.0
5.0
5.0
5.0
5.0
5.0
5.0
5.0
5.0
5.0
5.0
5.0
5.1295
5.3375
5.3752
5.3936
5.4313
5.5638
5.5821
5.5821
5.7146
5.7524
5.8278
5.8462
5.9409
5.997
6.0
6.0
6.0
6.0
6.0
6.0
6.0
6.0
6.0
6.0
6.0
6.0
6.0
6.0
6.0
6.0
6.0
6.0
6.0
6.0
6.0
6.0
6.0
6.0
6.0
6.0
6.0
6.0
6.0
6.0
6.0
6.0
6.0
6.0
6.0
6.0
6.0
6.0
6.0
6.0
6.0
6.0
6.0
6.0
6.0
6.0
6.0
6.0
6.0
6.0
6.0
6.0
6.0
6.0
6.0
6.0
6.0
6.0
6.0
6.0
6.0
6.0
6.0
6.0
6.0
6.0
6.0
6.0
6.0
6.0
6.0
6.0725
6.0918
6.0918
6.2427
6.3181
6.4496
6.5261
6.5821
6.5821
6.6382
6.6392
6.6576
6.6576
6.6576
6.6759
6.6769
6.7146
6.7901
6.8655
6.9022
6.9032
6.9032
6.9787
7.0
7.0
7.0
7.0
7.0
7.0
7.0
7.0
7.0
7.0
7.0
7.0
7.0
7.0
7.0
7.0
7.0
7.0
7.0
7.0
7.0
7.0
7.0
7.0
7.0
7.0
7.0
7.0
7.0
7.0
7.0
7.0
7.0
7.0
7.0
7.0
7.0
7.0
7.0
7.0
7.0
7.0
7.0
7.0
7.0
7.0
7.0
7.0
7.0
7.0
7.0
7.0
7.0
7.0
7.0
7.0
7.0
7.0
7.0
7.0
7.0
7.0
7.0
7.0
7.0
7.0
7.0
7.2611
7.3181
7.3181
7.3365
7.3375
7.4129
7.4303
7.4506
7.5261
7.5628
7.5812
7.6015
7.6392
7.6943
7.6943
7.6953
7.733
7.8645
7.9206
7.9583
8.0
8.0
8.0
8.0
8.0
8.0
8.0
8.0
8.0
8.0
8.0
8.0
8.0
8.0
8.0
8.0
8.0
8.0
8.0
8.0
8.0
8.0
8.0
8.0
8.0
8.0
8.0
8.0
8.0
8.0
8.0
8.0
8.0
8.0
8.0
8.0
8.0
8.0
8.0
8.0
8.0
8.0
8.0
8.0
8.0
8.0
8.0
8.0
8.0
8.0
8.0
8.0
8.0154
8.0164
8.0715
8.0725
8.1102
8.1285
8.1295
8.204
8.2223
8.2804
8.2804
8.2998
8.3181
8.3355
8.3365
8.3558
8.4129
8.4129
8.4303
8.4864
8.5261
8.5628
8.5628
8.5638
8.6015
8.7146
8.732
8.8084
8.8645
8.9022
8.9206
8.939
8.94
8.94
8.9787
9.0
9.0
9.0
9.0
9.0
9.0
9.0
9.0
9.0
9.0
9.0
9.0
9.0
9.0
9.0
9.0
9.0
9.0
9.0
9.0
9.0
9.0
9.0
9.0
9.0
9.0
9.0
9.0
9.0
9.0
9.0
9.0
9.0144
9.0144
9.0164
9.0521
9.0908
9.0908
9.1653
9.1846
9.3539
9.3539
9.3558
9.3936
9.4129
9.4313
9.4506
9.4883
9.5251
9.5638
9.5812
9.5821
9.6015
9.6199
9.6372
9.6392
9.6556
9.6943
9.7514
9.7697
9.7707
9.7881
9.8075
9.8258
9.9196
10.0
10.0
10.0
10.0
10.0
10.0
10.0
10.0
10.0
10.0
10.0
10.0
10.0
10.0
10.0
10.0
10.0
10.0
10.0
10.0
10.0
10.0
10.0
10.0
10.0
10.0
10.0
10.0
10.0144
10.0541
10.1092
10.1295
10.1295
10.1469
10.1469
10.1653
10.203
10.2214
10.2417
10.2998
10.2998
10.3171
10.3539
10.3926
10.468
10.4883
10.5057
10.5821
10.6015
10.6015
10.674
10.7146
10.732
10.733
10.7494
10.8065
10.8625
10.8655
10.9032
10.9032
10.938
11.0
11.0
11.0
11.0
11.0
11.0
11.0
11.0
11.0
11.0
11.0
11.0
11.0
11.0
11.0
11.0
11.0
11.0
11.0
11.0
11.0
11.0
11.0
11.0
11.0
11.0
11.0
11.0
11.0908
11.0918
11.0918
11.0918
11.1082
11.2591
11.2988
11.2998
11.3539
11.469
11.5067
11.5434
11.5638
11.6169
11.6546
11.6566
11.7687
11.7707
11.7901
11.8278
11.8635
11.9032
11.9032
11.9409
11.9593
11.9757
11.9787
12.0
12.0
12.0
12.0
12.0
12.0
12.0
12.0
12.0
12.0
12.0
12.0
12.0
12.0
12.0
12.0
12.0
12.0
12.0
12.0
12.0
12.0
12.0144
12.0164
12.0328
12.0531
12.0715
12.0898
12.203
12.2397
12.2417
12.2998
12.3152
12.3335
12.3365
12.4283
12.466
12.4883
12.5444
12.6015
12.6169
12.6953
12.73
12.7514
12.94
12.997
13.0
13.0
13.0
13.0
13.0
13.0
13.0
13.0
13.0
13.0
13.0
13.0
13.0
13.0
13.0918
13.1082
13.1256
13.1836
13.2417
13.3181
13.3558
13.3926
13.4089
13.469
13.5057
13.5251
13.5415
13.5424
13.5812
13.5812
13.6005
13.6913
13.73
13.7678
13.8084
13.8432
13.9563
13.9573
13.9747
13.9767
14.0
14.0
14.0
14.0
14.0
14.0
14.0
14.0
14.0
14.0
14.0
14.0725
14.1082
14.1266
14.1673
14.1817
14.1836
14.201
14.2387
14.2998
14.3936
14.4883
14.4883
14.5405
14.5792
14.6199
14.6536
14.673
14.7117
14.7861
14.7861
14.8045
14.8238
14.9787
14.997
15.0
15.0
15.0
15.0
15.0
15.0
15.0
15.0
15.0
15.0
15.0
15.0
15.0
15.0
15.0
15.0
15.0164
15.0338
15.0501
15.0501
15.1295
15.1623
15.2755
15.2764
15.3152
15.3375
15.3558
15.4457
15.465
15.4883
15.5057
15.5608
15.5985
15.6005
15.7107
15.7281
15.7504
15.7524
15.7678
15.7707
15.7871
15.8075
15.8462
15.8625
15.9737
15.9757
15.9767
15.9777
15.9951
16.0
16.0
16.0
16.0
16.0
16.0
16.0
16.0
16.0
16.0511
16.0908
16.1285
16.1633
16.1643
16.2427
16.2784
16.2988
16.3132
16.3161
16.3171
16.3171
16.3355
16.3375
16.3548
16.3742
16.3752
16.4477
16.5201
16.5211
16.5231
16.5608
16.6159
16.6159
16.6179
16.6526
16.6536
16.8228
16.8258
16.8596
16.8655
16.8799
16.8809
16.9186
16.9583
17.0
17.0
17.0
17.0
17.0
17.0
17.0
17.0
17.0124
17.0492
17.0879
17.1295
17.1817
17.1846
17.205
17.3539
17.4099
17.4129
17.4303
17.4824
17.5018
17.6526
17.7271
17.7494
17.7658
17.7891
17.936
17.9787
17.9921
18.0
18.0
18.0
18.0
18.0
18.0
18.0
18.0104
18.0134
18.0511
18.0715
18.0898
18.1236
18.1807
18.203
18.205
18.2571
18.2948
18.3693
18.3896
18.4129
18.4467
18.5037
18.5261
18.5821
18.6015
18.6526
18.6749
18.6769
18.6953
18.73
18.7648
18.7901
18.8055
18.8402
18.8452
18.9206
18.94
18.9777
19.0
19.0
19.0
19.0
19.0
19.1062
19.142
19.1449
19.1807
19.205
19.2764
19.2794
19.3722
19.3752
19.3896
19.3936
19.4293
19.4864
19.5638
19.5782
19.5782
19.5821
19.6129
19.6372
19.6576
19.7281
19.7474
19.8084
19.8432
19.8442
19.8616
19.8635
19.8769
19.9534
19.9901
20.0
20.0
20.1246
20.1603
20.1653
20.1673
20.1846
20.2184
20.2358
20.2541
20.2581
20.2601
20.2784
20.3122
20.3375
20.3529
20.3886
20.407
20.5018
20.5181
20.5231
20.5802
20.6392
20.6546
20.6546
20.6576
20.674
20.7271
20.7494
20.8035
20.8278
20.936
20.937
20.94
21.0
21.0
21.0
21.0
21.0
21.0918
21.1062
21.1449
21.1633
21.1663
21.1663
21.1817
21.203
21.2164
21.4234
21.4253
21.4313
21.467
21.4998
21.5008
21.5027
21.669
21.6769
21.7097
21.7464
21.7464
21.7514
21.8055
21.9176
22.0
22.0
22.0134
22.0278
22.0288
22.0492
22.0685
22.0879
22.1613
22.2561
22.2561
22.2725
22.3489
22.3876
22.4824
22.4854
22.5008
22.5027
22.5261
22.5638
22.6313
22.671
22.6953
22.7697
22.8442
22.8779
22.9777
23.0
23.0268
23.1276
23.1643
23.2348
23.3122
23.3335
23.3479
23.3896
23.469
23.4794
23.4883
23.5018
23.6015
23.611
23.6874
23.8005
23.9147
23.937
23.9717
23.9901
24.0
24.0
24.0134
24.0308
24.0645
24.1206
24.1246
24.1256
24.1817
24.2233
24.2745
24.2918
24.3886
24.3926
24.4467
24.4988
24.5415
24.611
24.6139
24.6313
24.7638
24.7668
24.7802
24.7802
24.7812
24.9311
24.9311
24.933
25.0
25.0
25.1042
25.1276
25.1817
25.203
25.3315
25.3335
25.3866
25.5772
25.5782
25.5985
25.6179
25.671
25.6884
25.7261
25.8065
25.8462
25.9504
25.9881
26.1574
26.1826
26.1846
26.2
26.201
26.2348
26.2745
26.4099
26.5037
26.5037
26.5057
26.5162
26.5946
26.6556
26.7097
26.7464
26.7638
26.7871
26.7901
26.9688
26.9921
27.0
27.0
27.0829
27.199
27.2
27.2958
27.3152
27.4119
27.4968
27.5792
27.6129
27.6333
27.7097
27.7251
27.7435
27.9117
27.9311
28.0
28.0
28.0288
28.0849
28.137
28.1583
28.198
28.3082
28.3152
28.3375
28.3499
28.405
28.4397
28.4457
28.5405
28.5559
28.5588
28.6119
28.674
28.7241
28.7405
28.7454
28.7454
28.7474
28.7608
28.8586
28.8625
28.8789
29.0
29.0278
29.0492
29.3722
29.3846
29.3886
29.404
29.4089
29.4591
29.4998
29.5713
29.6273
29.6894
29.7117
29.7444
29.7976
29.9176
30.0229
30.0248
30.0645
30.0685
30.0809
30.1196
30.2958
30.3062
30.344
30.4387
30.4387
30.4417
30.4978
30.5191
30.5946
30.673
30.6769
30.7038
30.7231
30.7976
30.9032
30.9117
30.9147
30.9911
31.0
31.0239
31.0665
31.0665
31.1603
31.3305
31.3633
31.3643
31.4601
31.6477
31.6506
31.6854
31.7146
31.7251
31.7281
31.733
31.7598
31.7648
32.0645
32.1236
32.1554
32.1797
32.3345
32.3846
32.4561
32.4621
32.4755
32.4988
32.5122
32.5261
32.5444
32.5499
32.5569
32.5936
32.609
32.6824
32.6854
32.6923
32.7028
32.7792
32.8159
32.8278
32.8392
33.1266
33.1574
33.1727
33.1941
33.2348
33.2665
33.2794
33.3122
33.3817
33.4129
33.4234
33.465
33.4804
33.5395
33.5509
33.5578
33.606
33.6293
33.666
33.671
33.6894
33.7221
33.873
33.9678
34.0025
34.1544
34.2581
34.3459
34.4174
34.4457
34.5578
34.5638
34.7028
34.7047
34.7201
34.7454
34.8963
35.0412
35.2908
35.3246
35.3643
35.3663
35.4214
35.4551
35.4561
35.4735
35.4988
35.6313
35.6437
35.6854
35.7822
35.8382
35.8566
35.8606
35.876
36.0
36.0095
36.0229
36.0258
36.0705
36.1157
36.1911
36.2144
36.2869
36.5519
36.5673
36.5926
36.6467
36.671
36.6854
36.7018
36.7559
36.7985
36.8035
36.8353
36.8546
36.871
36.9261
36.9891
37.0665
37.1003
37.1023
37.136
37.1826
37.2899
37.3226
37.3643
37.3807
37.408
37.4184
37.5172
37.5936
37.605
37.607
37.6149
37.6313
37.7057
37.7192
37.7231
37.7976
37.812
37.9861
37.9871
37.9881
38.0164
38.135
38.1747
38.2154
38.345
38.3529
38.3693
38.3712
38.3846
38.4358
38.4378
38.5172
38.7018
38.7028
38.7057
38.7618
38.7742
38.8313
38.8894
39.0229
39.077
39.078
39.1321
39.142
39.2288
39.407
39.4725
39.4958
39.5345
39.5653
39.6119
39.666
39.7365
39.7494
39.7589
39.7608
39.8303
39.8353
39.8382
40.141
40.1564
40.1688
40.2085
40.2204
40.2308
40.2367
40.3082
40.3866
40.4883
40.5509
40.6273
40.67
40.6804
40.7365
40.868
40.9842
41.0219
41.075
41.1941
41.1951
41.2085
41.2268
41.2278
41.3082
41.3216
41.3236
41.34
41.408
41.4174
41.4919
41.4978
41.609
41.7018
41.7425
41.7598
41.7752
41.8487
41.872
41.9608
42.0229
42.0393
42.1961
42.2442
42.2452
42.3777
42.4551
42.4794
42.5956
42.7529
42.7713
42.8477
42.8497
42.9524
43.2804
43.3216
43.3256
43.3757
43.3981
43.5335
43.6398
43.6398
43.6641
43.7385
43.7524
43.7723
43.7812
43.81
43.8139
43.8546
43.8923
43.9117
43.9638
43.9688
44.0963
44.1206
44.2492
44.281
44.402
44.408
44.545
44.6785
44.7539
44.7896
44.7966
44.8159
44.9976
45.2095
45.2268
45.341
45.4591
45.4929
45.4948
45.5073
45.5489
45.5703
45.604
45.6775
45.8159
45.8323
45.9628
46.0422
46.1147
46.1321
46.1921
46.2035
46.2413
46.2725
46.342
46.4144
46.4784
46.5063
46.5306
46.5549
46.602
46.602
46.609
46.9579
47.0527
47.1658
47.2298
47.3931
47.4899
47.5866
47.609
47.6591
47.6894
47.7355
47.9464
47.9678
48.0179
48.0606
48.0645
48.2819
48.4348
48.4695
48.545
48.602
48.6378
48.6775
49.1062
49.1504
49.341
49.3574
49.4194
49.4522
49.5876
49.5991
49.6651
49.7038
49.7752
49.9599
49.9822
50.0353
50.0412
50.1534
50.2229
50.2596
50.2839
50.3256
50.3757
50.3787
50.4755
50.5296
50.5643
50.5653
50.5703
50.6368
50.6631
50.7608
50.7946
50.812
50.8953
51.0015
51.0626
51.073
51.2239
51.3003
51.3216
51.337
51.338
51.7336
51.7638
51.7723
52.1484
52.1862
52.2502
52.2636
52.2646
52.2869
52.3206
52.3226
52.3305
52.339
52.4775
52.5663
52.5847
52.6765
52.7499
52.7896
52.8264
53.0789
53.0993
53.1078
53.2879
53.3797
53.3807
53.3837
53.5276
53.547
53.7152
53.7162
53.748
53.7559
53.8323
53.8923
53.9048
54.0333
54.2432
54.3574
54.3961
54.406
54.4115
54.5142
54.5623
54.6571
54.7385
55.0149
55.0546
55.073
55.2075
55.2626
55.4591
55.4656
55.5033
55.5643
55.6561
55.7251
55.7296
55.747
55.7683
55.7742
55.9559
56.013
56.1117
56.278
56.338
56.3584
56.4298
56.4601
56.5023
56.6735
56.7782
56.8661
57.0288
57.0884
57.0894
57.1445
57.2055
57.2636
57.2869
57.2983
57.3564
57.4472
57.5594
57.5787
57.6135
57.6194
57.6224
57.6581
57.7251
57.8283
57.8988
57.9038
57.9743
58.2006
58.3514
58.4249
58.5663
58.6745
58.7643
58.7782
58.7886
58.8353
58.8467
58.9172
58.9395
59.0005
59.0294
59.0323
59.0651
59.1976
59.2249
59.2557
59.3534
59.4125
59.5043
59.5584
59.5857
59.6001
59.6135
59.8536
59.9356
59.9415
59.9733
60.0914
60.1812
60.2249
60.2393
60.2944
60.2944
60.2973
60.3757
60.5519
60.5847
60.6184
60.6502
60.7102
60.7499
60.809
60.9231
60.9241
60.9628
61.0477
61.2547
61.3023
61.3603
61.3951
61.4105
61.4472
61.4656
61.4948
61.6001
61.8611
61.8795
61.9365
62.014
62.2209
62.2482
62.3514
62.4144
62.4318
62.481
62.604
62.6522
62.7817
62.7847
62.8795
62.8824
62.9261
62.9906
63.0159
63.1996
63.3107
63.4055
63.541
63.6532
63.7693
63.7742
63.811
63.9956
64.0248
64.3544
64.3649
64.4095
64.4695
64.482
64.5033
64.5063
64.5246
64.6482
64.6502
64.6715
64.8011
65.071
65.1792
65.1911
65.3301
65.3921
65.3931
65.3961
65.4502
65.478
65.5276
65.5604
65.5797
65.5857
65.6735
65.7122
65.7286
65.746
65.8795
65.9753
66.009
66.0333
66.0333
66.0805
66.1281
66.2363
66.2924
66.3892
66.5053
66.6879
66.7276
66.8234
66.8969
67.1425
67.1465
67.3584
67.5718
67.7752
68.0254
68.0303
68.2413
68.2537
68.2547
68.275
68.3698
68.3747
68.5207
68.5961
68.742
68.7817
68.7827
68.9847
69.1232
69.1599
69.3098
69.3961
69.4482
69.544
69.6462
69.9847
70.1291
70.1534
70.1782
70.3455
70.3678
70.6502
70.6646
70.6666
70.7256
70.8542
70.8775
70.8939
70.8949
71.1281
71.2016
71.4606
71.5837
71.5876
71.5971
71.6095
71.6676
71.9231
71.9425
72.0274
72.0621
72.0805
72.1376
72.1435
72.1579
72.1638
72.2189
72.2963
72.3658
72.3842
72.3842
72.4055
72.4983
72.5931
72.6105
72.6299
72.7276
72.7391
72.74
72.805
72.8194
72.9083
72.9103
72.9142
72.9683
72.9703
73.006
73.214
73.2229
73.2884
73.3639
73.4606
73.6676
73.7336
73.741
73.9276
73.9405
74.0785
74.1172
74.1182
74.2373
74.3013
74.5177
74.6056
74.7391
74.9634
75.2691
75.3078
75.4547
75.685
75.7489
76.1048
76.213
76.2864
76.3147
76.3629
76.6105
76.6984
77.0313
77.3435
77.3465
77.3649
77.3882
77.4964
77.5108
77.7653
77.943
77.9792
78.0447
78.1917
78.2071
78.2323
78.2874
78.2963
78.5088
78.5341
78.8631
78.9018
79.1956
79.1966
79.417
79.4209
79.5668
79.6636
79.806
79.8338
79.8447
79.9753
80.0204
80.1192
80.3127
80.4373
80.6036
80.6269
80.7043
80.746
80.7574
80.8309
81.012
81.1366
81.3455
81.3639
81.5902
81.6676
81.7827
81.8283
81.9827
82.0924
82.5639
82.7148
82.9103
82.9257
83.0214
83.1917
83.208
83.3485
83.5291
83.537
83.5643
83.5862
83.6879
83.7564
83.8418
83.8492
83.9286
83.9827
84.1192
84.1713
84.2671
84.2874
84.3356
84.3589
84.416
84.5311
84.6472
84.8145
84.9132
84.944
84.9857
85.0939
85.3475
85.7197
85.7246
85.7837
85.8224
86.0726
86.148
86.275
86.4507
86.6358
86.8105
87.0979
87.0998
87.1241
87.1539
87.1936
87.3698
87.5311
87.5475
87.5604
87.7728
87.7797
87.8879
88.0805
88.2205
88.3996
88.4934
88.6413
88.6587
88.6626
88.7797
88.8542
88.9093
88.9276
88.9391
88.9827
89.0745
89.1087
89.1763
89.2264
90.5996
90.7683
90.8204
90.8939
90.8969
90.9207
91.1976
91.5048
91.7043
91.7614
91.7708
91.944
91.9594
91.9788
92.0755
92.1133
92.209
92.2304
92.3723
92.4343
92.6065
92.6537
92.6751
92.6964
92.7574
92.8726
92.9093
92.9971
93.0572
93.0969
93.1877
93.2766
93.3336
93.537
93.5748
93.684
93.7505
93.8115
93.9172
93.9401
93.9827
94.0051
94.1877
94.352
94.3569
94.6934
94.8105
95.145
95.1818
95.3098
95.3307
95.6944
95.7177
95.7768
95.9023
95.9207
96.0274
96.0378
96.0611
96.3232
96.4517
96.5376
96.6299
96.6954
96.7748
97.0582
97.0601
97.0736
97.1277
97.3396
97.3569
97.4314
97.4383
97.5445
97.5485
97.5793
97.5793
97.6577
98.086
98.4507
98.4914
98.6924
99.0601
99.1038
99.3723
99.6413
99.7331
99.8676
99.883
99.9748
100.0309
100.2785
100.41
100.6711
100.8735
101.0676
101.1073
101.2929
101.5609
101.6547
101.6577
101.6964
101.8249
101.9014
102.2989
102.4016
102.5455
102.6101
102.616
102.6517
102.6547
102.68
102.7381
102.8443
103.1326
103.352
103.5009
103.9505
104.0929
104.3396
104.4478
104.8731
104.8771
104.9073
105.2552
105.5445
105.6393
105.818
105.8994
105.9341
106.0165
106.083
106.2949
106.3123
106.3694
106.5976
106.7003
106.9167
106.9827
107.0036
107.3867
107.4284
107.553
108.0542
108.1073
108.1271
108.2726
108.5842
108.8309
108.8463
108.881
108.8924
109.0319
109.1237
109.1539
109.2294
109.2572
109.3326
109.6334
109.6547
109.7649
109.7912
109.8105
110.1227
110.2532
110.3083
111.1624
111.2949
111.3946
111.4225
111.4989
111.6904
111.8026
111.9545
112.291
112.5307
112.5336
112.7033
112.819
112.9167
112.9505
113.0443
113.0736
113.2497
113.3054
113.7852
113.8607
114.0259
114.0388
114.1172
114.1555
114.411
115.1936
115.35
115.9411
116.2493
116.3073
116.5287
116.7957
116.9148
117.1421
117.1748
117.2234
117.5336
117.5947
118.0745
118.2205
118.6111
118.7048
118.7341
118.8577
119.0473
119.0567
119.1108
119.5307
119.9689
120.1857
120.2244
120.3808
120.4795
121.1604
121.3435
121.5763
121.9515
122.1857
122.6075
122.618
122.6294
122.7967
122.8528
122.9813
123.2279
123.4155
123.4939
123.6488
123.6904
123.9843
124.5674
124.8344
124.9689
124.9718
125.1118
125.1525
125.1525
125.4562
125.6741
126.1788
126.227
126.284
126.4195
126.4602
126.7396
126.7609
127.1296
127.2984
127.3887
127.8354
128.0076
129.349
129.5123
129.6681
130.3371
130.4408
130.8265
130.9272
131.691
133.0637
133.6652
133.8855
133.9033
133.9242
134.4825
134.5644
134.7967
134.9679
135.2726
135.3064
135.5103
135.8498
136.2319
136.7257
137.1466
137.2007
137.3565
137.8324
138.5064
139.0885
139.8195
139.9272
140.017
140.0538
140.1987
140.5218
140.5828
140.8428
140.8806
141.0131
141.5093
141.7252
142.8816
143.0925
144.1793
144.5589
144.5788
144.6681
145.4969
146.1555
146.2503
146.3486
146.7902
147.4686
148.2508
149.1009
149.5342
149.6106
151.2895
151.3272
151.6041
152.2905
152.9029
153.0036
154.4791
154.8721
155.0701
155.9133
156.3987
157.0855
158.0046
158.3669
158.7362
159.2929
159.4037
159.7054
160.7798
161.1337
162.7555
163.0622
163.2438
163.4111
163.8786
165.4925
165.6503
165.956
165.9838
166.0672
167.5263
168.0488
171.7362
172.4449
173.2141
174.7858
174.9655
175.1878
176.5476
179.6791
181.623
182.3947
182.6161
184.7149
185.0409
185.6165
189.0077
190.4886
191.7382
192.5417
194.4692
196.3377
196.7273
197.9903
199.099
199.8051
199.8365
201.2707
204.4767
205.0434
210.1129
211.3471
211.6305
212.0876
218.6439
220.0211
223.5734
234.2514
240.6003
240.8439
298.7487
315.8004
