3.0
3.0
3.0
3.0
3.0
3.0
3.0
3.0
3.0
3.0
3.0
3.0
3.0
3.0
3.0
3.0
3.0
3.0
3.0
3.0
3.0
3.0
3.0
3.0
3.0
3.0
3.0
3.0
3.0
3.0
3.0
3.0
3.0
3.0
3.0
3.0
3.0
3.0
3.0
3.0
3.0
3.0
3.0
3.0
3.0
3.0
3.0
3.0
3.0
3.0
3.0
3.0
3.0
3.0
3.0
3.0
3.0
3.0
3.0
3.0
3.0
3.0
3.0
3.0
3.0
3.0
3.0
3.0
3.0
3.0
3.0
3.0
3.0
3.0
3.0
3.0
3.0
3.0
3.0
3.0
3.0
3.0
3.0
3.0
3.0
3.0
3.0
3.0
3.0
3.0
3.0
3.0
3.0
3.0
3.0
3.0
3.0
3.0
3.0
3.0
3.0
3.0
3.0
3.0
3.0
3.0
3.0
3.0
3.0
3.0
3.0
3.0
3.0
3.0
3.0
3.0
3.0
3.0
3.0
3.0
3.0
3.0
3.0
3.0
3.0
3.0
3.0
3.0
3.0
3.0
3.0
3.0
3.0
3.0
3.0
3.0
3.0
3.0
3.0
3.0
3.0
3.0
3.0
3.0
3.0
3.0
3.0
3.0
3.0
3.0
3.0
3.0
3.0
3.0
3.0
3.0
3.0
3.0
3.0
3.0
3.0
3.0
3.0
3.0
3.0
3.0
3.0
3.0
4.0
4.0
4.0
4.0
4.0
4.0
4.0
4.0
4.0
4.0
4.0
4.0
4.0
4.0
4.0
4.0
4.0
4.0
4.0
4.0
4.0
4.0
4.0
4.0
4.0
4.0
4.0
4.0
4.0
4.0
4.0
4.0
4.0
4.0
4.0
4.0
4.0
4.0
4.0
4.0
4.0
4.0
4.0
4.0
4.0
4.0
4.0
4.0
4.0
4.0
4.0
4.0
4.0
4.0
4.0
4.0
4.0
4.0
4.0
4.0
4.0
4.0
4.0
4.0
4.0
4.0
4.0
4.0
4.0
4.0
4.0
4.0
4.0
4.0
4.0
4.0
4.0
4.0
4.0
4.0
4.0
4.0
4.0
4.0
4.0
4.0
4.0
4.0
4.0
4.0
4.0
4.0
4.2998
4.2998
4.3375
4.3375
4.3375
4.4129
4.4506
4.4506
4.4883
4.5261
4.5261
4.6015
4.6015
4.6392
4.6392
4.6769
4.7901
4.8278
4.8655
4.9032
4.9409
4.9787
4.9787
5.0
5.0
5.0
5.0
5.0
5.0
5.0
5.0
5.0
5.0
5.0
5.0
5.0
5.0
5.0
5.0
5.0
5.0
5.0
5.0
5.0
5.0
5.0
5.0
5.0
5.0
5.0
5.0
5.0
5.0
5.0
5.0
5.0
5.0
5.0
5.0
5.0
5.0
5.0
5.0
5.0
5.0
5.0
5.0
5.0
5.0
5.0
5.0
5.0
5.0
5.0
5.0
5.0
5.0
5.0
5.0
5.0
5.0
5.0
5.0
5.0
5.0
5.0541
5.0541
5.0918
5.1295
5.1673
5.1673
5.205
5.2427
5.2804
5.2998
5.2998
5.3181
5.3375
5.3936
5.4313
5.4506
5.4883
5.5444
5.5638
5.5821
5.5821
5.6015
5.6199
5.6199
5.6199
5.6953
5.733
5.7707
5.7901
5.7901
5.8462
5.8655
5.8839
5.9032
5.9409
5.9593
5.9593
5.9593
5.997
5.997
6.0
6.0
6.0
6.0
6.0
6.0
6.0
6.0
6.0
6.0
6.0
6.0
6.0
6.0
6.0
6.0
6.0
6.0
6.0
6.0
6.0
6.0
6.0
6.0
6.0
6.0
6.0
6.0
6.0
6.0
6.0
6.0
6.0
6.0
6.0
6.0
6.0
6.0347
6.0541
6.1295
6.2233
6.2427
6.2611
6.2988
6.3365
6.3375
6.3375
6.3742
6.3752
6.3936
6.3936
6.4129
6.4313
6.4313
6.4506
6.469
6.5067
6.5261
6.5261
6.5821
6.6005
6.6015
6.6576
6.6576
6.7137
6.7146
6.7146
6.7514
6.7707
6.7707
6.8084
6.8268
6.8645
6.8839
6.94
6.9593
6.997
6.997
6.997
7.0
7.0
7.0
7.0
7.0
7.0
7.0
7.0
7.0
7.0
7.0
7.0
7.0
7.0
7.0
7.0
7.0
7.0
7.0
7.0
7.0
7.0
7.0
7.0
7.0
7.0
7.0
7.0
7.0
7.0
7.0
7.0
7.0
7.0
7.0
7.0
7.0
7.0531
7.0531
7.0541
7.0908
7.0908
7.1479
7.1673
7.1673
7.1673
7.204
7.205
7.2417
7.2417
7.2611
7.2998
7.3181
7.3365
7.3548
7.3548
7.3742
7.3926
7.4129
7.4129
7.4883
7.5057
7.5067
7.5067
7.5434
7.5434
7.6382
7.6566
7.6576
7.6943
7.732
7.7697
7.8075
7.8084
7.8645
7.8655
7.8839
7.8839
7.8839
7.9022
7.9216
7.9216
7.9583
7.9593
7.9787
7.9787
8.0
8.0
8.0
8.0
8.0
8.0
8.0
8.0
8.0
8.0
8.0
8.0
8.0
8.0
8.0
8.0
8.0
8.0
8.0
8.0347
8.0531
8.0541
8.0541
8.0918
8.0918
8.1092
8.1102
8.1102
8.1673
8.205
8.2233
8.2417
8.2998
8.3181
8.3365
8.3548
8.3732
8.3742
8.3752
8.3752
8.4313
8.4496
8.4496
8.5057
8.5067
8.5251
8.5638
8.5812
8.5821
8.6189
8.6199
8.6576
8.6953
8.7146
8.732
8.7514
8.8462
8.8655
8.8839
8.9022
8.9032
8.9409
8.9409
8.9583
8.9767
9.0
9.0
9.0
9.0
9.0
9.0
9.0
9.0
9.0
9.0
9.0
9.0
9.0
9.0
9.0
9.0
9.0
9.0
9.0
9.0
9.0908
9.1653
9.203
9.2427
9.3161
9.3161
9.3355
9.3539
9.3752
9.3916
9.3926
9.3936
9.3936
9.4119
9.4506
9.4864
9.4883
9.4883
9.5261
9.5424
9.5434
9.6382
9.6576
9.6953
9.731
9.7514
9.7514
9.8258
9.8645
9.8839
9.9583
9.9777
9.9951
9.996
9.996
10.0
10.0
10.0
10.0
10.0
10.0
10.0
10.0
10.0347
10.1276
10.1479
10.2804
10.3181
10.3732
10.4119
10.469
10.4864
10.5057
10.5821
10.5995
10.6189
10.6382
10.6769
10.7127
10.733
10.7891
10.8084
10.8248
10.8442
10.8625
10.9196
10.9206
10.9216
10.9757
11.0
11.0
11.0
11.0
11.0347
11.0531
11.0705
11.1082
11.1266
11.1285
11.1643
11.1836
11.2233
11.2233
11.2233
11.2784
11.2968
11.3752
11.467
11.4854
11.4874
11.5608
11.5792
11.6189
11.6546
11.6556
11.6759
11.7117
11.733
11.8055
11.8432
11.9583
12.0
12.0
12.0
12.0
12.0
12.0
12.1072
12.1285
12.1295
12.1643
12.1673
12.204
12.2214
12.2233
12.2417
12.3181
12.3375
12.3722
12.4109
12.4283
12.4283
12.4303
12.4477
12.466
12.4844
12.4864
12.4883
12.5037
12.5415
12.673
12.674
12.7146
12.7146
12.73
12.8065
12.8248
12.8258
12.8442
12.9563
12.9563
12.9573
12.9747
12.9747
12.9941
12.9941
12.9951
13.0
13.0
13.0338
13.0888
13.1673
13.1673
13.201
13.201
13.204
13.2387
13.3519
13.3529
13.3712
13.3916
13.467
13.469
13.5027
13.5037
13.5067
13.5221
13.5638
13.5802
13.6159
13.6169
13.6362
13.7127
13.731
13.7687
13.7861
13.7901
13.8075
13.8462
13.8616
13.8799
13.8829
13.8993
13.9554
13.9787
13.997
14.0
14.1062
14.1256
14.1469
14.1643
14.1817
14.2204
14.2571
14.2591
14.2591
14.2998
14.3142
14.3181
14.3519
14.3529
14.3539
14.3722
14.3742
14.4089
14.4129
14.4273
14.5221
14.5241
14.6159
14.6179
14.6556
14.673
14.674
14.6913
14.7137
14.8045
14.8606
14.8799
14.8993
14.9022
14.9196
14.9583
14.9747
15.0
15.0154
15.0879
15.1643
15.2784
15.2968
15.3132
15.3171
15.3365
15.3722
15.4263
15.464
15.4883
15.5067
15.5221
15.5395
15.5802
15.6159
15.6159
15.6382
15.672
15.732
15.8045
15.9767
15.9941
16.0501
16.0501
16.0695
16.2184
16.2387
16.2427
16.3529
16.3896
16.5018
16.5047
16.5047
16.5057
16.5201
16.5578
16.5965
16.5975
16.671
16.7494
16.7697
16.7697
16.8412
16.8616
16.8655
16.8789
16.9166
16.9593
17.0
17.0308
17.1052
17.1266
17.2367
17.2561
17.3499
17.3509
17.407
17.4253
17.4631
17.464
17.465
17.5434
17.5608
17.6149
17.6903
17.6913
17.73
17.7474
17.8025
17.8035
17.8596
17.8779
17.9166
17.9186
17.9737
17.9921
17.9931
17.9941
18.0675
18.1633
18.2397
18.4437
18.5946
18.6372
18.671
18.7146
18.73
18.8635
18.8819
18.8963
18.9931
19.0
19.0482
19.0869
19.1042
19.1236
19.1256
19.1439
19.1623
19.198
19.2204
19.2938
19.3683
19.3742
19.3866
19.4844
19.5598
19.6149
19.6159
19.6323
19.7638
19.7648
19.7832
19.7851
19.8055
19.8625
19.934
19.9544
20.0095
20.0298
20.0665
20.0849
20.1797
20.1826
20.199
20.199
20.2541
20.3305
20.3489
20.3519
20.3702
20.3926
20.4089
20.4621
20.4814
20.4824
20.5375
20.5598
20.6015
20.6333
20.8392
20.8953
20.934
20.9737
21.0
21.0104
21.0278
21.0482
21.0501
21.1082
21.1295
21.2164
21.2541
21.2561
21.2918
21.4234
21.5221
21.5375
21.5772
21.6516
21.7251
21.7832
21.8769
21.8769
21.9166
21.934
21.936
21.9544
21.9737
21.9921
22.0085
22.0645
22.0675
22.14
22.1633
22.3296
22.3509
22.405
22.406
22.4243
22.4824
22.5365
22.5752
22.673
22.7435
22.7832
22.7832
22.8566
22.8779
22.9514
22.9554
23.0
23.0645
23.0685
23.0859
23.1042
23.14
23.1593
23.2348
23.2531
23.2928
23.3102
23.3296
23.3469
23.4224
23.4631
23.5172
23.5926
23.671
23.8576
23.8596
23.937
23.9698
24.0085
24.0318
24.0452
24.0665
24.0675
24.0839
24.1013
24.1023
24.142
24.1777
24.2928
24.2958
24.3102
24.3469
24.3499
24.3866
24.404
24.464
24.465
24.5385
24.668
24.671
24.6874
24.7241
24.7435
24.8268
25.0258
25.142
25.198
25.2164
25.2338
25.3092
25.3286
25.4253
25.4427
25.4978
25.67
25.6923
25.7425
25.7474
25.7474
25.8025
25.8228
25.8586
25.8769
25.9127
26.0482
26.0636
26.0839
26.1013
26.1042
26.2938
26.3082
26.3837
26.3856
26.5191
26.5345
26.5916
26.611
26.6119
26.6487
26.6506
26.7087
26.7231
26.7802
26.7985
26.8025
26.8363
26.9311
26.933
27.0065
27.0482
27.138
27.2611
27.3529
27.4407
27.5732
27.6516
27.6854
27.7985
27.8353
27.876
27.9117
27.9504
27.9688
27.9727
28.0085
28.1186
28.1951
28.2134
28.2184
28.3276
28.3449
28.3489
28.3558
28.3643
28.3653
28.4591
28.4998
28.666
28.67
28.7271
28.7598
28.7608
28.7618
28.933
29.0819
29.0839
29.1023
29.137
29.1747
29.1747
29.1807
29.1971
29.2512
29.2695
29.2745
29.3459
29.3459
29.3489
29.3633
29.3846
29.4601
29.7047
29.731
29.7454
29.7484
29.7618
29.8402
29.9117
29.9127
29.9871
29.9911
30.1439
30.1564
30.2685
30.2918
30.4194
30.4437
30.4804
30.5142
30.5231
30.668
30.7435
30.873
30.9474
31.2685
31.344
31.3827
31.402
31.5732
31.5896
31.6263
31.6273
31.6362
31.7976
31.8159
31.9484
31.9658
31.9678
31.9698
31.9842
32.0616
32.1236
32.1544
32.1544
32.2144
32.2685
32.3092
32.3623
32.3633
32.405
32.4194
32.5345
32.5569
32.607
32.608
32.6362
32.6824
32.7415
32.7638
32.8209
32.9147
32.9474
32.9494
33.0258
33.0789
33.0973
33.2889
33.3827
33.4214
33.4938
33.5122
33.6293
33.7008
33.8159
33.8209
33.8373
33.8943
33.9117
34.0055
34.0085
34.1052
34.1439
34.198
34.3817
34.4204
34.5693
34.5693
34.606
34.6139
34.87
34.9157
34.938
35.2665
35.4164
35.4551
35.6844
35.9261
36.0219
36.0393
36.0789
36.0849
36.1901
36.199
36.2397
36.3623
36.3797
36.404
36.4164
36.4765
36.4854
36.6621
36.6834
36.6834
36.7067
36.7182
36.7385
36.9077
36.9271
37.0005
37.0035
37.078
37.0809
37.0983
37.1961
37.199
37.4775
37.5142
37.5231
37.7569
37.7742
37.8769
37.9077
38.0229
38.2521
38.2859
38.3062
38.3787
38.3807
38.3991
38.6601
38.7966
38.7976
38.868
39.0566
39.0586
39.1504
39.3033
39.3623
39.3981
39.4909
39.4909
39.5489
39.7569
39.7936
39.9281
40.1921
40.6244
40.7733
40.7916
40.7976
41.0963
41.1226
41.1718
41.1881
41.344
41.4144
41.5082
41.5529
41.603
41.7559
41.7733
41.8283
41.8283
41.9271
42.0934
42.603
42.6283
42.6968
42.7152
42.7936
42.7936
42.8303
43.1127
43.1504
43.1514
43.1708
43.2849
43.3603
43.3747
43.3941
43.6581
43.7782
43.8293
43.8536
43.9455
44.0005
44.0402
44.0546
44.0934
44.137
44.1737
44.2849
44.4135
44.5529
44.7182
44.7385
44.8323
44.8661
44.873
45.0353
45.1291
45.2616
45.2626
45.336
45.34
45.341
45.4551
45.5633
45.602
45.6571
45.8487
45.9028
46.078
46.1727
46.3971
46.406
46.6234
46.7713
47.5053
47.6254
47.9202
47.9445
48.0159
48.0209
48.2636
48.336
48.3931
48.4154
48.5991
48.9589
49.0343
49.1311
49.2095
49.3003
49.3023
49.3351
49.5266
49.5276
49.5559
49.7326
49.9048
49.9569
50.071
50.0943
50.2229
50.5817
50.6129
50.6949
50.7192
50.7877
50.8447
50.8661
50.9375
51.5643
51.5847
51.6164
52.1842
52.2219
52.276
52.3341
52.6542
52.7519
53.0169
53.1891
53.4685
53.7241
53.7405
53.806
53.8274
54.3157
54.4174
54.544
54.6939
54.8418
54.9569
55.0497
55.0874
55.2422
55.3941
55.5023
55.6164
55.7529
55.7896
55.8601
55.9395
56.1311
56.2557
56.4075
56.4685
56.4859
56.5991
56.6194
56.6522
56.9733
56.9782
57.1271
57.3872
57.483
57.6552
57.7122
57.804
57.9559
58.4492
58.5371
58.7172
58.808
59.0507
59.2393
59.2537
59.4298
59.4839
59.5748
59.6338
59.7132
59.7634
59.7683
59.8765
59.9385
60.0467
60.1504
60.216
60.2179
60.4442
60.6224
60.8264
60.9926
61.1688
61.339
61.5266
61.5564
61.7519
61.9152
61.9956
62.3246
62.5614
62.6889
62.7703
62.8244
63.2954
63.3281
63.4269
63.6328
64.1222
64.4849
64.4869
64.5226
64.7499
64.8998
65.0621
65.1241
65.7192
65.8204
65.8631
66.1222
66.3137
66.479
66.6279
66.8011
66.9867
67.1782
67.4586
67.6696
67.7063
67.8011
68.2869
68.5331
68.7624
68.8755
68.9683
69.1048
69.7817
69.8815
70.2497
70.3271
70.6105
71.3658
71.5777
71.6696
71.8328
71.8815
72.0844
72.1926
72.2294
72.5892
72.7663
72.8939
72.9113
73.0021
73.0284
73.1956
73.2199
73.2284
73.2333
73.7584
74.1212
74.3232
74.8338
75.2845
75.481
75.5108
75.8949
75.8988
75.9762
76.2691
76.5574
76.7266
76.9247
77.0651
77.4383
77.6259
77.6299
77.7489
77.9644
78.153
78.2169
78.2487
78.3301
78.5301
78.6443
78.9152
78.951
79.0398
79.0467
79.0825
79.1966
79.2294
79.476
79.6512
79.9296
80.0825
80.1549
80.3088
80.5708
80.7013
81.0631
81.1936
81.3425
81.6209
81.684
81.7594
81.8676
81.8716
82.0224
82.0775
82.4586
82.681
82.7837
83.2661
83.3743
83.8338
83.9673
84.0264
84.0939
84.1917
84.4527
85.2284
85.2661
85.3783
85.4006
85.4055
85.886
86.0641
86.3773
86.417
86.5147
86.5872
86.6239
87.0542
87.2855
87.4661
87.5252
87.6229
87.8909
88.1703
88.3579
88.3609
88.3852
88.4304
88.6453
88.7892
88.9187
88.9743
89.7971
89.8676
89.9961
90.3153
90.5232
90.6666
91.3222
91.3271
91.4274
91.4363
91.6413
91.881
92.1172
92.1306
92.4691
92.9401
93.151
93.2264
93.5793
93.6616
93.8443
93.8974
93.948
94.1917
94.4468
94.4497
94.5515
94.5524
95.0755
95.0919
95.1306
95.2487
95.4691
95.4855
96.0309
96.0601
96.1286
96.2234
96.4815
96.5127
96.884
96.9227
96.9574
97.4334
97.4671
97.5272
97.6344
97.7892
98.0001
98.2835
98.7535
98.9023
99.1142
99.2388
99.4294
99.5048
99.5619
100.3619
100.4428
100.5396
100.9912
101.35
102.557
102.8741
102.9371
103.0512
103.3162
103.6363
103.9177
104.3713
104.4507
104.4681
105.6731
106.087
106.3297
106.4314
106.5406
106.6498
106.9872
106.9882
107.614
107.7584
107.8771
108.0791
108.1207
108.2388
108.6711
108.8617
108.9673
109.2408
109.8076
109.8502
109.9207
110.0165
110.7987
111.6622
111.7098
111.7475
111.8383
112.1857
112.3694
112.557
112.5986
112.617
112.7505
113.0115
113.081
113.6314
113.7252
113.8587
114.1912
114.4795
114.5852
115.0791
115.2329
115.8324
115.9148
116.1525
116.2483
116.3664
116.3798
116.3887
116.817
117.0066
117.6537
118.5376
119.018
119.1604
119.6642
119.6855
119.9465
120.0974
120.5356
120.7118
120.9679
120.9882
121.7426
121.9023
121.9138
122.1555
122.5753
122.9187
122.9843
123.1545
123.3848
123.554
123.6969
123.7704
123.7783
124.0364
124.3451
124.754
125.224
125.5996
125.8294
125.8334
125.959
125.9803
126.3614
126.7793
126.8304
126.8423
126.8741
127.4379
127.486
127.6622
127.8672
127.9059
127.9078
127.9892
128.6274
129.021
129.0656
129.0741
129.1535
129.2076
129.2076
129.5848
129.753
130.485
130.5421
130.7183
130.8468
131.1059
131.3739
131.8826
131.9059
132.2483
132.4175
132.5743
132.7481
133.4438
133.5451
133.8409
133.8845
134.1525
134.2394
134.3352
135.0036
135.0498
135.3217
135.3287
135.3922
135.4473
136.0711
136.1495
136.4136
136.4667
136.5684
136.7451
137.0528
137.221
138.5828
138.6736
139.0662
139.3371
139.9029
140.0314
140.3371
140.8245
140.8602
141.9183
141.9917
142.3476
142.8215
143.2141
144.5798
145.6156
145.6543
145.6592
146.8304
147.0557
147.0662
147.8855
149.2771
149.3049
150.0131
150.0547
150.2801
150.4056
150.4617
151.3059
151.4597
151.4945
152.1203
152.2741
152.8051
154.1193
155.0121
155.5526
155.7024
157.2682
158.0419
159.2315
159.5119
159.8339
159.9605
160.9664
161.2141
162.1396
163.7917
164.2806
164.7024
164.7654
165.6096
166.5476
168.5913
169.6384
169.9019
170.2731
170.5223
171.2623
172.2865
173.9362
174.095
175.2052
175.219
176.3114
177.8791
178.8697
179.4275
179.4315
180.8434
180.9893
182.8811
184.03
184.8637
186.0687
186.5561
187.5784
188.4399
188.9496
189.4702
190.1779
193.6925
195.2717
195.7853
195.9188
198.1248
198.1566
198.4504
199.4003
202.5625
204.6806
207.3596
209.5977
209.9243
210.4822
210.5799
213.0464
220.4628
221.5159
221.7472
227.2703
228.9482
233.2395
237.4385
238.17
241.9318
242.5229
242.5457
242.6455
243.306
245.3234
259.5303
259.8763
260.9924
265.3348
267.6326
268.8966
279.7959
287.181
307.5711
311.2232
313.047
314.9582
436.2274
497.9098
