3.0
3.0
3.0
3.0
3.0
3.0
3.0
3.0
3.0
3.0
3.0
3.0
3.0
3.0
3.0
3.0
3.0
4.0
4.0
4.0
4.0
4.0
4.0
4.0
4.0
4.0
4.0
4.0
4.0
4.0
4.0
4.0
4.3817
4.5328
4.5328
4.5328
4.5328
4.6839
4.6839
4.9861
4.9861
5.0
5.0
5.0
5.0
5.0
5.0
5.0
5.0
5.0
5.0
5.1372
5.1372
5.2882
5.3817
5.4393
5.4393
5.4393
5.4393
5.5328
5.5904
5.6839
5.6839
5.6839
5.6839
5.6839
5.7415
5.7415
5.7415
5.835
5.835
5.8926
5.8926
6.0
6.0
6.0437
6.1372
6.1372
6.1948
6.1948
6.2882
6.2882
6.2882
6.3817
6.3817
6.3817
6.4393
6.4393
6.4393
6.4393
6.5328
6.5328
6.6481
6.7415
6.7415
6.7415
6.7992
6.835
6.835
6.8926
6.8926
6.8926
6.9861
7.0
7.0
7.0
7.0
7.0
7.0
7.0437
7.0437
7.1014
7.1372
7.1948
7.4393
7.4393
7.497
7.5328
7.5546
7.5546
7.5904
7.5904
7.5904
7.7057
7.7057
7.7992
7.7992
7.7992
7.835
7.835
7.8568
7.8568
7.8926
7.9503
7.9503
7.9861
8.0437
8.1372
8.1948
8.2524
8.2524
8.2524
8.2882
8.3817
8.3817
8.4035
8.4035
8.4393
8.497
8.5328
8.5546
8.6123
8.6839
8.9503
9.0079
9.0079
9.0079
9.1014
9.159
9.2167
9.2167
9.3677
9.3677
9.4035
9.4035
9.4035
9.4393
9.4612
9.4612
9.497
9.5188
9.5188
9.5188
9.5188
9.5546
9.6481
9.6481
9.6481
9.821
9.821
9.8926
9.9145
9.9145
9.9721
9.9721
10.0
10.0
10.0079
10.0437
10.0437
10.0656
10.0656
10.1014
10.1232
10.2743
10.3101
10.3677
10.3817
10.4612
10.4612
10.5188
10.5188
10.5328
10.6481
10.6699
10.7057
10.7276
10.7276
10.7276
10.7992
10.8787
10.9721
10.9721
11.0298
11.0298
11.332
11.332
11.4035
11.4035
11.4254
11.4393
11.4612
11.5188
11.6123
11.6341
11.6481
11.7057
11.7852
11.7852
11.821
11.821
11.835
11.8568
11.9363
12.0437
12.0656
12.2743
12.2743
12.332
12.3896
12.4254
12.6341
12.6341
12.6341
12.7852
12.7852
12.8787
12.8926
12.9145
12.9363
12.9503
12.9721
12.994
12.994
13.0298
13.1232
13.1809
13.2167
13.2167
13.2385
13.2385
13.2743
13.2743
13.2962
13.332
13.3677
13.4612
13.5188
13.6123
13.7057
13.7276
13.7276
13.7415
13.7494
13.7992
13.8429
13.8429
13.8787
13.9363
13.994
14.0874
14.0874
14.1232
14.2027
14.2167
14.2962
14.3896
14.3896
14.3896
14.5407
14.5765
14.6341
14.6918
14.7276
14.7494
14.7494
14.7494
14.7852
14.7852
14.7992
14.8071
14.8429
14.9005
14.9005
14.9363
14.9503
14.9721
14.994
15.0874
15.1093
15.1948
15.2385
15.2882
15.332
15.3538
15.3896
15.5625
15.6341
15.656
15.7136
15.7494
15.8071
15.821
15.8647
15.9363
16.0158
16.0516
16.1669
16.2027
16.332
16.332
16.3459
16.3538
16.4473
16.5625
16.5625
16.656
16.7494
16.8071
16.8071
16.8071
16.8647
16.9005
16.994
17.0735
17.0735
17.2027
17.2246
17.318
17.3757
17.3757
17.4691
17.5049
17.5625
17.6202
17.6341
17.7136
17.8071
17.8289
17.8429
17.98
18.0158
18.0735
18.0735
18.1311
18.1311
18.1669
18.2604
18.2822
18.318
18.318
18.3538
18.4333
18.4473
18.4691
18.4691
18.5268
18.5625
18.5844
18.5844
18.6778
18.7355
18.7713
18.7713
18.8289
18.8289
18.9363
18.98
18.994
19.0516
19.1888
19.2027
19.2962
19.3757
19.4691
19.491
19.5268
19.5268
19.5268
19.6202
19.6778
19.6778
19.7355
19.7713
19.7713
19.7931
19.8647
19.98
20.0377
20.0516
20.0953
20.1451
20.2822
20.318
20.3399
20.3757
20.3975
20.3975
20.4333
20.5844
20.6202
20.8866
20.9442
21.0158
21.0158
21.0377
21.0953
21.153
21.1888
21.3041
21.3041
21.3041
21.3399
21.4552
21.4552
21.5486
21.5625
21.5844
21.7355
21.8508
21.8866
22.0595
22.0595
22.0595
22.153
22.1888
22.2106
22.2106
22.3399
22.3617
22.4552
22.4552
22.4691
22.5486
22.5486
22.6063
22.6063
22.6063
22.6421
22.6421
22.815
22.9084
22.9084
22.9442
23.0158
23.0595
23.0953
23.0953
23.2246
23.2464
23.2683
23.2822
23.3399
23.3617
23.3617
23.3975
23.4194
23.4691
23.4691
23.5128
23.5128
23.5268
23.6997
23.7216
23.7216
23.7931
23.815
23.815
23.815
23.8726
23.9084
24.1748
24.2106
24.2683
24.3259
24.3975
24.4194
24.5049
24.5128
24.5705
24.6281
24.6997
24.7792
24.8726
24.8726
24.9084
24.9084
24.9442
25.0595
25.0953
25.1748
25.3836
25.3836
25.4194
25.5128
25.5128
25.5347
25.6421
25.6858
25.6997
25.7792
25.7792
25.8369
25.8726
25.8726
25.9303
25.9879
25.9879
26.0814
26.0814
26.139
26.2325
26.3041
26.3259
26.3399
26.477
26.5128
26.5128
26.5347
26.5705
26.5705
26.6063
26.6858
26.7434
26.7792
26.8945
26.9661
26.9879
26.9879
27.0237
27.0237
27.0237
27.0814
27.0953
27.139
27.2683
27.3836
27.4412
27.4989
27.5923
27.6858
27.7216
27.7216
27.7931
27.8508
27.8945
28.1032
28.1967
28.1967
28.4054
28.4054
28.4054
28.65
28.65
28.8726
28.9522
28.9522
29.0456
29.0814
29.139
29.139
29.1609
29.1967
29.2543
29.2683
29.312
29.312
29.3478
29.4054
29.4054
29.4412
29.477
29.5347
29.6281
29.65
29.6639
29.7076
29.7653
29.7653
29.8011
29.8011
29.8587
29.9164
29.9522
29.9879
29.9879
30.0674
30.1032
30.2543
30.5207
30.5207
30.65
30.65
30.7076
30.7434
30.8011
30.8229
30.9522
30.9522
31.0674
31.1251
31.1251
31.2185
31.312
31.4054
31.4273
31.4273
31.477
31.5565
31.5565
31.5784
31.5784
31.6281
31.6858
31.8369
31.9522
31.9879
32.0098
32.0317
32.0317
32.0674
32.1827
32.2185
32.2185
32.2762
32.2762
32.2901
32.312
32.3338
32.4273
32.4273
32.4849
32.4989
32.5347
32.5784
32.5784
32.636
32.7295
32.8806
33.0317
33.2185
33.2325
33.3338
33.4054
33.4054
33.5565
33.5784
33.636
33.6718
33.7295
33.8448
33.9164
33.9382
33.9522
33.974
33.9959
34.0317
34.0674
34.0893
34.0893
34.139
34.2185
34.2404
34.3338
34.4273
34.4273
34.4849
34.5207
34.5207
34.5426
34.6002
34.7295
34.7653
34.8448
34.9382
34.9959
35.2404
35.298
35.298
35.298
35.3915
35.5426
35.5426
35.5565
35.6002
35.6002
35.636
35.6718
35.6937
35.6937
35.7513
35.7871
35.8011
35.809
35.809
35.8806
35.9024
35.9024
35.9601
36.0535
36.1112
36.2404
36.3915
36.7155
36.809
36.8666
36.9601
36.974
37.0317
37.0893
37.1827
37.2046
37.2404
37.298
37.3338
37.3338
37.4054
37.5644
37.6002
37.6221
37.6937
37.7155
37.809
37.809
37.8448
38.1112
38.1112
38.1469
38.1827
38.2622
38.471
38.5426
38.6718
38.7155
38.8448
38.9601
39.0535
39.0535
39.133
39.1469
39.2683
39.2762
39.2841
39.3617
39.471
39.5347
39.6221
39.6797
39.6797
39.6797
39.7155
39.7732
39.8666
39.9243
39.9819
40.0396
40.0754
40.1688
40.2265
40.3775
40.5644
40.5863
40.8666
41.0396
41.0754
41.0754
41.0972
41.1907
41.3775
41.5068
41.5644
41.6797
41.8308
41.8308
41.8885
41.9461
41.9461
41.9819
42.0177
42.0396
42.133
42.1549
42.1688
42.1907
42.1907
42.2483
42.4571
42.4571
42.471
42.4928
42.5286
42.6439
42.6797
42.7374
42.7513
42.7592
42.8308
42.9461
43.2046
43.2483
43.2483
43.4571
43.5147
43.6439
43.6658
43.7374
43.8527
43.8885
44.0038
44.0396
44.0972
44.1191
44.1549
44.2404
44.3418
44.3418
44.3418
44.3636
44.5723
44.6081
44.8527
44.8885
44.9959
45.1191
45.1191
45.2483
45.2483
45.306
45.3199
45.3418
45.4213
45.4571
45.5147
45.6081
45.6081
45.6658
45.7234
45.7234
45.7592
45.8169
45.9103
45.968
46.0256
46.0256
46.0972
46.1191
46.1767
46.2125
46.2762
46.3636
46.3636
46.4213
46.4789
46.6658
46.7016
46.7016
46.8169
46.8387
46.8527
46.9103
47.1191
47.1191
47.1409
47.1549
47.2046
47.2125
47.2344
47.3636
47.3636
47.3855
47.5147
47.6658
47.9322
47.9898
48.0475
48.292
48.3278
48.3855
48.4789
48.5366
48.5366
48.5942
48.6658
48.6876
48.7453
48.7811
48.8029
48.8387
48.9103
48.9322
49.0256
49.0256
49.0256
49.1986
49.4073
49.6519
49.6519
50.0614
50.1191
50.1986
50.2562
50.3278
50.5008
50.6519
50.7016
50.7592
50.8029
50.8606
50.9898
51.1409
51.3139
51.3497
51.5584
51.5723
51.7095
51.7453
51.8248
51.8606
51.8606
51.8606
51.9182
52.0693
52.0693
52.0833
52.127
52.2204
52.2344
52.2562
52.3139
52.3139
52.3715
52.4292
52.465
52.5942
52.5942
52.6737
52.6737
52.7314
52.7453
52.7811
52.8606
52.8964
52.9182
53.2781
53.3357
53.4292
53.465
53.4868
53.6161
53.6161
53.6737
53.7095
53.7453
53.789
53.8248
54.0335
54.2204
54.2423
54.2781
54.5226
54.6161
54.6658
54.9401
55.0693
55.0912
55.2999
55.3357
55.3497
55.3934
55.6379
55.6379
55.8248
55.9401
56.0335
56.0554
56.1628
56.2423
56.2702
56.3934
56.3934
56.451
56.5087
56.6021
56.6956
56.7672
56.7672
56.8109
57.0693
57.0912
57.113
57.3934
57.4292
57.451
57.5803
57.6598
57.9619
57.9977
58.1488
58.1707
58.2423
58.2999
58.3139
58.3715
58.4152
58.465
58.4729
58.5663
58.5663
58.5663
58.6598
58.6956
58.7174
58.7532
58.8109
59.0196
59.5445
59.6379
59.6816
59.7174
59.7751
59.7751
60.1707
60.2065
60.2283
60.286
60.3794
60.6816
60.7532
60.8685
60.9838
60.9838
61.0335
61.0415
61.286
61.3576
61.451
61.5882
61.6737
61.6816
61.7174
61.8327
61.8327
61.8685
61.9401
61.948
62.1349
62.1707
62.1707
62.2283
62.3218
62.3436
62.4371
62.4868
62.5524
62.5882
62.6598
62.7035
62.7035
62.7035
62.7035
62.8109
62.9262
63.1925
63.3436
63.3794
63.4013
63.4013
63.5305
63.6458
63.6956
63.7611
63.7611
63.7969
63.8904
64.0057
64.0057
64.1349
64.1349
64.1568
64.1707
64.1925
64.3794
64.4013
64.4152
64.61
64.7751
64.9122
64.948
64.9699
65.3078
65.3218
65.4013
65.4371
65.5166
65.5742
65.5882
65.6379
65.7611
65.8327
65.8685
65.9699
66.0057
66.0057
66.0772
66.0991
66.3655
66.4231
66.4589
66.61
66.7969
66.8188
66.8546
67.0415
67.2144
67.3078
67.5742
67.61
67.8546
67.9699
68.0275
68.0633
68.783
68.8764
68.9122
69.0275
69.0415
69.286
69.2939
69.2939
69.3078
69.3297
69.4231
69.61
69.7472
69.783
69.783
70.0275
70.0494
70.1786
70.4231
70.5524
70.6537
70.7114
70.8406
70.9341
71.0494
71.0494
71.121
71.2005
71.2939
71.4669
71.4808
71.5603
71.769
71.8625
72.107
72.3158
72.783
72.8406
73.1289
73.6537
73.9917
74.0136
74.1289
74.1647
74.28
74.28
74.5026
74.6179
74.6179
74.6537
74.6537
74.6756
74.6756
74.769
75.0931
75.1289
75.2442
75.3376
75.3376
75.4311
75.4808
75.6179
75.7332
75.7909
76.1507
76.2442
76.4887
76.5026
76.5245
76.6179
76.6756
76.6974
76.942
77.1289
77.2442
77.2581
77.3376
77.3376
77.769
78.0712
78.0931
78.2084
78.28
78.3018
78.3595
78.4887
78.5106
78.6974
78.7193
79.4171
79.5106
79.5464
79.5682
79.7551
79.9062
79.942
80.266
80.3376
80.4748
80.6617
80.6835
80.7909
80.9062
81.3813
81.6756
81.8127
81.8127
81.9638
82.0215
82.2084
82.3237
82.3237
82.5324
82.604
82.6835
82.6974
82.9499
82.9638
83.0433
83.1368
83.2879
83.3455
83.3813
83.4171
83.439
83.4748
83.4966
83.6835
84.0433
84.1944
84.2521
84.439
84.6835
85.2521
85.3376
85.8346
86.101
86.1507
86.4032
86.5185
86.8783
86.8923
87.1228
87.1586
87.425
87.439
87.4608
88.4827
88.5403
88.5761
88.7054
88.8783
89.0433
89.087
89.087
89.2958
89.4469
89.4608
89.5403
89.6477
89.8704
89.9002
90.087
90.2381
90.7491
91.0652
91.1089
91.3455
91.5403
91.6556
91.936
91.9578
92.0513
92.087
92.4111
92.6914
92.7133
93.3534
93.4687
93.5045
93.8425
94.1665
94.3753
94.5403
94.6775
94.9797
94.9797
95.5264
95.6775
95.9797
96.2163
96.4687
96.6993
97.1884
97.2818
97.3395
97.3971
98.1308
98.6417
98.6993
98.7133
98.8146
99.2103
99.2103
99.419
99.5124
99.5622
99.7212
99.8504
100.0234
100.3037
100.5622
100.5701
100.7351
100.7491
101.0015
101.0015
101.0592
101.3614
101.8146
101.9578
103.2321
103.2321
103.2958
103.419
103.4409
103.7928
103.8146
103.8504
104.0452
104.5482
105.1963
105.2321
105.2321
105.7649
105.8007
106.6138
106.8941
107.1029
107.1168
107.1605
107.3256
107.7291
107.7788
107.8007
107.8007
107.8225
108.1605
108.2758
108.3693
108.4766
108.4985
108.7072
108.9378
108.9518
109.3832
109.4846
109.8007
110.2758
110.5562
110.6714
110.7291
110.8723
110.9518
111.0889
111.1029
111.6575
111.9378
112.081
112.5064
113.7072
113.7868
113.8444
113.9597
114.2042
114.7728
115.3195
115.8225
116.0173
116.2261
116.3414
116.4488
116.6993
116.9239
117.0968
117.3553
117.4348
118.7152
118.7728
118.7728
119.2479
119.5143
119.5283
119.751
120.0611
120.3414
120.5501
120.7947
121.399
122.075
122.1545
122.2479
122.5064
122.7589
122.7728
123.5501
123.572
123.8165
123.8742
124.2916
124.4348
124.4427
124.9318
124.9895
124.9895
125.1545
125.6654
125.6873
126.0471
126.5143
126.8523
127.3632
127.399
127.4925
127.6873
127.9537
128.1187
128.1266
128.3493
129.7091
129.9179
130.0471
130.3354
130.9974
131.2996
131.4646
131.9755
131.9974
131.9974
132.6017
132.9974
133.1485
133.1843
133.5004
133.6017
133.6952
134.8105
135.8105
136.3712
136.7747
137.89
137.9258
137.9974
138.1922
138.3214
138.5222
139.5441
139.7886
140.055
140.2498
140.4149
140.9616
140.9755
141.055
141.0987
141.1922
141.3433
141.89
141.9397
142.552
144.0629
144.1424
144.5381
145.0629
145.214
145.9476
146.8761
147.1066
148.1643
150.4446
151.5381
153.5818
156.3015
156.7189
157.5678
157.8124
158.1285
159.7408
160.2875
160.9416
161.6473
161.8561
162.0072
162.1146
162.8561
162.9853
163.8561
165.373
165.4307
165.6831
166.1583
166.9932
167.9574
168.0509
168.1801
169.9932
173.8501
176.6632
178.0151
178.1741
178.7566
178.8719
180.7208
180.7924
181.4763
182.1025
182.2536
182.5339
182.8858
184.0588
184.7287
186.1164
186.6353
187.0528
187.2675
190.0807
190.8003
190.844
192.9951
193.2039
193.5498
193.6432
193.8877
195.003
195.2476
195.2834
195.8877
196.0388
196.1899
196.3052
199.2476
200.1681
200.4563
200.6074
201.0825
201.5
202.0249
203.4782
205.0328
206.4205
206.9891
209.4284
210.1123
211.9036
215.1044
218.0626
218.3429
218.4363
219.2555
219.8538
221.6311
225.9473
226.6172
226.7246
227.7246
228.0347
234.6609
237.2513
238.1858
239.7186
239.9333
244.0505
244.3885
246.468
246.8418
247.2732
248.7702
250.0505
252.0942
255.6846
256.8716
258.4322
258.6131
258.8358
260.3685
262.627
262.7563
269.1319
269.2393
271.5415
271.6489
273.2114
273.3625
274.0822
276.1756
277.6289
278.5136
283.615
284.3346
285.2551
287.5652
293.1259
302.3504
308.3226
308.9051
309.4737
309.7898
313.2649
314.5095
318.5034
318.8414
319.251
327.3602
328.2012
331.6048
337.5193
339.4835
353.6425
357.0241
357.5927
367.205
369.9823
374.0618
395.3659
403.1432
415.4533
446.5505
449.1907
465.4371
477.1508
496.5841
497.5046
511.6715
