3.0
3.0
3.0
3.0
3.0
3.0
3.0
3.0
3.0
3.0
3.0
4.0
4.0
5.0
5.3817
5.8926
6.0
6.0
6.3817
6.497
6.5328
6.6481
6.6839
6.9503
7.1948
7.6481
7.6481
7.7415
7.835
7.8926
8.0
8.0
8.0079
8.4393
8.5328
8.5328
8.6839
8.6839
8.8926
8.9503
9.2167
9.2524
9.497
9.5328
9.6123
9.6839
9.7415
9.8926
9.9861
10.1232
10.159
10.2743
10.2882
10.3677
10.6123
10.8568
10.9145
11.0437
11.1232
11.1232
11.6341
11.6341
11.7992
11.821
11.8787
12.0298
12.1232
12.159
12.3101
12.7276
12.7852
12.7992
12.9363
13.1232
13.3896
13.5765
13.5983
13.8429
13.8787
13.9363
14.1372
14.1809
14.1809
14.4393
14.7276
14.7494
14.9005
15.0516
15.2743
15.483
15.5407
15.5625
15.5625
16.0516
16.0874
16.1451
16.1809
16.7136
16.7713
16.7713
16.7852
16.8787
17.0158
17.4473
17.4691
17.5268
17.6918
18.0735
18.2962
18.4333
18.7136
18.7136
18.98
19.5268
19.7355
19.8071
19.9442
20.1311
20.2604
20.332
20.3399
20.3538
20.3757
20.5268
20.5983
20.9442
20.9442
21.6202
21.6778
21.8508
22.0377
22.1311
22.3041
22.3975
22.4333
22.656
22.8289
22.9442
23.0019
23.1888
23.2822
23.5128
23.7931
23.815
24.1172
24.1748
24.1748
24.2683
24.2822
24.3259
24.4194
24.5128
24.5128
24.7216
24.7355
24.9084
24.9303
24.98
25.1748
25.477
25.8726
25.9879
25.9879
26.0377
26.139
26.2464
26.4194
26.4552
26.5347
26.5705
26.7792
26.8726
26.9303
26.9661
26.9879
27.0019
27.0456
27.2325
27.6281
27.6639
27.9879
28.0237
28.0456
28.0814
28.1172
28.139
28.1967
28.2901
28.8011
28.9522
28.9522
29.4631
29.4989
29.4989
29.5347
29.5565
29.5923
29.6142
29.6858
29.9879
30.0814
30.312
30.3259
30.4631
30.5347
30.5565
30.6718
30.7076
30.7076
30.7434
30.7573
30.8229
30.9164
31.0456
31.4631
31.5784
31.7653
32.0098
32.1251
32.1251
32.1251
32.3975
32.5565
32.5923
32.7871
32.8011
32.8945
32.9879
33.0317
33.3338
33.5426
33.636
33.636
33.7076
33.8806
33.8806
33.974
34.1827
34.298
34.4849
34.5565
34.7076
34.7513
34.7871
34.8448
34.9382
34.9382
34.9959
35.0674
35.0674
35.2762
35.2901
35.3836
35.5784
35.636
35.6937
35.7076
35.974
36.0535
36.0535
36.1251
36.2046
36.2404
36.2622
36.3915
36.5784
36.5784
36.7295
36.8587
37.1469
37.3199
37.3199
37.3199
37.3557
37.3915
37.6002
37.7155
37.7155
37.7513
37.7732
38.0177
38.1112
38.3199
38.4133
38.4491
38.471
38.471
38.5286
38.6718
38.8448
39.0177
39.0754
39.1688
39.2265
39.2622
39.2841
39.2841
39.4133
39.5068
39.6221
39.7513
39.8308
39.8308
39.9243
40.1112
40.133
40.4133
40.5286
40.6639
40.9243
41.0535
41.0754
41.1907
41.2046
41.2841
41.471
41.5505
41.6439
41.7374
41.8448
41.8666
41.9959
42.0038
42.0535
42.1688
42.2046
42.2046
42.3418
42.3696
42.3775
42.4571
42.471
42.5505
42.6439
42.795
42.8885
42.9103
43.0614
43.0972
43.1827
43.2125
43.3418
43.5863
43.7155
43.7374
44.0396
44.1549
44.2125
44.2265
44.3418
44.3636
44.3636
44.4352
44.471
44.471
44.5286
44.809
44.8308
44.8527
44.8527
44.8745
44.8885
44.968
45.1549
45.1767
45.5505
45.6658
45.6658
45.7592
45.7732
46.2702
46.306
46.4352
46.5147
46.5723
46.795
46.8745
46.9322
47.0614
47.2344
47.292
47.3636
47.5147
47.5505
47.5505
47.6797
47.6876
47.7811
47.8387
48.0256
48.2483
48.292
48.3278
48.5723
48.5942
48.6658
48.7811
48.8745
48.8964
48.9103
49.1409
49.1549
49.2562
49.3855
49.4073
49.4073
49.6519
49.6876
49.7811
49.8029
49.8387
49.8964
50.0256
50.1191
50.1409
50.1409
50.1409
50.1986
50.3994
50.4073
50.4213
50.4431
50.5366
50.6161
50.8029
50.9322
51.0475
51.1986
51.3497
51.4073
51.4431
51.4431
51.8029
52.1051
52.127
52.3715
52.4292
52.5942
52.8248
52.8606
52.8745
52.9182
52.954
53.0693
53.1846
53.3139
53.4073
53.4292
53.795
54.0335
54.0912
54.2781
54.3139
54.3357
54.3497
54.6161
54.8029
54.8248
55.3357
55.3934
55.3934
55.63
55.6956
55.7314
55.8248
55.8467
55.9322
56.0335
56.0693
56.0912
56.1488
56.2065
56.5445
56.5803
56.6021
56.9043
56.9401
56.9977
56.9977
57.0335
57.2641
57.2781
57.451
57.5087
57.5226
57.6598
57.6956
57.9043
58.2999
58.3576
58.3576
58.4868
58.5663
58.5663
58.624
58.6956
58.8109
58.9262
58.9401
58.9619
59.0912
59.3934
59.4152
59.5663
59.6161
59.789
59.789
59.8109
59.9043
60.0772
60.2065
60.2204
60.3576
60.5305
60.5882
60.624
60.7174
60.8685
60.9619
61.0196
61.1349
61.2283
61.3794
61.5305
61.6816
61.6956
61.7969
61.8685
61.8904
61.9619
62.0772
62.2065
62.2283
62.3218
62.3576
62.4947
62.5305
62.7174
62.7969
62.8327
62.9262
63.0335
63.0991
63.1846
63.286
63.3218
63.4152
63.4729
63.7035
63.7751
64.0196
64.0415
64.1568
64.3078
64.5305
64.5305
64.6816
64.7611
65.0057
65.0633
65.2283
65.272
65.3655
65.3655
65.4231
65.5166
65.5524
65.61
65.7253
65.7253
65.8188
66.0057
66.0415
66.3655
66.4589
66.4589
66.4729
66.61
66.6319
66.6677
66.7035
66.7611
67.121
67.121
67.1488
67.1786
67.3436
67.3655
67.4231
67.4808
67.5166
67.6677
67.7035
67.8406
68.0991
68.2144
68.3297
68.3297
68.3297
68.3873
68.5742
68.7035
68.7393
68.8685
68.8764
69.121
69.272
69.4231
69.5384
69.7035
69.7253
69.7393
69.9341
70.0852
70.1349
70.2939
70.3297
70.445
70.4808
70.5384
70.5742
70.61
71.0494
71.3297
71.4231
71.9341
71.9559
71.9917
72.0136
72.0275
72.0712
72.5742
72.5961
72.769
72.9341
72.9699
72.9778
72.9917
73.0136
73.1647
73.2223
73.3078
73.3158
73.445
73.5026
73.5603
73.6756
73.8267
73.8406
73.9201
74.107
74.107
74.107
74.2223
74.2581
74.3158
74.3376
74.5026
74.769
74.8983
74.8983
74.9341
74.9559
75.0354
75.107
75.1647
75.3516
75.5603
75.5603
75.5821
75.6319
75.6398
75.6756
75.7909
76.1507
76.28
76.3734
76.3873
76.4669
76.5464
76.5821
76.5821
76.604
76.6179
76.7332
76.8625
76.9917
76.9996
77.0931
77.0931
77.28
77.3158
77.5464
77.6617
77.8267
77.9201
78.2442
78.28
78.3595
78.3734
78.4887
78.5464
78.6398
78.8127
78.8485
78.8704
79.0712
79.1507
79.1507
79.3376
79.3595
79.4311
79.8127
80.2084
80.6398
80.6398
80.6617
80.8704
80.8704
80.9062
80.9062
81.0931
81.1289
81.2879
81.5464
81.5464
81.5464
81.8127
81.8704
82.2084
82.266
82.4966
82.7332
82.9062
82.928
82.9638
83.2302
83.266
83.4032
83.4171
83.5324
83.6477
83.6617
83.6835
83.7909
83.8048
84.0215
84.0354
84.0433
84.0931
84.1368
84.3237
84.3455
84.4529
84.4966
84.5901
84.5901
84.8127
84.9996
85.0791
85.1726
85.2879
85.4171
85.4608
85.4966
85.6477
85.7988
85.8923
85.9141
86.0652
86.0791
86.3455
86.5185
86.6696
86.9141
87.2163
87.2739
87.5543
87.6119
87.6696
87.763
87.9499
87.9857
88.0075
88.2521
88.6696
88.7988
88.9141
89.0294
89.4608
89.5403
89.7411
89.7849
89.9141
90.1368
90.2739
90.425
90.6338
90.7054
90.7411
91.1228
91.2023
91.2521
91.3892
91.5622
91.7491
91.7491
91.9002
91.936
91.9578
91.9936
92.0155
92.0294
92.0652
92.1447
92.4469
92.5045
92.7272
92.8425
92.9578
93.0513
93.3316
93.5045
93.6338
93.6338
93.7491
93.8425
93.9002
93.936
93.9578
94.6775
94.7849
94.8425
94.8644
94.8644
95.0155
95.1089
95.1884
95.2242
95.26
95.26
95.3176
95.4111
95.5045
95.5045
95.584
95.598
95.598
95.9797
96.0731
96.2818
96.3176
96.5622
96.598
96.6417
96.6775
96.6775
96.6914
96.8286
96.8783
96.8862
97.1665
97.2381
97.2818
97.2958
97.3892
97.4329
97.584
97.6417
97.6417
97.7928
97.9797
97.9797
98.0015
98.0155
98.0513
98.3971
98.3971
98.4608
98.5264
98.5622
98.7351
99.095
99.1665
99.1884
99.3037
99.3395
99.3971
99.6198
99.6635
99.7351
99.757
99.922
99.9797
100.0592
100.095
100.1526
100.2679
100.6277
100.6635
100.8644
100.9797
101.0592
101.1526
101.4548
101.6417
101.9439
101.9657
101.9657
102.6277
102.8146
102.9797
103.081
103.095
103.1168
103.419
103.5124
103.6993
103.7212
103.7709
103.8146
103.8365
103.8723
103.9299
104.0015
104.0234
104.1745
104.4409
104.4985
104.6854
104.743
104.8723
104.9657
105.0234
105.2103
105.4051
106.0094
106.0373
106.1029
106.2958
106.3116
106.4051
106.7072
106.7351
106.8723
106.9736
107.3116
107.4051
107.4627
107.7788
107.8007
107.8802
107.916
107.9518
108.0094
108.1387
108.1963
108.2758
108.3693
108.4269
108.743
108.9736
109.0313
109.0452
109.0671
109.0671
109.3832
109.4269
109.4409
109.6138
109.6635
109.8583
110.0094
110.0094
110.3116
110.4051
110.4846
110.5562
110.578
110.8007
111.1247
111.3116
111.5422
111.5919
111.6357
111.6854
111.9378
112.1108
112.2042
112.5999
112.7152
112.916
112.9955
113.0531
113.1824
113.2042
113.2042
113.5422
113.6357
113.6933
114.0531
114.1466
114.1605
114.4269
114.4846
114.5064
114.5283
114.6357
115.1326
115.1466
115.2619
115.2619
115.3195
115.5641
115.9816
115.9816
116.1326
116.2042
116.2977
116.4488
117.0173
117.075
117.1108
117.1684
117.3553
117.4488
117.4488
117.5064
117.5501
117.6357
117.9458
118.0173
118.075
118.0968
118.1108
118.5859
118.9458
119.1108
119.1545
119.3632
119.3772
119.8086
120.0392
120.3614
120.4925
120.5143
120.8802
121.1187
121.1326
121.2121
121.572
122.1545
122.2121
122.2479
122.6575
122.737
122.8523
123.0253
123.5859
123.6078
123.6436
123.91
124.0968
124.2698
124.3056
124.572
124.8523
124.91
124.9895
125.0253
125.4209
125.4209
125.5362
125.5362
126.1903
126.234
126.3493
126.8384
126.9537
127.0113
127.7449
127.9318
128.069
128.2559
128.407
128.4288
128.4646
128.8244
128.8602
128.896
128.9318
129.1048
129.3056
129.5799
129.6157
129.6515
129.8026
130.0471
130.558
130.5799
130.6157
130.7449
130.8463
131.0253
131.2419
131.6375
131.6733
131.7091
132.1266
132.1624
132.2201
132.4427
132.5362
132.5799
132.6733
132.6952
132.8165
133.0908
133.2201
133.3572
133.3712
133.393
133.6733
133.7091
133.9755
134.2559
134.2777
134.2996
134.4149
134.9179
135.393
135.4507
135.5659
135.717
135.717
135.9039
136.1345
136.3572
136.3791
136.6157
136.6594
136.7389
137.0332
137.0411
137.1843
137.2638
137.4288
137.5878
137.6812
137.6952
137.9039
138.0987
138.1922
138.2419
138.9258
139.4009
139.7389
139.9476
140.0908
140.3135
140.3572
140.5083
140.6673
141.2996
141.8681
141.8761
142.0411
142.393
142.8542
143.2359
143.9913
144.0271
144.4228
144.5162
144.7747
144.9118
145.0411
145.1424
145.2001
145.3791
145.6733
145.89
145.9337
146.4446
146.6315
146.8542
147.387
147.4009
147.4088
147.5162
148.2935
148.3075
148.373
149.0053
149.4088
149.7826
149.8263
150.0848
150.2001
150.2796
150.3512
150.6892
150.8323
151.2935
151.4944
152.4883
152.9416
153.6752
153.6752
153.9993
154.4665
154.711
154.7329
154.7547
154.8124
154.8482
154.884
155.0211
155.6394
156.0708
156.3015
156.4446
156.546
157.208
157.2438
157.6036
157.6613
157.6752
157.7189
157.87
157.8979
157.9993
158.2657
158.2717
158.6255
159.2657
159.7408
159.7547
159.9198
160.1941
160.4386
161.4386
161.546
162.1364
162.3094
162.4028
162.4247
162.5539
162.7408
162.7408
163.4028
163.5539
163.5539
163.8561
164.0648
164.3094
164.5757
164.8124
165.4028
165.6115
165.8561
166.202
166.8342
166.8561
166.8919
167.0072
167.202
167.4028
168.0648
168.0867
168.2159
168.5618
168.7268
168.7845
169.0509
169.1085
169.1662
169.2378
169.3173
169.3531
169.5618
169.7268
169.7845
169.8203
170.1085
170.1662
170.2378
170.2378
170.5042
170.7845
170.9714
171.2736
171.6195
171.6473
172.0867
172.1085
172.202
172.4465
172.4823
172.4902
172.6911
172.7189
173.526
173.6771
173.9216
174.3391
174.6413
174.7487
174.8064
175.0011
175.0011
176.0011
176.4326
177.0946
177.4544
178.1304
178.1741
178.7566
178.8064
178.9793
179.5479
179.6413
180.2894
180.3252
180.5121
180.6274
180.7069
180.858
181.0588
181.1383
181.3828
181.6195
182.6492
182.7129
182.9156
182.9793
183.3112
183.3112
183.4981
183.9733
184.7348
184.9514
185.5916
186.4842
186.7069
187.7287
187.9733
188.347
188.8719
189.0886
189.2039
189.7785
190.2755
190.2894
191.017
192.5637
192.5916
192.5995
192.8222
193.506
193.7148
194.0388
194.4842
194.5776
195.5637
196.3331
197.3987
197.5776
197.7943
198.341
198.514
198.7009
198.7148
198.9017
199.1402
199.3052
199.7585
199.7803
200.2118
200.5716
201.0746
201.3271
202.2476
202.3192
203.3847
203.5935
204.514
204.5577
204.7664
205.8241
206.2773
206.2913
206.7664
207.162
207.8161
208.1263
208.2415
208.4284
209.1839
209.5358
209.7525
210.2057
210.2415
211.2773
212.2992
212.3052
212.4503
212.9254
213.17
213.4861
213.5219
214.1123
214.6809
215.1123
215.3071
215.4721
215.997
216.1918
216.1918
216.6093
216.6451
217.7525
219.2713
219.3926
220.1342
220.4503
220.6451
220.832
220.9254
221.5159
221.5159
222.1997
222.8538
223.3508
224.1639
225.1421
225.5159
226.1421
228.0347
228.8259
228.8836
229.7901
230.2653
230.2792
233.6609
235.5814
236.1718
236.3448
237.6033
237.7464
238.0923
238.315
239.136
240.2434
241.2732
241.2871
241.6112
241.6688
242.8418
244.0287
244.0505
244.3308
245.0287
245.8776
245.9492
246.5614
247.8199
247.8199
248.0784
248.2016
248.2235
248.3229
248.468
250.2016
250.8636
250.9789
252.1877
254.0147
254.2672
254.3606
256.2314
256.6628
257.2811
257.5117
258.2234
258.7065
260.3467
261.7065
263.2393
263.5415
264.5554
266.2969
267.7502
267.9808
268.2393
269.621
269.7144
270.448
270.8874
271.3764
271.4122
271.945
272.4917
272.9948
273.607
274.4559
274.4917
274.8158
274.8297
275.4341
276.2114
276.4559
277.5712
277.78
280.0961
280.7005
281.0385
281.3704
281.8376
283.0324
283.3923
285.3346
285.7303
285.8376
286.2193
287.8674
289.5294
291.6726
292.436
292.8098
295.6508
295.9608
296.3644
296.7242
298.277
298.5155
299.2351
300.1635
301.4081
302.0125
302.2988
302.3644
302.9827
304.3723
307.0403
307.3007
308.3007
308.3365
309.0482
311.1496
311.2291
311.4737
311.589
312.4518
315.3007
315.3365
315.8335
316.8335
320.9348
321.6108
323.0641
323.8414
324.6327
326.2807
327.3384
327.5253
329.0938
330.396
331.2449
332.6982
333.3245
334.0143
334.2529
335.6127
336.0302
338.0441
338.4756
339.7419
341.0083
341.5988
341.8791
342.5411
342.6624
344.1376
344.6346
345.1236
345.4974
346.2031
346.9507
348.1892
349.3979
355.1752
355.5132
358.3263
360.9963
361.4854
363.4277
365.3124
366.3701
367.5648
370.5072
370.5648
371.6801
372.0539
372.364
372.3998
374.8889
375.0976
376.4435
376.5151
377.5728
379.3064
380.1055
381.4435
381.4435
381.861
384.4793
384.6602
386.5091
388.193
388.3441
391.2069
392.0777
397.676
398.0279
398.0279
399.5249
402.6183
408.014
409.1372
412.8927
413.3459
418.2744
428.9443
440.7076
441.312
442.0178
443.823
444.9243
446.7374
447.1907
457.0694
457.8527
460.8885
462.63
463.3218
468.7035
468.8109
479.1568
484.7612
484.8704
491.0573
492.2958
498.5404
510.0671
514.1606
516.2619
538.7589
546.0988
583.713
677.0167
