3.0
3.0
3.0
3.0
3.0
3.0
3.0
3.0
3.0
3.0
3.0
3.0
3.0
3.0
3.0
3.0
3.0
3.0
3.0
3.0
3.0
3.0
3.0
3.0
3.0
3.0
3.0
3.0
4.0
4.0
4.0
4.0
4.0
4.0
4.0
4.0
4.0
4.0
4.0
4.0
4.0
4.0
4.0
4.0
4.0
4.3817
4.3817
4.3817
4.3817
4.3817
4.5328
4.5328
4.835
4.835
4.835
4.835
4.9861
5.0
5.0
5.0
5.0
5.0
5.0
5.0
5.0
5.1372
5.2882
5.2882
5.2882
5.2882
5.3817
5.3817
5.3817
5.3817
5.3817
5.3817
5.4393
5.5328
5.5328
5.5904
5.5904
5.6839
5.6839
5.6839
5.6839
5.6839
5.7415
5.835
5.835
5.835
5.835
5.8926
5.8926
5.9861
5.9861
6.0
6.0
6.0
6.0
6.0
6.0
6.0437
6.0437
6.1372
6.1948
6.1948
6.3459
6.3459
6.3817
6.3817
6.4393
6.497
6.497
6.5328
6.5904
6.6481
6.6839
6.6839
6.6839
6.6839
6.6839
6.6839
6.7415
6.7992
6.7992
6.835
6.835
6.8926
6.8926
6.9503
6.9503
6.9503
6.9861
7.0
7.0437
7.0437
7.1014
7.1014
7.1014
7.1014
7.1372
7.1372
7.1372
7.1948
7.1948
7.2524
7.3459
7.3817
7.4035
7.4393
7.4393
7.5328
7.5328
7.5546
7.5904
7.5904
7.5904
7.6839
7.6839
7.6839
7.6839
7.7057
7.7415
7.7415
7.7992
7.7992
7.9503
7.9861
7.9861
7.9861
8.0079
8.0079
8.0437
8.1014
8.1014
8.1014
8.1948
8.1948
8.2524
8.2882
8.2882
8.3101
8.3101
8.3817
8.4035
8.4612
8.4612
8.4612
8.5546
8.5546
8.5904
8.5904
8.5904
8.6123
8.6481
8.6481
8.6839
8.7634
8.7634
8.7634
8.7992
8.835
8.8568
8.8568
8.9503
8.9861
9.0
9.0656
9.1014
9.1014
9.1014
9.1372
9.1372
9.159
9.159
9.1948
9.2167
9.2524
9.3101
9.3101
9.3101
9.3459
9.3459
9.4035
9.4393
9.4612
9.4612
9.497
9.5188
9.5188
9.5328
9.6123
9.6123
9.6481
9.6699
9.7057
9.7415
9.7634
9.821
9.821
9.835
9.835
9.8568
9.9721
10.0079
10.0079
10.0079
10.0656
10.1014
10.1232
10.159
10.159
10.2167
10.2524
10.2743
10.2882
10.3101
10.3677
10.4393
10.4612
10.5188
10.5546
10.6699
10.6699
10.6699
10.7057
10.7276
10.7634
10.7634
10.7634
10.7992
10.821
10.821
10.8787
10.9721
11.0437
11.0656
11.1232
11.159
11.1809
11.1809
11.1948
11.2743
11.2743
11.332
11.4254
11.4393
11.483
11.5188
11.7057
11.7057
11.7276
11.7276
11.7276
11.7276
11.7634
11.7852
11.7852
11.9363
12.1232
12.1232
12.2385
12.2743
12.2743
12.332
12.3677
12.483
12.483
12.5407
12.5407
12.5407
12.5407
12.5765
12.5904
12.6918
12.7057
12.7276
12.7852
12.7992
12.7992
12.821
12.8429
12.9503
12.9721
12.994
13.1809
13.1809
13.2167
13.2167
13.2167
13.2743
13.2743
13.2962
13.332
13.3896
13.4035
13.4254
13.4254
13.4473
13.4612
13.5407
13.5765
13.6918
13.7494
13.8429
13.8429
13.8787
13.994
14.1232
14.1451
14.3538
14.5049
14.5049
14.5049
14.5407
14.6341
14.656
14.656
14.7057
14.7276
14.7494
14.7494
14.8429
14.8429
14.8787
14.9363
14.9363
14.9582
15.1093
15.1451
15.2027
15.3896
15.4115
15.4115
15.5049
15.5983
15.6341
15.656
15.656
15.7136
15.7852
15.8647
15.9005
15.9363
15.9363
15.994
16.0158
16.0516
16.0516
16.0874
16.0874
16.1451
16.2385
16.318
16.4115
16.4473
16.656
16.6918
16.7713
16.8071
16.9582
17.0735
17.1669
17.2027
17.2027
17.2604
17.2604
17.318
17.318
17.318
17.332
17.3538
17.3757
17.3896
17.4254
17.4473
17.5049
17.656
17.6778
17.6918
17.7136
17.7136
17.7276
17.7713
17.8071
17.8071
17.8289
17.8647
17.8647
17.9224
17.9224
17.98
18.1093
18.1669
18.1669
18.2027
18.2246
18.2743
18.3538
18.3757
18.5049
18.5407
18.5844
18.5844
18.5844
18.6778
18.7494
18.8647
18.8866
18.98
18.98
19.0516
19.1093
19.2246
19.3757
19.3757
19.4115
19.5268
19.5983
19.6202
19.6421
19.6778
19.6918
19.7931
19.7931
19.8289
19.8289
19.8647
19.8787
19.98
20.0953
20.1311
20.1888
20.2246
20.2464
20.318
20.3757
20.5844
20.6421
20.7931
20.7931
20.8071
20.8289
21.0019
21.0377
21.0377
21.0735
21.0953
21.0953
21.0953
21.0953
21.2246
21.2464
21.4552
21.491
21.5486
21.5486
21.6063
21.6202
21.6421
21.6421
21.6997
22.0377
22.0377
22.0953
22.153
22.1888
22.2106
22.3399
22.3399
22.3617
22.3617
22.4552
22.5486
22.5844
22.5844
22.6639
22.6639
22.815
22.9661
23.1172
23.1888
23.3975
23.7216
23.7216
23.7573
23.7573
23.815
23.8508
23.8726
23.8726
23.9084
23.9224
23.98
24.0237
24.2683
24.3617
24.4194
24.5705
24.6063
24.7573
24.7573
24.8726
24.8866
24.9303
25.0237
25.3617
25.4194
25.5347
25.5347
25.6281
25.6858
25.7216
25.815
25.9303
25.9303
25.9582
26.0814
26.1172
26.4194
26.5705
26.8508
26.9084
27.2325
27.3478
27.3617
27.4412
27.4989
27.5347
27.6063
27.65
27.7216
27.7434
27.8011
28.0735
28.1032
28.139
28.2683
28.2683
28.2901
28.3478
28.5347
28.5923
28.7792
28.8011
28.8587
28.8587
28.9522
29.2325
29.312
29.3478
29.3836
29.4054
29.4631
29.7076
29.8011
29.8587
29.9303
29.9522
30.0456
30.1609
30.1609
30.1967
30.2543
30.2901
30.3478
30.4631
30.6142
30.974
31.0674
31.1251
31.3696
31.4273
31.4631
31.5565
31.6281
31.65
31.7076
31.8229
32.0317
32.0674
32.3696
32.636
32.7434
32.7871
32.8806
32.8806
32.974
33.0893
33.2185
33.2404
33.4849
33.4849
33.5426
33.5426
33.6937
33.7295
33.8587
33.8806
34.1469
34.3338
34.4491
34.6002
34.6937
34.7513
34.9382
34.974
35.0317
35.1827
35.3557
35.3915
35.4491
35.6142
35.8806
35.9959
36.0535
36.0674
36.1469
36.2046
36.4133
36.4491
36.4849
36.5068
36.5644
36.5644
36.809
36.8448
36.9164
36.9382
37.1112
37.2622
37.3557
37.4273
37.6221
37.6221
37.809
37.8448
38.0177
38.0674
38.3557
38.3775
38.4133
38.471
38.6937
39.0754
39.1688
39.1688
39.2841
39.6221
39.6797
39.9601
40.0396
40.133
40.2046
40.7732
41.133
41.133
41.3418
41.5505
42.2265
42.2841
42.306
42.3994
42.4571
42.5505
42.5505
42.6081
42.6579
42.6797
42.8308
42.9382
43.3994
43.6579
43.6658
43.7016
43.7592
43.7592
44.1191
44.1191
44.2702
44.306
44.4571
44.6081
44.968
45.1549
45.4789
45.8885
45.9103
45.9819
46.0256
46.0256
46.0256
46.3278
46.3418
46.3855
46.5723
46.6081
46.968
47.4789
47.6876
48.0833
48.5008
48.6519
49.0475
49.1051
49.1051
49.1767
49.6519
49.7453
50.6161
50.7672
50.7672
51.0693
51.2562
51.4431
52.0117
52.1986
52.3715
52.4292
52.4292
52.6658
53.127
53.2344
53.2702
53.2781
53.6161
53.6161
54.465
54.9977
55.2204
55.2423
55.2999
55.465
55.9977
56.127
56.2781
56.5445
56.8467
56.9401
56.9977
57.127
57.9977
58.3218
58.3357
58.3934
58.7174
58.8685
59.0772
59.8685
60.0196
60.113
60.4371
61.1925
61.1925
61.2423
61.4371
61.5087
61.6161
61.7751
62.0554
62.3436
62.4013
63.4589
63.7611
63.8327
63.8546
64.0991
65.3655
65.3794
65.4729
65.6021
66.1786
66.8188
67.0852
68.0275
68.0633
68.2363
68.7472
68.7472
68.8983
69.6537
69.8048
70.0852
70.8764
71.1647
71.5603
72.3158
72.3297
72.6179
72.769
73.6756
74.1865
74.3734
74.8843
75.2223
75.4311
75.8188
76.3953
77.0712
78.6617
78.6617
79.0354
79.6179
79.6259
80.0573
81.5682
82.5324
82.8923
83.2521
83.439
83.6617
84.439
84.6477
85.6119
86.0652
87.439
89.2958
90.2879
90.6556
91.5045
92.6556
95.1884
95.4329
96.5761
98.9657
99.922
102.2679
106.3693
107.9876
110.3911
110.751
114.5064
120.8165
121.9676
122.234
125.8602
130.3851
131.6952
132.3354
137.4725
163.7268
184.0091
