3.0
3.0
3.0
3.0
3.0
3.0
3.0
3.0
3.0
3.0
4.0
4.0
4.0
4.0
4.6839
4.9861
5.0
5.0
5.1372
5.5328
5.5904
5.5904
5.5904
5.6839
6.0
6.0437
6.1372
6.2882
6.4393
6.4393
6.5328
6.6839
6.9503
6.9861
7.1014
7.1948
7.2882
7.3817
7.4035
7.7992
7.835
7.8568
7.8926
8.159
8.159
8.2524
8.2882
8.4035
8.4035
8.4035
8.5904
9.1372
9.159
9.3101
9.497
9.5546
9.6699
9.6699
9.7634
9.9145
10.0
10.1948
10.4035
10.4612
10.6699
10.7634
10.9145
10.9503
11.1232
11.159
11.1809
11.2743
11.3101
11.5188
11.5765
11.7852
11.9721
12.0298
12.4254
12.5407
12.6123
12.6699
12.9145
12.9363
13.1809
13.2962
13.5407
13.5765
13.6918
13.6918
13.7852
13.8787
13.9363
14.3896
14.6341
14.9363
15.0516
15.4115
15.4473
15.6341
15.656
16.0158
16.0516
16.6341
16.9224
17.2246
17.2604
17.318
17.332
17.4254
17.5049
17.5049
17.5983
17.656
17.656
17.6918
17.7494
17.7494
17.9005
18.1669
18.2822
18.5844
18.7136
18.8289
18.8866
19.1888
19.3757
19.4691
19.5625
19.6202
19.9442
19.98
20.0377
20.0735
20.1888
20.2822
20.5844
20.9224
20.9442
21.0377
21.1311
21.1669
21.1888
21.4115
21.491
21.491
21.7713
21.7713
21.8508
21.8866
21.9224
22.0595
22.0595
22.1311
22.2464
22.318
22.3975
22.5983
22.6997
22.7931
22.8289
22.8289
23.2246
23.5705
23.6421
23.8726
24.0237
24.0595
24.3041
24.318
24.4194
24.477
24.6063
24.6639
24.7792
24.7931
24.8508
24.8726
24.9661
25.0237
25.1748
25.3259
25.3617
25.3836
25.4194
25.6858
25.7792
25.7792
26.1093
26.139
26.2246
26.3259
26.4552
26.477
26.5923
26.7792
26.9303
26.98
27.0237
27.3399
27.7216
27.8945
28.139
28.1748
28.4412
28.8945
28.9303
29.1172
29.1609
29.1967
29.312
29.65
29.6858
29.8011
29.9303
29.9522
30.1967
30.477
30.4989
30.5705
30.7653
30.8587
30.9164
31.0674
31.1609
31.2543
31.312
31.4631
31.5207
31.6718
32.1827
32.3478
32.3478
32.5565
32.8011
32.8369
33.1827
33.1827
33.2543
33.5784
33.636
34.3338
34.5923
34.6142
34.636
34.974
35.0098
35.3338
35.4491
35.636
35.65
35.8806
35.9024
35.9959
36.0674
36.298
36.4491
36.4631
36.5426
36.7155
36.809
36.8448
37.0098
37.0317
37.2622
37.4849
37.7155
37.8806
37.9243
38.471
38.5286
38.5286
38.5426
38.6002
38.6579
38.8666
38.9959
39.0893
39.1112
39.4133
39.4352
39.4352
39.5863
39.7374
39.7374
39.7513
40.1112
40.3199
40.3418
40.471
40.6797
40.7374
40.9382
41.0754
41.5286
41.5863
41.8448
41.8885
41.9461
42.133
42.1469
42.1549
42.4571
42.5863
42.5863
42.809
42.8527
43.0396
43.306
43.3418
43.3994
43.5286
43.7592
43.8527
44.4213
44.4928
44.7016
45.1469
45.2702
45.306
45.3278
45.4789
45.5723
45.7234
45.7374
45.7811
45.8169
45.8527
46.0396
46.4352
46.63
46.6439
46.7155
47.0396
47.1191
47.3278
47.5942
47.63
47.8387
48.1767
48.5505
48.5942
48.8387
49.1986
49.2344
49.3497
49.3994
49.4431
49.5008
49.5008
49.5008
50.0256
50.1628
50.2344
50.2562
50.5584
50.5584
50.5942
50.7234
50.7453
50.8029
50.954
50.9898
51.0475
51.465
51.5584
51.5584
51.8745
51.9322
52.4292
52.6737
52.9898
53.5226
53.8964
53.954
53.968
54.1051
54.127
54.3357
54.465
54.4868
54.4868
54.5008
54.6956
54.6956
54.7672
54.8824
54.9759
55.4868
55.7532
56.0335
56.0554
56.3636
56.451
56.8387
57.0554
57.3357
57.3715
57.7453
57.8685
58.1707
58.4868
58.5942
58.7751
58.9262
58.9977
59.2641
59.451
59.6379
59.7751
59.8109
59.8327
59.9043
60.0772
60.113
60.2065
60.2423
60.2999
60.3218
60.4729
60.5663
60.6737
60.6816
60.8327
61.2641
61.3436
61.3576
61.4152
61.5305
61.5305
61.6021
61.7393
61.7969
62.2283
62.7969
62.8824
63.0772
63.1986
63.4371
63.7969
63.7969
64.0991
64.1925
64.2144
64.2502
64.5524
64.9262
64.9699
65.4231
65.4589
65.7611
66.121
66.5524
67.1568
67.3297
67.5384
67.6319
67.6319
67.7253
67.9122
67.9262
68.0275
68.2144
68.5961
68.7969
69.0852
69.5524
69.5961
69.6677
69.6677
69.7611
69.9699
70.2363
70.2581
70.5026
70.5742
70.6537
71.1428
71.1647
71.2939
71.5961
71.5961
71.6537
71.8625
71.9559
72.4808
72.8406
73.5524
73.5821
73.769
73.9778
73.9917
74.7332
75.0931
75.1647
75.2442
75.3953
75.769
75.8843
76.0354
76.0354
76.3953
76.6319
77.0931
77.1289
77.2005
77.4311
77.4887
77.6398
77.7332
77.7551
77.8267
78.3953
78.4171
78.4529
78.604
78.604
78.8843
78.9638
79.0215
79.28
79.5464
79.7193
80.3158
80.7193
81.0791
81.1289
81.4748
81.6617
81.6835
82.0791
82.0791
82.3376
82.5324
82.5901
82.8843
82.8843
82.9638
83.0433
83.6477
83.8923
83.9062
84.7054
84.8704
85.0215
85.1368
85.5324
85.5901
85.6119
85.6835
86.0791
86.101
86.101
86.2084
86.8923
86.9717
87.0652
87.2739
87.4608
87.5543
87.7054
87.7988
88.0294
88.0294
88.7272
88.8207
88.9936
90.087
90.3455
90.3534
90.7849
91.2163
91.7491
92.1089
92.6119
92.7054
94.2818
95.1447
95.2242
95.3892
95.5622
95.7928
95.8644
96.1665
96.1884
96.1884
96.4111
96.4687
96.5045
96.9439
97.9439
98.1447
98.5482
99.1665
99.3037
99.5124
99.7133
100.0513
100.0592
100.1308
100.4548
100.5482
100.5701
101.4766
101.7788
101.8504
102.2103
102.419
102.8146
103.1387
103.1526
103.1745
103.2818
103.3832
103.6854
103.8007
103.8723
104.6496
104.6854
104.7928
105.0094
105.1387
105.4766
105.8941
105.8941
106.1605
106.2182
106.6714
106.916
106.9518
107.1247
107.4269
108.3693
108.4766
108.6854
108.8802
109.2103
109.4985
110.0313
110.2758
110.6357
110.8444
110.9955
111.3911
111.4488
112.1108
113.0889
113.7152
113.751
113.8444
114.1684
114.6217
114.7728
115.2619
115.7649
116.8444
116.8662
117.7152
117.8305
118.1684
118.3056
118.5422
118.6794
119.4567
119.6436
119.7012
119.7947
120.0968
120.0968
120.6138
120.8165
120.8881
120.9239
121.3632
121.7589
122.8165
123.5064
124.2121
124.6078
125.5004
125.5938
125.8523
126.3135
126.9537
127.3493
127.9895
128.572
128.9755
129.0332
129.5004
130.0611
130.1843
131.731
131.7886
131.9755
134.407
134.6952
134.8681
135.1485
135.4865
135.7747
136.1345
136.3214
137.9616
138.6017
138.7389
139.228
140.2638
140.4944
140.5302
140.6812
141.0987
141.5162
142.4228
142.8542
143.3651
143.6236
144.3293
145.2359
146.0848
146.3293
146.5023
146.8621
147.5957
147.9556
148.373
148.8263
149.6176
150.214
152.3512
152.7905
153.9058
154.6394
154.9058
159.6971
161.1006
161.381
161.8342
163.6115
164.9635
165.0867
166.1443
166.2875
166.7487
169.3531
169.5618
169.6553
171.1662
171.9435
172.202
177.0011
177.4763
177.7208
177.9872
178.1383
178.361
178.3828
178.6055
178.9653
180.2675
180.4763
180.7924
181.8938
184.347
187.2973
189.506
189.8003
190.2615
191.0667
191.6571
191.8003
193.9235
195.3052
204.0686
204.3131
204.8817
205.1839
205.1839
206.1263
208.0686
209.1839
209.5079
211.17
212.8817
217.1202
220.4801
220.5735
220.5874
222.2495
223.1997
225.2216
226.1063
226.5019
228.8617
232.315
233.9989
239.985
245.4461
245.8199
245.9352
247.6191
249.4104
250.5833
253.7344
259.8
262.1021
263.5773
273.2611
279.442
287.7879
289.9469
294.7242
325.7559
345.4337
347.3324
