3.0
3.0
3.0
3.0
3.0
3.0
3.0
3.0
3.0
3.0
3.0
3.0
4.0
4.0
4.0
4.0
4.0
4.0
4.0
5.0
5.0
5.0
5.0
5.0
5.0
5.0
5.0
5.0
5.0
5.0
5.0
5.0
6.0
6.0
6.0
6.0
6.0
6.4506
6.7513
6.9409
7.0
7.0
7.0
7.0
7.0
7.0
8.0
8.0
8.0
8.0
8.0
8.1469
8.2987
8.468
9.0
9.0
9.0
9.0
9.0
9.0
9.0
9.0164
9.4129
9.6769
9.8655
9.8819
10.0
10.0
10.0521
10.2049
10.5444
10.7523
10.9379
10.9583
11.0
11.0
11.0
11.0
11.0
11.1479
11.4119
11.9012
12.0
12.0164
12.4129
12.8278
13.0
13.0
13.0
13.0
13.0
13.0
13.2029
13.3181
13.3181
13.3518
13.4303
13.468
13.7146
13.8238
13.9399
13.9573
14.0
14.0
14.0
14.0
14.0918
14.5801
14.7901
14.8084
15.0
15.0
15.0164
15.2387
15.3171
15.3558
15.4496
15.7106
15.731
15.732
16.0
16.0
16.0
16.0541
16.0908
16.0918
16.2997
16.3935
16.467
16.4883
16.4883
16.5608
16.6015
16.8084
16.8421
16.9786
17.0
17.0
17.0674
17.0694
17.5638
17.7901
17.8044
18.0
18.0
18.0
18.0
18.0
18.2957
18.3305
18.6392
18.9359
19.0
19.0
19.0
19.0
19.0
19.0
19.0337
19.2417
19.26
19.3375
19.4129
19.6138
19.6148
19.7851
19.7851
19.7871
19.7871
20.0
20.0
20.0
20.0164
20.1632
20.2213
20.256
20.2987
20.3335
20.3375
21.0
21.2183
21.5181
21.5191
21.5965
21.7657
21.9329
21.9359
22.0
22.0
22.0144
22.0307
22.0704
22.257
22.4312
22.4506
22.5568
22.9379
22.9593
23.0
23.0104
23.0327
23.0848
23.198
23.2029
23.4506
23.462
23.469
23.6556
23.8441
24.0
24.0
24.0
24.0
24.0
24.0
24.0154
24.1672
24.3171
24.4883
24.6148
24.6392
24.6769
24.7146
24.731
24.8054
25.0
25.0094
25.0541
25.1205
25.1672
25.2997
25.3865
25.3915
25.463
25.4843
25.5598
25.7056
25.7503
26.0
26.0287
26.1275
26.1836
26.4987
26.521
26.6382
26.7136
26.8982
27.0
27.1072
27.1672
27.3752
27.4496
27.526
27.5915
27.6659
27.9573
28.1786
28.2377
28.2957
28.5027
28.5821
28.727
28.8198
28.988
29.1836
29.2213
29.2764
29.467
29.5638
29.6923
29.8421
30.0
30.0
30.0704
30.1429
30.2367
30.4957
30.5588
30.5781
30.6015
30.6903
30.8381
30.9766
31.0
31.0
31.0
31.2908
31.461
31.5711
31.7036
31.728
31.7493
31.7503
31.8441
31.8769
31.9196
32.0
32.0491
32.2804
32.4283
32.4416
32.4506
32.6392
32.7056
32.727
32.9533
33.0
33.0
33.1022
33.1295
33.1796
33.195
33.2764
33.4129
33.4466
33.5608
33.8148
33.8719
33.8729
33.9687
34.0
34.1032
34.1856
34.2407
34.3375
34.6749
34.7026
34.7617
34.8054
34.9012
34.9553
34.9667
35.0
35.0
35.0808
35.2113
35.248
35.2734
35.4813
35.5945
35.6362
35.6536
35.6659
35.727
35.8188
35.9523
36.4193
36.5017
36.5151
36.5171
36.6078
36.7761
37.0
37.0451
37.0471
37.0818
37.196
37.2407
37.2898
37.4303
37.6108
37.6996
38.0704
38.1042
38.2233
38.2674
38.2997
38.3742
38.3752
38.6005
38.6446
38.7026
38.7964
38.9156
38.9483
38.995
39.1185
39.4049
39.4233
39.6392
39.8932
39.9126
39.9319
39.9433
40.0
40.0381
40.0431
40.3488
40.4853
40.5161
40.5334
40.5638
40.5895
40.6883
40.7454
40.8218
40.9269
40.9717
41.1582
41.4283
41.6059
41.7463
41.7811
41.8371
41.9513
42.0461
42.2987
42.3205
42.3285
42.459
42.5498
42.6005
42.6629
42.6649
42.7667
42.9677
43.0
43.0758
43.1672
43.1796
43.3558
43.3732
43.5568
43.6793
43.7076
43.7891
43.8952
44.0461
44.1185
44.4263
44.4907
44.5067
44.5314
44.7697
44.8495
44.986
45.1042
45.1389
45.1409
45.259
45.5141
45.5528
45.5651
45.6853
46.3101
46.3285
46.5414
46.5568
46.722
47.0768
47.1135
47.3989
47.4957
47.4997
47.7627
47.9096
48.0
48.0
48.0217
48.1816
48.4396
48.5047
48.7056
48.7374
49.0788
49.1255
49.1612
49.2257
49.2327
49.3265
49.5568
49.5965
49.8158
50.0064
50.0441
50.2778
50.3418
50.3558
50.3756
50.3835
50.4203
50.5681
50.5815
50.6009
50.6669
50.6873
50.8332
50.8942
51.0828
51.182
51.2237
51.4967
51.6039
51.6753
51.7314
51.7884
51.8058
51.8178
52.1175
52.2213
52.3969
52.4049
52.5558
52.723
52.7771
52.8842
53.1449
53.3051
53.3245
53.5945
53.6669
53.9269
53.977
54.0
54.0361
54.0828
54.1042
54.1696
54.187
54.2023
54.2197
54.2614
54.3682
54.4039
54.5711
54.6496
54.8789
54.8852
55.2153
55.3825
55.5101
55.6009
55.6426
55.7006
55.7517
55.8872
55.9196
55.921
56.0748
56.2267
56.2734
56.4817
56.5201
56.5631
56.6078
56.6242
56.8198
56.8415
56.9607
56.9737
56.993
57.0
57.1369
57.5905
57.8679
57.9299
57.9473
58.1626
58.3195
58.3835
58.4927
58.5264
58.5344
58.6182
58.6619
58.6833
58.7984
58.9066
58.915
58.924
58.9627
59.253
59.3265
59.4213
59.7904
59.983
60.0227
60.0317
60.3225
60.6753
60.7086
61.1309
61.1513
61.3488
61.4987
61.5141
61.5651
61.6019
61.717
61.7424
61.9403
62.0431
62.3155
62.3418
62.5091
62.5815
62.721
62.7577
62.8252
62.979
63.1279
63.1413
63.4614
63.5081
63.5184
63.5428
63.6296
63.6629
63.7344
63.7904
64.181
64.3125
64.5418
64.5592
64.8078
65.0054
65.1786
65.3746
65.3756
65.9026
66.3061
66.3185
66.3438
66.3602
66.3875
66.978
67.1199
67.3428
67.3919
67.5304
67.5538
67.5791
67.5905
67.5939
67.6102
67.7641
67.7914
67.8619
67.8802
67.9617
68.1786
68.2053
68.2604
68.3345
68.4069
68.4783
68.6306
68.6406
68.6426
68.7577
68.8809
68.9453
69.0425
69.0802
69.6609
69.7607
69.8415
69.8435
70.1592
70.2267
70.2654
70.3756
70.5181
70.5438
70.6182
70.6396
70.7721
70.8018
70.8192
70.8382
70.98
71.0
71.0992
71.1706
71.2634
71.3582
71.3819
71.4173
72.0828
72.1626
72.2754
72.44
72.4664
72.5314
72.5999
72.8098
73.0331
73.1075
73.2614
73.3458
73.3716
73.6489
73.6966
73.7487
73.7691
73.8228
73.8549
73.8822
73.9854
74.1696
74.2
74.2674
74.6416
74.6659
74.6803
74.7661
74.9066
75.7006
76.0291
76.0808
76.1012
76.6803
76.701
76.7731
76.7775
76.9567
77.0421
77.0708
77.2584
77.7855
78.0678
78.1229
78.2023
78.3949
78.5041
78.5488
78.5492
78.6376
78.7234
78.7661
79.1582
79.2644
79.3666
79.6743
79.9016
80.0331
80.2734
80.3259
80.454
80.7761
80.8996
81.2768
81.2808
81.2971
81.4366
81.7517
81.9289
82.0341
82.2083
82.3225
82.6593
82.7374
82.8342
83.0401
83.2147
83.2331
83.3706
83.5318
84.0411
84.2514
84.2841
84.3418
84.4644
84.6262
84.71
84.8345
85.0808
85.3542
86.1195
86.1199
86.1854
86.3279
86.7464
86.8068
86.8679
87.2327
87.3839
87.7765
87.9046
87.9249
88.0331
88.194
88.2207
88.2444
88.2648
88.8673
88.9507
89.1363
89.6406
89.6897
89.979
90.1596
90.5755
90.8485
90.9377
91.18
91.1953
91.2738
91.7414
91.9249
91.9427
92.1423
92.1493
92.451
92.5308
92.5775
92.9263
93.2598
93.3065
93.6703
93.7868
93.7874
93.8709
94.0038
94.177
94.8305
95.0872
95.3859
95.8649
95.8872
96.0822
96.4991
96.6673
96.9754
97.0798
97.2991
97.3298
97.3542
97.3576
97.3819
97.441
97.5041
97.6857
97.7898
98.9457
98.9794
99.0702
99.0892
99.4476
99.6887
100.0018
100.1874
100.5164
100.693
100.7066
100.9894
101.1095
101.3155
101.4206
101.4817
101.4921
101.6072
101.7745
101.8763
102.1413
102.1586
102.196
102.2951
102.4594
102.5144
102.5174
102.7655
103.2658
103.4276
103.6503
103.8776
103.909
104.4713
104.8559
104.904
105.182
105.3472
105.3666
105.4053
105.43
105.6256
105.6897
106.1169
106.4306
106.5025
106.7294
107.0936
107.2955
107.3749
107.5204
107.6236
107.8976
108.0018
108.2588
108.3729
108.5412
108.5899
108.707
108.9547
109.8325
109.8411
109.9443
110.2858
110.367
111.7591
112.2891
112.7238
112.7745
112.918
113.0678
113.0946
113.7377
113.8122
113.8345
113.8579
114.0508
114.5755
115.0315
115.2361
115.2865
115.6176
116.635
117.0618
117.0822
117.9287
118.157
118.4003
118.5065
118.7298
118.7551
118.8882
118.987
119.915
119.973
120.4494
121.0862
121.423
121.5819
121.5993
121.9343
122.0748
122.2658
122.696
122.7274
124.1704
124.419
124.6146
124.6733
126.0538
126.3983
126.4905
126.6557
127.1933
127.4564
127.4644
127.6002
127.8439
127.8756
128.8112
129.0995
129.9864
130.0141
130.6587
131.1367
131.43
131.5795
131.5923
132.3879
133.5224
133.622
133.8395
134.0255
134.2121
135.6202
135.898
136.6266
136.7238
136.8266
136.8419
137.1113
138.1456
138.4965
142.1213
142.5839
143.3005
144.361
144.9654
145.2825
145.7341
146.4007
146.9313
147.2314
147.7024
148.9948
152.3219
153.1774
153.896
154.6294
156.0295
159.3005
160.8499
161.7738
161.8469
162.3937
162.5539
162.6503
163.0195
163.2071
163.6731
164.4725
164.6781
165.0379
165.44
165.7198
168.2141
168.7251
169.8896
170.2742
171.133
172.9237
174.2715
176.7148
177.2398
178.8375
178.9331
181.0313
181.1744
181.9844
182.1921
182.4978
183.8152
186.7188
189.2312
189.5986
194.6384
195.0279
195.1083
197.8363
198.1694
202.0706
202.1877
209.4324
210.2675
210.7401
212.4925
213.3567
218.089
224.2314
224.4021
231.859
234.6567
242.8217
243.6148
253.5593
255.2131
260.8968
269.5717
276.1007
294.8267
301.8093
337.6118
364.5316
399.4166
