3.0
3.0
3.0
3.0
3.0
3.0
3.0
3.0
3.0
3.0
3.0
3.0
3.0
3.0
3.0
3.0
3.0
3.0
3.0
3.0
3.0
3.0
3.0
3.0
3.0
3.0
3.0
3.0
3.0
3.0
3.0
3.0
3.0
3.0
3.0
3.0
3.0
3.0
3.0
3.0
3.0
3.0
3.0
3.0
3.0
3.0
3.0
3.0
3.0
3.0
3.0
3.0
3.0
3.0
3.0
3.0
3.0
3.0
3.0
3.0
3.0
3.0
3.0
3.0
3.0
3.0
3.0
3.0
3.0
3.0
3.0
3.0
3.0
3.0
3.0
3.0
3.0
3.0
3.0
3.0
3.0
3.0
3.0
3.0
3.0
3.0
3.0
3.0
3.0
3.0
3.0
3.0
3.0
3.0
3.0
3.0
3.0
3.0
3.0
3.0
4.0
4.0
4.0
4.0
4.0
4.0
4.0
4.0
4.0
4.0
4.0
4.0
4.0
4.0
4.0
4.0
4.0
4.0
4.0
4.0
4.0
4.0
4.0
4.0
4.0
4.0
4.0
4.0
4.0
4.0
4.0
4.0
4.0
4.0
4.0
4.0
4.0
4.0
4.0
4.0
4.0
4.0
4.0
4.0
4.0
4.0
4.0
4.0
4.0
4.0
4.0
4.0
4.0
4.0
4.0
4.0
4.0
4.0
4.0
4.0
4.0
4.0
4.0
4.0
4.0
4.0
4.0
4.0
4.0
4.0
4.0
4.0
4.0
4.0
4.0
4.0
4.0
4.0
4.2997
4.2997
4.2997
4.2997
4.3752
4.3752
4.3752
4.4129
4.4506
4.526
4.5638
4.6769
4.6769
4.7146
4.7901
4.8278
4.9032
4.9786
5.0
5.0
5.0
5.0
5.0
5.0
5.0
5.0
5.0
5.0
5.0
5.0
5.0
5.0
5.0
5.0
5.0
5.0
5.0
5.0
5.0
5.0
5.0
5.0
5.0
5.0
5.0
5.0
5.0
5.0
5.0
5.0
5.0
5.0
5.0
5.0
5.0
5.0
5.0
5.0
5.0
5.0
5.0
5.0
5.0
5.0
5.0
5.0
5.0
5.0
5.0
5.0
5.0
5.0
5.0164
5.0541
5.0541
5.0918
5.0918
5.1295
5.2049
5.2804
5.2804
5.3375
5.3558
5.4129
5.4506
5.469
5.6198
5.6392
5.6769
5.6953
5.8461
5.9032
5.9032
5.9409
5.9786
6.0
6.0
6.0
6.0
6.0
6.0
6.0
6.0
6.0
6.0
6.0
6.0
6.0
6.0
6.0
6.0
6.0
6.0
6.0
6.0
6.0
6.0
6.0
6.0
6.0
6.0
6.0
6.0
6.0
6.0
6.0
6.0
6.0
6.0
6.0
6.0
6.0
6.0
6.0
6.0
6.0
6.0
6.0
6.0
6.0164
6.0347
6.0541
6.0918
6.1672
6.2233
6.2804
6.3365
6.3752
6.4506
6.4873
6.5067
6.526
6.5628
6.5638
6.6015
6.6015
6.6198
6.6198
6.6382
6.6953
6.7146
6.7523
6.8461
6.8839
6.9409
6.9409
6.9593
7.0
7.0
7.0
7.0
7.0
7.0
7.0
7.0
7.0
7.0
7.0
7.0
7.0
7.0
7.0
7.0
7.0
7.0
7.0
7.0
7.0
7.0
7.0
7.0
7.0
7.0
7.0
7.0
7.0
7.0
7.0
7.0
7.0
7.0347
7.0347
7.2417
7.261
7.2804
7.2987
7.3375
7.3375
7.3935
7.4119
7.469
7.4873
7.4873
7.5057
7.5067
7.525
7.5444
7.5628
7.6005
7.6005
7.7136
7.7136
7.7146
7.7513
7.7891
7.7901
7.8461
7.8645
7.8645
7.9409
8.0
8.0
8.0
8.0
8.0
8.0
8.0
8.0
8.0
8.0
8.0
8.0
8.0
8.0
8.0
8.0
8.0
8.0
8.0
8.0
8.0
8.0
8.0
8.0
8.0
8.0
8.0
8.0
8.0
8.0
8.0
8.0
8.0
8.0
8.0164
8.0724
8.0908
8.0918
8.1092
8.1285
8.1856
8.1856
8.2039
8.2039
8.2049
8.2233
8.26
8.3171
8.3365
8.3375
8.3548
8.3742
8.4109
8.4129
8.4303
8.468
8.5434
8.5638
8.6005
8.6392
8.6392
8.6566
8.6576
8.6953
8.7146
8.733
8.8084
8.8645
8.8655
8.8839
8.9012
8.9032
8.9766
8.9776
8.9786
9.0
9.0
9.0
9.0
9.0
9.0
9.0
9.0
9.0
9.0
9.0
9.0
9.0
9.0
9.0
9.0
9.0164
9.0521
9.0541
9.0898
9.1672
9.2233
9.2407
9.2427
9.2987
9.3181
9.3375
9.3538
9.3925
9.3935
9.4109
9.4129
9.4873
9.5057
9.5057
9.525
9.5444
9.6005
9.6015
9.6198
9.6576
9.6769
9.6933
9.7503
9.7513
9.7523
9.7523
9.7707
9.8461
9.8461
9.9583
9.9766
10.0
10.0
10.0
10.0
10.0
10.0
10.0
10.0
10.0
10.0
10.0
10.0
10.0
10.0
10.0
10.0
10.0
10.0
10.0
10.0
10.0
10.0
10.0144
10.0918
10.1082
10.1102
10.1275
10.1479
10.2794
10.3345
10.3365
10.3722
10.4109
10.4293
10.4496
10.468
10.468
10.469
10.4863
10.4873
10.4883
10.5047
10.5067
10.525
10.5424
10.5608
10.5628
10.5821
10.6382
10.6392
10.6556
10.6566
10.6943
10.7136
10.733
10.8278
10.8278
10.8441
10.8451
10.8645
10.9196
10.9389
10.9776
11.0
11.0
11.0
11.0
11.0
11.0
11.0
11.0
11.0
11.0
11.0
11.0
11.0
11.0
11.0
11.0
11.0
11.0327
11.0347
11.0714
11.1092
11.2397
11.2407
11.2967
11.3355
11.3375
11.4476
11.4506
11.469
11.526
11.5444
11.5638
11.5811
11.5995
11.6362
11.6953
11.6953
11.7136
11.731
11.7513
11.7881
11.8248
11.8451
11.9389
11.9786
12.0
12.0
12.0
12.0
12.0
12.0
12.0
12.0
12.0
12.0
12.0
12.0
12.0
12.0
12.0
12.0
12.0
12.0
12.0
12.0
12.0521
12.0541
12.0704
12.0714
12.0724
12.1275
12.2049
12.259
12.2957
12.2987
12.2997
12.2997
12.3171
12.3345
12.3548
12.4089
12.4109
12.4129
12.4853
12.5047
12.5047
12.5067
12.5638
12.6188
12.6546
12.6759
12.6769
12.7503
12.7523
12.8655
12.8655
12.8819
12.9032
12.9766
12.996
13.0
13.0
13.0
13.0
13.0
13.0
13.0
13.0
13.0
13.0
13.0704
13.1449
13.1632
13.2213
13.2417
13.2417
13.261
13.2794
13.2957
13.3141
13.3355
13.3712
13.3722
13.4129
13.4303
13.4873
13.5057
13.526
13.526
13.5781
13.5791
13.5821
13.6352
13.733
13.7523
13.7891
13.8064
13.8625
13.8829
13.9176
13.9186
13.9786
14.0
14.0
14.0
14.0
14.0
14.0
14.0
14.0
14.0
14.0
14.0
14.0
14.0
14.0
14.0
14.0154
14.0164
14.0164
14.0317
14.1439
14.1449
14.1449
14.1459
14.1632
14.1836
14.201
14.2417
14.26
14.3141
14.3558
14.3702
14.3712
14.4129
14.4312
14.4883
14.526
14.5618
14.6005
14.6536
14.6719
14.6769
14.7116
14.7503
14.7523
14.8044
14.8615
14.9573
14.9583
14.997
15.0
15.0
15.0
15.0
15.0
15.0
15.0
15.0
15.0
15.0
15.0
15.0
15.0918
15.1092
15.1102
15.1255
15.1459
15.3181
15.3518
15.3528
15.3558
15.4833
15.5057
15.521
15.524
15.5394
15.5628
15.5771
15.5791
15.5965
15.6015
15.6178
15.6566
15.6943
15.7861
15.7901
15.8228
15.8625
15.9216
15.9409
15.9737
15.997
16.0
16.0
16.0
16.0
16.0
16.0
16.0
16.0
16.0
16.0491
16.0511
16.0684
16.1052
16.1285
16.1295
16.1439
16.1642
16.1856
16.2774
16.2997
16.3131
16.3325
16.3558
16.3702
16.3895
16.3935
16.4129
16.4263
16.4506
16.469
16.5201
16.5424
16.5434
16.5638
16.6342
16.7086
16.7096
16.7657
16.7861
16.7901
16.8084
16.8268
16.8278
16.8809
16.9369
16.9737
16.995
17.0
17.0
17.0
17.0
17.0
17.0
17.0
17.0144
17.0511
17.1052
17.1255
17.1275
17.1469
17.1662
17.2049
17.2377
17.2397
17.256
17.2804
17.2804
17.2804
17.2997
17.3121
17.3518
17.4129
17.4263
17.5578
17.5628
17.6556
17.7146
17.8034
17.8258
17.8401
17.8461
17.8625
17.8789
17.9573
17.997
18.0
18.0
18.0
18.0
18.0
18.0
18.0
18.0
18.0
18.0
18.0501
18.0531
18.0684
18.0704
18.2417
18.261
18.2754
18.2764
18.3345
18.3508
18.3692
18.3875
18.3885
18.4496
18.465
18.4813
18.4823
18.4883
18.5017
18.5404
18.5434
18.5791
18.6015
18.6372
18.6943
18.7106
18.7146
18.7464
18.7503
18.7841
18.8278
18.8819
18.8992
18.9176
18.9349
19.0
19.0
19.0
19.0144
19.0164
19.0287
19.0347
19.0858
19.1285
19.1429
19.1622
19.2233
19.2804
19.3895
19.4129
19.521
19.521
19.5444
19.6015
19.6506
19.6516
19.6923
19.733
19.7657
19.7687
19.7851
19.8024
19.8044
19.8208
19.8391
19.8779
19.8829
19.9409
19.9533
19.997
20.0
20.0
20.0
20.0
20.1082
20.1245
20.1295
20.1662
20.2
20.2804
20.3111
20.3558
20.3752
20.4253
20.4456
20.5935
20.6342
20.6759
20.6759
20.6893
20.6913
20.729
20.8054
20.8248
20.8391
20.8972
20.9409
20.9707
21.0
21.0
21.0
21.0
21.0
21.0
21.0
21.0
21.0297
21.0481
21.1479
21.1786
21.2173
21.2947
21.3111
21.3335
21.3752
21.3875
21.4099
21.4243
21.4243
21.4293
21.4312
21.469
21.5191
21.5628
21.5955
21.6015
21.6015
21.6392
21.6739
21.7076
21.7076
21.7627
21.7841
21.9012
21.9389
22.0
22.0
22.0
22.0
22.0
22.0
22.0
22.0541
22.0644
22.0878
22.1062
22.198
22.2163
22.261
22.2997
22.3295
22.3488
22.3538
22.3742
22.3905
22.4243
22.464
22.5191
22.5201
22.5404
22.6719
22.6883
22.7831
22.7901
22.9776
22.9786
22.993
22.994
23.0
23.0
23.0
23.0
23.0094
23.0277
23.2173
23.2714
23.2714
23.2997
23.3285
23.3375
23.3518
23.3845
23.3915
23.4233
23.4426
23.461
23.466
23.526
23.5801
23.6118
23.6392
23.6506
23.7657
23.8228
23.8391
23.8779
23.8942
23.9216
23.997
24.0
24.0
24.0
24.0
24.0
24.0
24.1062
24.1205
24.1459
24.1786
24.2357
24.2427
24.2997
24.3335
24.3652
24.4233
24.4293
24.4466
24.463
24.467
24.5171
24.5638
24.5638
24.5945
24.6108
24.6158
24.7523
24.7821
24.8391
24.8829
24.9553
25.0
25.0
25.0
25.0104
25.0654
25.0898
25.1042
25.1235
25.201
25.255
25.2987
25.4883
25.6138
25.6506
25.7444
25.7871
25.8014
25.8228
25.8942
25.989
26.0
26.0
26.0
26.0
26.0
26.0104
26.0644
26.0848
26.1082
26.1265
26.1756
26.1806
26.2163
26.2193
26.2997
26.3111
26.4773
26.5007
26.6282
26.728
26.7424
26.7607
26.7677
26.7687
26.9166
26.9216
26.993
27.0
27.0
27.0074
27.0247
27.0828
27.1409
27.3101
27.3905
27.4223
27.4833
27.4977
27.7036
27.7707
27.7811
27.8461
27.9166
27.9299
27.988
27.991
27.994
28.0724
28.0828
28.1369
28.196
28.2784
28.2888
28.3905
28.4223
28.4506
28.461
28.5171
28.5171
28.5721
28.5761
28.5975
28.6322
28.6506
28.6526
28.6536
28.6659
28.7513
28.7627
28.9002
28.9186
28.9766
29.0
29.0
29.0154
29.0247
29.0267
29.0615
29.197
29.201
29.3111
29.4476
29.4833
29.4873
29.5548
29.6118
29.6833
29.8034
29.8158
29.8779
29.9513
29.9697
30.0531
30.2133
30.2193
30.2213
30.2327
30.2337
30.2888
30.2908
30.3181
30.4069
30.4957
30.5047
30.5638
30.5761
30.5895
30.5925
30.6476
30.7523
30.8168
30.8461
30.8819
30.994
31.0
31.2764
31.3141
31.3161
31.4119
31.4263
31.458
31.5364
31.5414
31.6015
31.6496
31.6526
31.6873
31.6923
31.7096
31.7657
31.8719
31.8912
32.0104
32.1072
32.1295
32.1449
32.1672
32.2039
32.2997
32.3071
32.3161
32.3692
32.3885
32.4049
32.5801
32.5925
32.6446
32.7076
32.7483
32.7627
32.7791
32.7881
32.8441
32.9032
33.0798
33.1359
33.1379
33.1776
33.249
33.2764
33.2927
33.3255
33.3488
33.3498
33.3712
33.3752
33.4129
33.46
33.5324
33.5528
33.6098
33.6272
33.6272
33.6292
33.7066
33.7444
33.8545
33.8595
33.99
34.0
34.0
34.0615
34.2754
34.3081
34.3528
34.464
34.524
34.5324
34.5344
34.5935
34.6128
34.6843
34.73
34.733
34.8138
34.8381
34.9309
35.0
35.0838
35.198
35.2039
35.259
35.3692
35.4376
35.454
35.5508
35.6282
35.6312
35.7066
35.7076
35.8461
35.8505
35.8545
35.8595
35.8689
35.9146
35.9369
35.983
35.984
36.0798
36.0808
36.1295
36.1295
36.196
36.2734
36.3051
36.3528
36.4466
36.5751
36.6556
36.7036
36.7523
36.7607
36.8495
36.8545
36.8655
36.8699
36.8912
36.9339
36.99
37.0327
37.0818
37.1062
37.1175
37.1419
37.1523
37.1786
37.1836
37.2714
37.4009
37.4129
37.4173
37.4193
37.4193
37.4763
37.5588
37.5855
37.5865
37.6426
37.6629
37.7934
37.7944
37.8322
37.989
38.0
38.0
38.0237
38.0411
38.0565
38.1706
38.2049
38.2704
38.2917
38.3335
38.3518
38.3935
38.5414
38.6108
38.6312
38.6332
38.6496
38.6576
38.6793
38.6913
38.7364
38.7454
38.8178
38.8942
38.9493
38.9717
39.0
39.0
39.0381
39.0605
39.1265
39.1552
39.197
39.3275
39.3672
39.4059
39.5821
39.5865
39.6669
39.8381
39.8809
39.8882
39.8882
39.9032
39.9156
39.9156
39.9727
40.0064
40.0565
40.0868
40.1339
40.1419
40.196
40.2987
40.3031
40.3548
40.4019
40.4173
40.4356
40.4803
40.6436
40.728
40.7667
40.7841
40.7964
40.9349
40.9473
40.9503
40.9667
41.0615
41.0942
41.0952
41.1062
41.1716
41.2754
41.525
41.5284
41.5284
41.5364
41.5925
41.6486
41.7364
41.7761
41.7964
41.8108
41.9066
41.9196
41.9413
42.0034
42.0134
42.188
42.2093
42.253
42.3285
42.5985
42.6292
42.7016
42.7344
42.7801
42.7964
42.8178
42.8208
42.8962
43.0724
43.197
43.2848
43.3825
43.4133
43.4843
43.5638
43.6406
43.6957
43.7076
43.7711
43.8098
43.9289
44.0
44.0187
44.0818
44.1165
44.197
44.2073
44.2347
44.251
44.258
44.3245
44.3612
44.4039
44.4723
44.5081
44.5131
44.5364
44.5671
44.6148
44.6282
44.6843
44.6843
44.7517
44.8729
44.9974
45.0758
45.0828
45.1175
45.2247
45.3175
45.4233
45.451
45.4967
45.5711
45.5721
45.5771
45.5801
45.6009
45.6118
45.6619
45.6873
45.7771
45.8431
45.8465
45.9056
45.9657
46.0401
46.1389
46.1483
46.1706
46.3041
46.3051
46.3061
46.3662
46.5468
46.5638
46.6396
46.6719
46.7016
46.719
46.7771
46.9786
47.0054
47.0084
47.0788
47.1429
47.1493
47.2123
47.2347
47.255
47.2937
47.3652
47.4907
47.4927
47.5458
47.5458
47.5518
47.5925
47.6406
47.6476
47.7924
47.8615
47.9096
47.9116
47.9627
47.987
48.1052
48.1359
48.1379
48.2123
48.2277
48.2421
48.3215
48.3919
48.4113
48.455
48.4743
48.4873
48.5885
48.6496
48.7056
48.7874
48.8014
48.988
48.9984
49.0545
49.0798
49.1483
49.185
49.255
49.2858
49.449
49.5641
49.5915
49.6118
49.6232
49.6426
49.7904
49.7954
49.8952
49.9166
50.0317
50.0644
50.0962
50.1165
50.1552
50.244
50.4336
50.4937
50.5751
50.6986
50.7547
50.8322
51.0197
51.0654
51.0952
51.2123
51.259
51.3285
51.3408
51.3845
51.5071
51.5141
51.7016
51.7994
51.8262
51.8381
51.8649
51.9657
52.0585
52.0634
52.0902
52.1165
52.2287
52.2868
52.4103
52.4133
52.455
52.4867
52.5885
52.6536
52.6763
52.7046
52.9056
52.9076
52.9423
52.9503
52.9607
52.9954
52.9954
53.0247
53.0351
53.0605
53.0718
53.1592
53.1706
53.254
53.2888
53.3939
53.4193
53.447
53.4957
53.5631
53.6977
53.72
54.1473
54.2267
54.2981
54.6212
54.6396
54.6639
54.8262
54.8832
54.9647
55.0932
55.1339
55.194
55.2287
55.2808
55.3215
55.3925
55.4093
55.4286
55.457
55.6098
55.6128
55.7106
55.7597
55.7964
55.8148
55.8242
55.8455
55.9493
55.9543
55.985
56.1359
56.1746
56.452
56.6142
56.8495
56.8699
56.8759
56.8832
56.9056
57.0217
57.0688
57.19
57.2167
57.2297
57.248
57.254
57.2674
57.4306
57.5224
57.6009
57.8415
58.0505
58.0922
58.1229
58.1592
58.2003
58.2227
58.2307
58.2878
58.3398
58.3676
58.3736
58.5021
58.6519
58.6689
58.716
58.8168
58.9974
59.0147
59.0625
59.1165
59.1696
59.3111
59.3622
59.3696
59.3706
59.5408
59.5661
59.7006
59.7354
59.8455
59.8639
59.922
60.2103
60.2594
60.2614
60.3716
60.4817
60.5191
60.5825
60.5855
60.7691
60.8272
60.8282
60.8986
60.974
61.0167
61.0838
61.3205
61.3766
61.4093
61.4817
61.6436
61.6947
61.7497
62.0371
62.1666
62.2371
62.246
62.3021
62.4133
62.5021
62.5448
62.6753
62.722
62.8525
63.1125
63.1219
63.2093
63.2137
63.2197
63.2391
63.3275
63.3999
63.45
63.5234
63.5398
63.5725
63.6857
63.7384
63.8415
63.918
64.0728
64.3031
64.3091
64.3408
64.3736
64.3999
64.4366
64.5264
64.5518
64.5602
64.5681
64.5815
64.7815
64.9607
65.0157
65.0525
65.0555
65.3165
65.3195
65.3682
65.456
65.5929
65.7026
65.712
66.0361
66.0698
66.1806
66.1993
66.2524
66.3105
66.3492
66.4574
66.4867
66.5691
66.5835
66.6416
66.7497
66.7721
66.8539
66.919
67.0828
67.1319
67.2053
67.2257
67.2287
67.4153
67.4624
67.5478
67.5855
67.724
67.7427
67.7731
67.8068
67.8599
67.8629
67.8976
67.9934
67.9964
67.9984
68.0475
68.2267
68.2554
68.3061
68.3418
68.3716
68.4276
68.6102
68.724
68.7284
68.8078
68.8242
68.8539
68.8559
68.9527
68.9607
69.2484
69.2828
69.4103
69.8956
70.1513
70.1576
70.3432
70.5174
70.7294
70.7304
70.7671
70.8202
70.8262
70.8639
70.9383
70.9547
71.0982
71.6817
71.7944
71.8152
71.9283
72.0217
72.0638
72.0972
72.1556
72.1696
72.1973
72.3676
72.5131
72.5174
72.6182
72.6887
72.9914
73.0475
73.1363
73.1433
73.1686
73.2534
73.4837
73.6132
73.6222
73.6326
73.709
73.714
73.7631
73.913
74.0401
74.0648
74.0782
74.1523
74.3899
74.4941
74.5542
74.701
74.7497
74.7507
74.8916
74.9303
74.9994
75.0658
75.1199
75.1586
75.2207
75.2227
75.4226
75.6519
75.6693
75.7551
75.7835
76.0157
76.0395
76.0678
76.1035
76.1239
76.1513
76.2083
76.3155
76.3879
76.4256
76.5288
76.5631
76.5959
76.5989
76.6266
76.6609
76.8008
76.8946
76.914
76.9433
77.0415
77.1323
77.1606
77.1963
77.3542
77.706
77.8733
77.8743
77.8773
77.974
78.0028
78.0475
78.5398
78.5502
78.5512
78.5582
78.6302
78.7771
78.9343
78.981
79.0628
79.1139
79.1159
79.1423
79.2117
79.4023
79.4236
79.7274
79.7681
79.911
80.169
80.2261
80.5031
80.5085
80.5655
80.6226
80.7701
80.7845
80.7918
80.8976
80.9313
81.2057
81.2167
81.3135
81.4306
81.5164
81.5859
81.6643
81.7334
81.8138
82.2351
82.3025
82.4296
82.5745
82.5939
82.7924
82.7948
83.0078
83.0391
83.2614
83.3566
83.3642
83.441
83.4747
83.5075
83.5795
83.8118
83.912
84.0628
84.3815
84.443
84.5308
84.5518
84.6897
84.7874
84.8342
84.9994
85.3065
85.4737
85.6232
85.9784
86.1854
86.1904
86.3606
86.3789
86.4256
86.5055
86.8028
86.8886
87.0435
87.1149
87.3229
87.3789
87.4737
87.4961
87.5819
87.6182
87.696
87.699
87.8713
87.972
88.1259
88.3318
88.3412
88.3903
88.698
88.9884
89.0708
89.2291
89.2414
89.2648
89.4841
89.7671
89.8926
89.973
90.0088
90.0862
90.6713
90.7154
90.8545
90.9323
90.974
91.3249
91.3452
91.6777
91.7006
91.7224
91.7244
91.8723
91.9333
92.0161
92.1119
92.3482
92.4366
92.636
92.7457
92.9223
92.9978
93.0038
93.0315
93.2137
93.4157
93.6062
93.702
93.8439
93.9467
93.9724
94.3552
94.3616
94.5358
94.7461
94.914
95.437
95.6643
95.7164
95.7328
95.8295
95.9998
96.0241
96.6767
96.697
96.703
97.0936
97.1323
97.3095
97.6947
97.8489
98.1283
98.161
98.2444
98.7471
98.9581
99.2201
99.2434
99.5248
99.64
99.6717
99.975
100.0896
100.2802
100.4454
100.5482
100.5482
100.5575
100.5909
100.6593
100.7248
100.8196
101.0926
101.1844
101.2394
101.2901
101.3338
101.3993
101.5184
102.0752
102.3249
102.695
102.701
102.7591
102.8782
103.0618
103.1029
103.4687
103.6186
103.6663
103.8166
104.0782
104.1466
104.3149
104.4577
104.6196
104.7655
105.1283
105.1824
105.5929
105.7094
105.7114
105.8285
106.181
106.3636
106.3853
106.4534
106.7818
107.2808
107.3049
107.4757
107.7367
107.7735
108.1937
108.2658
108.3426
109.2895
109.9451
110.8723
111.0018
111.0261
111.2925
111.3308
111.3829
111.4965
111.8246
111.9183
112.1233
112.2682
112.3446
112.4831
112.645
112.9367
113.3149
113.3396
113.5769
113.8419
113.896
114.1493
114.1754
114.2221
114.3362
114.3526
114.4167
114.5565
114.6489
114.7094
114.9868
115.0255
115.1223
115.1927
116.0866
116.2057
116.428
116.4915
116.896
117.5472
117.9724
118.436
118.7054
119.0592
119.36
119.7868
120.0929
120.161
120.5078
120.8329
121.3332
121.3709
121.5575
122.4587
122.6801
122.7902
122.8846
123.1119
123.2151
123.5515
123.6016
123.639
123.7124
123.7625
124.3109
124.4871
125.7138
126.2225
126.7054
126.9481
127.0469
127.0836
127.2712
127.9634
128.4801
128.63
128.7962
128.8126
129.0642
129.2822
129.3212
129.429
129.5839
130.0652
130.1376
130.161
130.8627
131.1173
131.1367
131.2682
131.7391
131.9307
132.0205
132.1113
132.5015
133.0161
133.8553
134.0686
135.366
135.5843
136.1828
136.5575
137.4568
137.8189
138.4825
138.893
139.4324
139.5579
139.7144
139.8106
140.0646
142.0319
143.1754
143.2622
144.1293
144.4981
145.0652
145.1768
145.3386
145.7882
145.8329
146.0919
146.2245
146.3947
146.4528
147.4998
147.7371
147.7669
148.7495
148.9024
149.0225
151.3753
151.5048
152.2408
152.8056
153.5833
153.9147
155.1714
156.5028
156.7738
159.8066
160.9465
161.6324
161.9678
162.9534
164.089
164.5008
164.7251
165.161
166.7427
166.9241
167.1217
167.4705
167.6841
168.6417
169.3133
171.1167
173.1554
173.3793
175.7048
175.7242
176.601
177.1494
178.6387
178.6695
182.2963
182.9151
184.3544
184.6457
187.4378
187.5763
187.7499
187.8439
189.0055
189.3107
190.3687
197.7652
198.0446
198.2913
201.6228
203.2799
204.1007
206.0923
206.1534
206.2619
206.5326
207.5403
208.9806
211.3514
212.9955
214.4669
216.0173
216.9999
218.9806
222.2629
224.5443
225.513
225.6465
237.783
239.7716
240.3845
242.4916
242.7722
247.5934
253.9065
260.2817
267.2877
277.2841
284.4866
287.8608
288.8825
328.3311
335.0671
340.2501
352.0224
