3.0
3.0
3.0
3.0
3.0
3.0
3.0
3.0
3.0
3.0
3.0
3.0
3.0
3.0
3.0
3.0
3.0
3.0
4.0
4.0
4.0
4.0
4.0
4.0
4.0
4.0
4.5327
4.5327
4.5327
4.5327
4.6838
5.0
5.0
5.0
5.0
5.0
5.0
5.0
5.0
5.1371
5.3817
5.4393
5.5327
5.5327
5.6838
5.6838
5.8349
5.8349
6.0
6.0
6.1948
6.2882
6.3458
6.3817
6.3817
6.6838
6.986
6.986
7.0
7.0
7.0
7.1371
7.1371
7.2882
7.2882
7.4393
7.4969
7.8926
7.986
7.986
8.0
8.0079
8.1371
8.1371
8.1589
8.2882
8.31
8.31
8.4035
8.5546
8.648
8.6838
8.7991
8.8568
8.9144
8.986
9.0
9.0437
9.0437
9.4611
9.5904
9.648
9.648
9.6699
9.6699
9.7057
9.7057
9.7415
9.7633
9.821
10.0655
10.1371
10.1589
10.1589
10.1948
10.2166
10.5904
10.7057
10.7633
10.7991
10.8568
10.972
10.986
11.0079
11.0297
11.483
11.4969
11.5764
11.8786
11.9144
11.972
12.0437
12.0655
12.2882
12.4035
12.4253
12.4253
12.5546
12.6917
13.0655
13.1231
13.2166
13.2166
13.2384
13.4472
13.4472
13.6341
13.7057
13.8349
14.0655
14.145
14.2384
14.3319
14.3895
14.5048
14.5406
14.5764
14.6559
14.7851
14.8786
14.9939
15.0515
15.2166
15.5624
15.5764
15.7275
15.9004
15.9004
15.9939
15.9939
16.0515
16.1668
16.1668
16.2961
16.4113
16.469
16.483
16.6917
17.0515
17.3895
17.4113
17.4472
17.5624
17.9581
17.9939
17.9939
18.2244
18.2384
18.3755
18.4332
18.469
18.5188
18.5266
18.6201
18.6559
18.6559
18.7354
18.7354
18.7493
18.8428
18.8646
18.9004
18.9939
19.1668
19.3755
19.4332
19.5843
19.7135
19.7354
19.7712
20.2244
20.2603
20.3397
20.3974
20.4332
20.5485
20.6201
20.6419
20.6559
20.6777
20.6996
20.793
20.9223
20.9799
21.1886
21.2463
21.2821
21.3397
21.3974
21.4908
21.7354
21.8865
22.1528
22.1886
22.3616
22.5127
22.6061
22.6061
22.6559
22.6559
22.8506
22.8506
22.9441
23.0375
23.131
23.2821
23.455
23.4908
23.5485
23.5982
23.7354
23.7354
23.8506
24.0236
24.0594
24.0873
24.1668
24.2105
24.2463
24.2681
24.3258
24.3397
24.3397
24.3616
24.3974
24.4192
24.4332
24.5703
24.7572
24.7712
24.779
25.1528
25.1747
25.2323
25.3039
25.3397
25.5127
25.5345
25.5485
25.6419
25.8725
25.9301
26.0594
26.1389
26.1528
26.2105
26.2681
26.2899
26.3834
26.3834
26.4192
26.5703
26.5921
26.6279
26.8367
26.8367
26.8943
26.8943
26.9301
26.9441
27.0017
27.1965
27.2681
27.2899
27.4987
27.5345
27.5703
27.5921
27.8725
28.0812
28.3039
28.3258
28.4768
28.4987
28.5127
28.5345
28.5345
28.6279
28.6498
28.7432
28.952
29.103
29.1607
29.3616
29.4987
29.4987
29.5345
29.5563
29.7214
29.7432
29.8585
29.952
29.9878
30.0672
30.103
30.103
30.1607
30.4052
30.4052
30.4052
30.4629
30.4629
30.5205
30.5563
30.6856
30.7651
30.8943
30.8943
31.0454
31.1389
31.1965
31.2183
31.2899
31.3694
31.4271
31.4629
31.5205
31.5563
31.614
31.614
31.779
31.779
31.8009
31.8227
31.8227
31.8943
31.9738
32.0096
32.0236
32.0236
32.1825
32.2323
32.2541
32.2899
32.4052
32.4271
32.4271
32.441
32.4629
32.4629
32.5205
32.5205
32.6716
32.7292
32.765
32.8227
32.9161
33.0314
33.103
33.1249
33.1825
33.1825
33.2105
33.2402
33.2681
33.3118
33.3834
33.4271
33.4629
33.4987
33.6358
33.7074
33.7292
33.8367
33.8803
34.0314
34.1825
34.2183
34.2402
34.276
34.3336
34.3694
34.3694
34.4847
34.4847
34.5781
34.6498
34.6716
34.7511
34.8725
34.8803
35.0672
35.0812
35.0891
35.103
35.1467
35.3913
35.4271
35.5205
35.5423
35.6576
35.6934
35.7292
35.9022
35.9161
36.0314
36.0314
36.1825
36.2043
36.276
36.3554
36.4052
36.4629
36.4847
36.6
36.6358
36.7869
36.8087
36.8943
36.9022
37.0454
37.0533
37.262
37.3554
37.3554
37.3913
37.3913
37.4131
37.4987
37.5065
37.5642
37.6358
37.7729
37.8664
37.9022
37.924
37.938
37.9598
37.9598
37.9956
38.2043
38.2043
38.262
38.2978
38.2978
38.6576
38.6716
38.6934
38.7729
38.8009
38.8664
38.8803
38.9022
38.924
38.924
38.9738
39.0672
39.0751
39.0751
39.0891
39.1825
39.2043
39.2262
39.2541
39.262
39.2838
39.2838
39.3196
39.3196
39.3554
39.3554
39.3773
39.586
39.6
39.6795
39.6934
39.9816
39.9816
40.0751
40.0751
40.1467
40.2978
40.3196
40.3554
40.4131
40.4131
40.5065
40.586
40.6576
40.6934
40.7371
40.8305
40.8305
40.8664
40.8664
40.9816
41.0393
41.0533
41.0751
41.1685
41.1904
41.2262
41.2262
41.2838
41.3196
41.3336
41.3773
41.4707
41.4926
41.5502
41.5642
41.586
41.586
41.6576
41.6795
41.6934
41.8305
41.8305
41.8882
41.924
41.9458
41.9816
41.9816
42.0393
42.0751
42.1327
42.2402
42.248
42.3196
42.3196
42.3415
42.3991
42.3991
42.4489
42.5502
42.586
42.6078
42.6436
42.7589
42.91
42.924
43.0035
43.0611
43.0969
43.1109
43.3773
43.5642
43.586
43.6436
43.7013
43.7013
43.8087
43.8882
43.9458
44.248
44.248
44.3415
44.3633
44.4349
44.4567
44.4707
44.5144
44.5642
44.6795
44.7231
44.91
44.91
44.9458
45.0253
45.0611
45.1188
45.1327
45.1904
45.2122
45.2262
45.3057
45.4209
45.4567
45.4567
45.6436
45.7231
45.8166
45.8524
45.91
46.1188
46.2122
46.3057
46.3415
46.3633
46.3773
46.3851
46.4209
46.4209
46.4209
46.4567
46.6078
46.6436
46.6436
46.8166
46.8166
46.8742
46.91
46.91
46.9319
46.9677
47.0253
47.0253
47.0253
47.1764
47.2698
47.3991
47.4209
47.4786
47.5502
47.6436
47.745
47.896
47.91
47.9677
48.0253
48.1904
48.2122
48.234
48.3275
48.3493
48.4209
48.4428
48.5502
48.572
48.6297
48.6655
48.7231
48.8742
48.9319
49.0035
49.0829
49.1188
49.1406
49.1406
49.1764
49.2559
49.2698
49.3057
49.3275
49.3493
49.6297
49.6873
49.8026
49.8384
49.9895
50.0253
50.0471
50.0471
50.1048
50.1406
50.1982
50.2917
50.4646
50.4786
50.5004
50.5362
50.5581
50.6078
50.6157
50.7091
50.8602
50.8602
50.896
50.9537
50.9537
50.9895
50.9895
50.9895
50.9895
51.0471
51.0829
51.1048
51.1546
51.1982
51.1982
51.234
51.3493
51.5004
51.5284
51.6157
51.6515
51.6515
51.6733
51.6733
51.7091
51.8602
51.9179
51.9537
52.0113
52.0471
52.0471
52.069
52.069
52.1624
52.3135
52.3712
52.4646
52.5004
52.5939
52.6733
52.6873
52.7091
52.731
52.8244
52.8384
52.8602
52.8742
52.896
52.9755
52.9755
53.0113
53.0332
53.1048
53.1406
53.2201
53.3135
53.3712
53.4646
53.5222
53.6157
53.6157
53.7668
53.9537
54.2201
54.2201
54.2777
54.3712
54.5362
54.5799
54.6515
54.6952
54.8463
54.8821
54.8821
55.0908
55.0908
55.1266
55.1843
55.2201
55.2777
55.3135
55.3135
55.3633
55.393
55.6297
55.731
55.9397
56.1484
56.2419
56.2419
56.4864
56.6594
56.7668
56.7886
56.7886
56.896
56.9039
56.9615
57.0332
57.1266
57.1266
57.2777
57.3712
57.393
57.4288
57.4864
57.5441
57.6017
57.6017
57.6594
57.6733
57.731
57.745
57.8105
57.9397
57.9974
58.0332
58.055
58.1126
58.4148
58.4725
58.5083
58.5441
58.6017
58.8026
58.8105
58.8105
58.8463
58.9257
59.0768
59.1843
59.2061
59.3353
59.3353
59.393
59.4288
59.4288
59.4506
59.4725
59.5659
59.5659
59.6017
59.6733
59.7746
59.7886
59.9039
59.9974
60.0192
60.0332
60.055
60.0768
60.1126
60.1484
60.1484
60.3214
60.393
60.4148
60.4148
60.4366
60.4366
60.4725
60.5301
60.5441
60.5877
60.6157
60.6594
60.6594
60.6812
60.717
60.731
60.7528
60.7746
60.8105
60.8681
60.9257
60.9257
60.9974
61.041
61.0768
61.1126
61.1703
61.2856
61.379
61.4366
61.5083
61.5083
61.5301
61.5301
61.5659
61.6236
61.6812
61.7388
61.7528
61.7528
61.7746
61.9257
61.9476
61.9834
62.041
62.055
62.2497
62.3432
62.393
62.4008
62.5301
62.5301
62.5519
62.717
62.7388
62.8681
62.9834
62.9834
63.0987
63.0987
63.2279
63.2419
63.3074
63.3432
63.4008
63.4366
63.5301
63.6236
63.6733
63.6812
63.7965
63.9257
64.1345
64.1563
64.1563
64.1703
64.2061
64.2279
64.379
64.4367
64.4367
64.4725
64.5083
64.5877
64.6454
64.703
64.8323
64.9257
65.0629
65.0987
65.0987
65.1205
65.1345
65.1563
65.1563
65.2139
65.2139
65.2497
65.2856
65.3432
65.4148
65.4367
65.6454
65.6454
65.7388
65.7388
65.7388
65.7607
65.7746
65.7965
65.8541
65.9118
65.9694
65.9694
66.0052
66.027
66.0987
66.1205
66.1921
66.2139
66.2497
66.3074
66.3292
66.4148
66.4585
66.4943
66.5519
66.5519
66.6672
66.8899
66.9118
66.9336
67.1563
67.2139
67.3074
67.4227
67.4367
67.4803
67.5161
67.538
67.538
67.5519
67.689
67.7249
67.7607
67.8401
67.8541
67.9336
68.027
68.0629
68.1781
68.2358
68.3292
68.365
68.3869
68.4008
68.4227
68.5301
68.5956
68.6672
68.7467
68.9694
69.0052
69.027
69.0629
69.0847
69.1423
69.1423
69.1563
69.3292
69.3511
69.4227
69.538
69.5956
69.7249
69.7467
69.8401
69.8978
69.9336
69.9554
70.0489
70.0847
70.2279
70.2358
70.2716
70.3292
70.365
70.4367
70.4445
70.4803
70.538
70.5519
70.5877
70.689
70.7825
70.7965
70.9336
71.1423
71.2
71.365
71.3869
71.4087
71.4663
71.4803
71.5956
71.6096
71.6672
71.7249
71.7685
71.7965
71.8043
71.8978
71.8978
71.9912
72.027
72.0707
72.1423
72.2
72.2576
72.3511
72.365
72.365
72.3729
72.3729
72.3869
72.4087
72.6532
72.7685
72.7685
72.862
72.8759
72.8759
72.9912
73.027
73.0489
73.0707
73.1065
73.1283
73.1642
73.2
73.2218
73.2576
73.2716
73.2934
73.3729
73.4087
73.4445
73.4445
73.4803
73.524
73.538
73.6174
73.6174
73.6314
73.6532
73.7109
73.7327
73.8262
73.9196
74.0349
74.0349
74.1642
74.2218
74.2218
74.4305
74.4445
74.4882
74.524
74.5598
74.5816
74.6532
74.6532
74.6751
74.7685
74.8043
74.8262
74.8262
74.8838
75.0349
75.0925
75.1065
75.1065
75.2218
75.3371
75.3371
75.3729
75.4087
75.4663
75.4882
75.5816
75.6532
75.6532
75.7109
75.7327
75.7327
75.8262
75.9196
75.9196
75.9414
75.9991
76.0925
76.1065
76.1065
76.1283
76.1423
76.1502
76.1642
76.186
76.2436
76.4882
76.5458
76.5816
76.6393
76.6969
76.9196
77.0349
77.0707
77.0925
77.1065
77.1642
77.2436
77.2436
77.2436
77.3371
77.4305
77.51
77.6393
77.7904
77.848
77.8838
78.0925
78.1642
78.186
78.2794
78.3589
78.3947
78.4165
78.4305
78.4305
78.51
78.524
78.5816
78.6611
78.6751
78.6969
78.7685
78.9414
78.9991
79.0131
79.0209
79.2078
79.2436
79.3589
79.3589
79.4882
79.5816
79.6174
79.6393
79.6611
79.6969
79.7545
79.8122
79.9414
79.9633
79.9633
79.9991
80.172
80.172
80.186
80.3013
80.3947
80.5318
80.5458
80.5676
80.5676
80.6035
80.7545
80.7764
80.8122
80.848
80.8698
80.8838
80.9056
81.2655
81.4165
81.8043
81.834
81.834
81.8698
81.9056
82.0428
82.0567
82.2078
82.2297
82.3947
82.4165
82.4165
82.4524
82.7406
82.8917
82.8917
82.9633
83.0209
83.0209
83.0428
83.0428
83.1938
83.2297
83.2436
83.6035
83.7406
83.7406
83.7764
83.834
83.9056
83.9493
83.9851
83.9851
84.0786
84.4026
84.4087
84.4384
84.496
84.5318
84.5458
84.6471
84.6471
84.7764
84.8917
84.9493
85.0925
85.2515
85.2873
85.2873
85.3231
85.3668
85.4602
85.496
85.5895
85.6471
85.7048
85.7406
85.7406
85.7624
85.834
85.8917
86.0646
86.1004
86.2297
86.3231
86.4165
86.4602
86.5179
86.5676
86.5755
86.7048
86.7624
86.9135
87.0069
87.0288
87.1362
87.1799
87.1938
87.2157
87.2157
87.2515
87.3091
87.3231
87.7187
87.82
87.82
87.8559
88.0646
88.1799
88.2733
88.4384
88.4602
88.4602
88.496
88.5537
88.6113
88.6908
88.7842
88.7982
88.8419
88.9711
89.0288
89.158
89.1799
89.186
89.1938
89.3668
89.5179
89.6331
90.0864
90.1004
90.1799
90.5179
90.655
90.669
90.7842
91.1222
91.1362
91.2375
91.2952
91.3668
91.4026
91.4244
91.5537
91.6471
91.669
91.7842
91.8061
91.8637
92.2017
92.2375
92.2952
92.3528
92.3886
92.3886
92.4681
92.6331
92.6908
92.7266
92.7484
92.8419
93.1082
93.2593
93.4104
93.4244
93.4681
93.5257
93.6908
93.7126
93.7484
93.7484
93.8061
93.8061
93.9213
94.0069
94.0148
94.0288
94.1799
94.2593
94.2812
94.317
94.5615
94.655
94.6908
94.7266
95.0724
95.2593
95.4104
95.4104
95.5615
95.5755
95.5834
95.6908
95.6908
95.7126
95.9213
96.0148
96.0148
96.0366
96.2235
96.3746
96.4104
96.4681
96.4899
96.5475
96.5615
96.5834
96.655
96.6908
96.7703
96.8061
96.9213
96.9213
97.0008
97.0288
97.1441
97.1659
97.1877
97.2593
97.2812
97.317
97.3668
97.5257
97.641
97.6986
97.7842
97.7921
97.8279
97.9432
98.0585
98.0724
98.1222
98.317
98.3965
98.4681
98.4899
98.6986
98.8855
99.1659
99.6628
99.7703
99.9432
100.0585
100.1519
100.1737
100.2096
100.2672
100.303
100.5257
100.7345
101.0366
101.0943
101.1877
101.2096
101.2672
101.5336
101.5475
101.8497
101.9292
102.1161
102.1519
102.2314
102.4183
102.7205
102.7781
102.7781
102.8279
102.9868
103.0445
103.1379
103.5117
103.641
103.6628
103.6986
103.7921
103.8279
103.8497
104.3248
104.3467
104.4401
104.4899
104.5554
105.289
105.3109
105.3825
105.4043
105.4401
105.5554
105.5694
105.6489
105.7205
105.7423
105.7563
105.8358
106.1598
106.1737
106.1877
106.2314
106.289
106.3388
106.3467
106.3467
106.3685
106.462
106.5554
106.5554
106.5554
106.6847
106.7423
107.0087
107.1598
107.1956
107.3109
107.4759
107.6628
107.8218
107.8358
107.8576
107.9292
108.2314
108.289
108.3109
108.3685
108.5912
108.7423
109.0305
109.0305
109.1021
109.1379
109.3327
109.5196
109.5554
109.5554
109.5554
109.7999
109.7999
109.8218
109.8218
109.8794
109.9292
110.0305
110.2751
110.3685
110.5196
110.5772
110.6925
110.9947
111.613
111.6349
111.6349
111.7283
111.7283
111.9013
111.9152
112.0445
112.1816
112.2969
112.448
112.5694
112.5991
112.613
112.7144
112.9947
113.0305
113.0882
113.1458
113.1676
113.1676
113.2034
113.3685
113.3903
113.5414
113.6349
113.6489
113.6925
113.7283
113.7283
113.9947
113.9947
114.2751
114.3327
114.3327
114.6707
114.9231
115.0523
115.2969
115.3187
115.5275
115.8296
115.9013
116.1318
116.1676
116.3545
116.3903
116.434
116.5275
116.5633
116.7938
117.11
117.1318
117.1676
117.2611
117.5991
117.6427
117.6427
117.9589
117.9807
118.2314
118.3406
118.3764
118.7938
118.8296
119.1895
119.2611
119.3764
119.4838
119.758
119.8078
119.8157
120.0026
120.11
120.1318
120.1536
120.2829
120.4558
120.5135
120.5493
120.6427
121.0602
121.0742
121.6646
121.6785
122.082
122.2253
122.5493
122.6069
122.6864
122.8157
122.8733
122.9091
122.9668
122.9886
123.1178
123.1536
123.1755
123.2113
123.3406
123.3982
123.7222
123.8375
123.9668
124.3187
124.3266
124.42
124.4995
124.5353
124.5711
124.5929
124.6288
124.6506
124.7222
124.7222
124.758
124.8157
124.8733
125.096
125.1397
125.2113
125.2689
125.3266
125.4419
125.8375
125.9668
126.3266
126.8017
126.8296
126.9528
127.2191
127.2471
127.3266
127.8017
127.8593
127.9091
127.917
128.1973
128.2908
128.4637
128.8235
128.8951
128.9886
129.0462
129.1318
129.2768
129.4855
129.7004
129.9746
129.9886
130.4995
130.5135
130.6724
130.6943
130.8375
130.9964
130.9964
131.0462
131.1257
131.1615
131.1973
131.2191
131.2768
131.5213
131.6008
131.8017
131.8593
131.917
132.4637
132.6288
132.7659
132.9964
133.3344
133.3563
133.4139
133.6008
133.8672
134.1475
134.2768
134.2986
134.3204
134.4855
134.5074
134.8235
135.0681
135.0899
135.3563
135.6584
135.8951
135.903
136.0899
136.1117
136.2628
136.3702
136.3921
136.5292
136.6366
136.9248
137.2847
137.2847
137.3563
137.4139
137.565
137.7161
137.7737
137.9606
138.1117
138.2986
138.3921
138.5074
138.6445
138.7161
138.8314
138.9248
138.9825
139.3921
139.4855
139.4934
139.565
139.6226
139.8095
140.227
140.3781
140.4576
140.6803
140.7021
140.8454
140.889
140.903
141.1475
141.1554
141.7021
141.7956
141.9108
142.1196
142.1336
142.4715
142.6226
142.7021
142.7956
142.8532
143.4497
143.6663
144.1772
144.3065
144.3283
144.6087
144.6663
144.6663
144.7379
145.0043
145.0977
145.1554
145.213
145.2349
145.5947
145.6881
145.7021
146.0541
146.1772
146.7458
146.9327
147.1772
147.2567
147.2925
147.3065
147.3065
147.386
147.4576
147.4654
147.5152
147.6523
147.875
148.2567
148.5589
148.6165
149.213
149.2209
149.2707
149.8253
149.8611
150.1991
150.386
150.4576
150.5012
150.7598
150.8969
150.9187
151.213
151.8174
151.8611
152.0698
152.0698
152.1056
152.3143
152.386
152.4514
152.8471
152.9047
153.034
153.0698
153.0916
153.2427
153.3143
153.5449
154.048
154.048
154.3143
154.4654
154.5012
154.5091
154.8829
156.7318
156.8829
157.2427
157.3781
157.8689
157.9405
157.9842
157.9982
158.0916
158.2645
158.2864
158.4654
158.8907
158.9842
159.9903
160.02
160.3222
160.4514
160.5667
160.5886
160.8549
161.1493
161.2287
161.8113
162.1571
162.2506
162.3362
162.4017
162.4593
162.4733
162.6462
163.034
163.3659
163.4017
163.4156
163.5527
163.668
164.2724
164.668
164.841
165.006
165.1213
165.5527
165.7755
165.9126
165.9126
166.006
166.5746
166.7038
166.9266
166.9562
167.1711
167.2645
167.33
167.4593
167.4951
168.2008
168.2942
168.841
169.4235
169.8986
170.8986
170.8986
172.6401
173.3379
173.3737
173.503
173.9781
174.1073
174.6977
175.2226
175.3379
175.8846
176.6977
178.0794
178.1152
178.2803
178.3816
178.4174
178.6977
179.3955
179.4392
179.8628
180.1152
180.151
180.151
180.3458
180.4672
180.7772
181.0217
181.1868
181.3816
181.5327
181.5903
182.0078
182.4174
183.1728
183.4174
183.461
183.7196
183.8567
184.0296
184.0576
184.4532
184.4969
184.5187
185.1012
185.2523
185.3379
186.0078
186.0934
187.123
187.2523
187.4252
187.6121
187.7493
187.8925
187.9501
188.0654
188.1449
188.6977
188.9143
189.0296
189.6558
189.6698
189.799
189.9501
190.0654
190.9798
191.2243
191.7274
192.3536
192.4113
192.4471
193.5265
193.6698
193.7353
194.0156
194.2523
194.4331
194.9082
194.944
195.4689
195.6776
195.7929
195.944
196.0156
196.3396
196.5047
196.5982
197.282
197.282
197.5265
197.5702
197.7571
197.8724
198.0593
198.3973
198.8069
199.3257
199.6278
199.958
200.0016
201.254
201.3178
201.5265
201.5344
201.6418
201.9082
202.268
202.9082
203.1388
203.1964
203.6995
204.7789
205.1964
206.0811
206.9082
207.0313
207.7571
207.8802
208.2182
208.6855
208.8802
210.4768
210.5423
210.6357
211.8086
211.9816
212.1824
213.5999
213.6575
214.1108
214.6357
214.7728
214.8881
215.3772
215.3912
215.9955
216.0532
216.089
216.1108
216.5859
216.7152
217.1903
217.6654
217.8523
217.9816
218.3274
218.3772
218.9099
219.0968
219.1108
219.2837
219.6077
221.2837
221.4209
221.4925
223.2837
223.9676
224.4069
224.4785
225.2776
225.5361
225.558
225.9536
226.1623
226.1842
226.8383
227.0252
228.4287
228.5222
229.9973
230.7667
231.896
232.4505
232.868
232.9396
234.9615
235.0907
236.6811
238.3571
239.5876
239.8182
240.0051
240.1204
240.2994
240.4584
240.689
240.9475
241.4802
241.8104
242.2357
242.84
243.2855
243.7824
243.9475
244.9693
245.4086
249.7466
249.9693
250.2435
250.351
251.6173
252.2715
252.4086
253.9414
254.3588
254.6811
254.7186
255.3946
255.9195
257.0566
257.4383
257.4741
257.647
258.0427
258.1719
259.5894
259.8121
260.5536
263.1361
263.3448
264.2951
264.4243
265.0645
267.0645
267.5178
267.8994
267.971
268.0724
268.9571
269.2654
270.2453
271.3309
272.2095
272.3029
274.13
277.2453
278.7422
279.3824
281.0226
282.2531
282.8793
284.5693
285.5335
287.3824
288.0444
288.599
288.7501
290.3684
294.6924
297.5274
298.9667
300.0819
302.1614
303.7658
306.4776
308.3701
310.8094
311.8313
315.4217
315.7378
316.1474
317.1195
317.9963
326.0479
328.9108
330.1771
332.0339
332.7535
336.6741
337.6959
345.2942
347.3596
347.5387
353.7553
356.302
356.4968
356.6837
356.8924
357.0793
360.626
360.9142
365.1727
368.4688
378.9081
388.7369
392.9238
393.3911
394.8802
398.1046
398.7448
398.8959
408.5081
433.9989
441.6548
463.9945
469.06
549.3395
579.508
616.3962
685.3796
