3.0
3.0
3.0
3.0
3.0
3.0
3.0
4.0
4.0
4.0
4.0
4.3817
4.5327
5.0
5.0
5.1371
5.1371
5.8926
6.0
6.2882
6.5327
7.0
7.1013
7.4035
7.8926
8.0
8.4035
8.6838
8.986
9.1013
9.1371
9.2166
9.4035
9.5188
9.5904
9.986
10.0079
10.5546
10.6838
10.8926
11.0655
11.4393
11.483
11.5327
11.6122
11.6341
11.6838
11.7851
11.821
12.0079
12.0297
12.2384
12.2882
12.7275
13.0297
13.4253
13.5982
13.8428
13.8568
14.5982
14.6341
14.807
14.9939
15.0655
15.0873
15.0873
15.1092
15.1231
15.145
15.2026
15.2603
15.31
15.6341
15.6559
15.7493
16.1668
16.5624
16.7493
16.8786
17.1092
17.145
17.145
17.1668
17.2384
17.2384
17.3179
17.469
17.469
17.469
17.6201
17.6559
18.5624
18.5843
18.5843
19.131
19.131
19.3179
19.3755
19.4472
19.7851
19.9441
19.9939
20.0952
20.1092
20.3895
20.3974
20.793
21.2244
21.2463
21.2463
21.3397
21.6061
21.9441
22.3616
22.6917
22.9083
22.9441
23.0734
23.1528
23.8725
24.2463
24.4908
24.5485
24.6279
24.7354
24.8506
24.9441
25.2323
25.3258
25.455
25.469
25.7135
25.8506
26.0734
26.117
26.1389
26.2323
26.2899
26.5345
26.6061
26.8865
27.0454
27.2323
27.5921
27.6279
27.6279
28.1389
28.2681
28.3476
28.5563
29.1965
29.3834
29.4192
29.455
29.614
30.0812
30.1389
30.2681
30.2899
30.3118
30.3694
30.7651
30.8865
30.9738
31.2244
31.5345
31.5563
31.7214
31.8803
32.0096
32.0314
32.0594
32.0812
32.276
32.3336
32.4987
32.7074
32.7292
32.9161
33.0096
33.3694
33.4629
33.5205
33.5781
33.5921
34.2541
34.4271
34.4847
34.6358
34.6358
34.9022
35.2043
35.2541
35.3834
35.6358
35.7074
35.8227
35.8227
36.5781
36.8087
37.0314
37.0533
37.1685
37.3196
37.4131
37.4847
37.5065
37.9598
38.3196
38.5284
38.5423
38.5642
38.8087
38.8087
38.8585
38.9816
39.0314
39.0891
39.1249
39.262
39.586
39.9956
40.3336
40.3415
40.5065
40.5205
40.7947
40.8585
41.0533
41.2043
41.2262
41.5642
41.6934
41.924
42.1546
42.1825
42.3057
42.3057
42.3773
42.3991
42.5502
42.5703
42.586
42.7729
43.0174
43.2262
43.3633
43.5284
43.6078
43.6795
43.9598
44.0035
44.0751
44.1685
44.2698
44.5144
44.5502
44.572
45.3633
45.4349
45.6297
45.7589
45.9677
45.9956
46.248
46.3633
46.3851
46.3851
46.3991
46.4209
46.6297
46.6297
46.6873
46.91
47.1904
47.2698
47.4926
47.4926
47.5502
47.6
48.1685
48.1685
48.4428
48.7808
48.8742
49.2917
49.407
49.6873
49.8384
49.8602
50.2122
50.2698
50.3057
50.3275
50.3493
50.4926
50.5502
50.6157
50.6515
50.6795
50.7091
50.896
50.9179
51.0253
51.0393
51.0611
51.2559
51.3712
51.4646
51.4926
51.6515
51.9179
52.6436
52.8742
52.8821
52.9179
52.9677
53.0332
53.069
53.2777
53.3353
53.3633
53.4288
53.6297
53.8742
53.9755
54.0471
54.2917
54.745
54.7668
54.8463
54.9755
55.0113
55.0908
55.0908
55.2419
55.3135
55.4428
55.4506
55.4864
55.5222
55.6157
55.7091
55.7886
55.8026
55.9319
56.2061
56.2419
56.2995
56.2995
56.4864
56.5441
56.5441
56.6733
56.6733
56.6733
56.8105
56.8821
56.9039
56.9615
57.0332
57.0332
57.1484
57.2061
57.5799
57.5799
57.5939
57.6655
57.9039
57.9537
58.0192
58.0332
58.1484
58.1484
58.2061
58.4148
58.6236
58.7886
58.9039
58.9615
58.9974
59.0113
59.2637
59.2777
59.2995
59.5083
60.2279
60.3712
60.379
60.5222
60.5877
60.6812
60.7528
60.8166
60.9615
60.9615
60.9834
61.1126
61.3214
61.6812
61.717
62.1703
62.3214
62.3432
63.1345
63.1345
63.4506
63.4864
63.703
63.8821
63.9257
64.0192
64.4367
64.5441
64.5877
64.6454
64.6454
64.6594
64.9694
65.0192
65.1921
65.2139
65.2279
65.4585
65.717
65.8323
65.9834
66.365
66.4585
66.4725
66.7249
66.9257
66.9336
67.538
67.5519
67.6096
67.6314
67.7825
67.9336
68.2934
68.4445
68.4585
68.5161
68.5738
68.6096
69.1205
69.365
69.379
69.6096
70.3511
70.6314
70.7249
70.8043
70.8978
70.9476
71.2
71.2139
71.3511
72.0489
72.1065
72.1642
72.2358
72.2358
72.4663
72.524
72.7249
72.8043
73.0629
73.2794
73.4663
73.5021
73.538
73.7249
73.862
73.862
74.1283
74.2934
74.3869
74.6393
74.7327
74.7685
74.9196
74.9414
75.5816
75.7327
75.7467
75.8899
75.9196
76.0489
76.2436
76.2794
76.3947
76.5458
76.6035
76.8262
77.2794
77.3152
77.3371
77.524
77.5458
77.5816
77.6174
77.6969
77.8122
77.9196
77.9991
78.0349
78.186
78.4524
78.689
78.6969
78.8262
78.848
78.8978
79.0567
79.2655
79.7109
79.7249
79.8043
79.8262
79.848
80.1502
80.1642
80.2794
80.8698
80.9336
80.9991
81.0209
81.0349
81.4165
81.4445
81.6393
81.7406
82.4384
82.51
82.5895
82.6393
82.7764
83.2873
83.4026
83.5021
83.5537
83.6253
83.6829
83.7982
83.9633
84.0349
84.1004
84.1004
84.1502
84.2515
84.3807
84.4165
84.848
84.9135
84.9336
85.2157
85.2655
85.3668
85.5083
85.7406
85.8122
85.8917
85.9493
86.0069
86.2157
86.3013
86.5318
87.158
87.4602
87.5755
88.0786
88.2655
88.3668
88.4384
88.5179
88.7624
88.82
88.9493
89.0288
89.0864
89.4462
89.6829
89.8559
90.0506
90.2375
90.2733
90.6331
90.8995
91.2515
91.2733
91.4104
91.5318
91.5895
91.7842
91.8061
91.8061
91.82
91.9135
91.9493
91.9572
91.993
92.1799
92.4462
92.4462
92.5397
92.5537
92.5973
92.8419
92.8995
93.0288
93.0646
93.2017
93.4104
93.4104
94.2017
94.3528
94.6908
94.8061
95.2017
95.2812
95.4104
95.4462
95.4681
95.5973
95.7842
95.8855
96.2454
96.2593
96.6768
96.979
97.1877
97.3746
97.82
97.8279
97.9213
98.158
98.2812
98.655
98.655
98.8419
98.8497
98.9432
99.4183
99.5694
99.655
99.8497
100.0585
100.0585
100.1441
100.3965
100.4323
100.6192
100.627
100.9292
101.2593
101.3528
101.3606
101.4183
101.4899
101.6847
101.9868
102.1301
102.1379
102.5615
102.6768
102.6847
103.2235
103.3965
103.5117
103.5912
103.5912
103.9074
104.1379
104.2314
104.3248
104.4978
104.6113
105.0227
105.0445
105.0445
105.0803
105.3467
105.3606
105.7563
106.2454
106.3825
106.8576
107.0663
107.2314
107.6628
107.7065
107.7205
107.8637
107.8934
108.0227
108.1737
108.2454
108.2812
108.4043
108.4043
108.5694
108.613
108.6349
108.6847
108.9074
108.9371
109.2174
109.303
109.3327
109.5336
109.627
109.7999
110.0087
110.0087
110.1021
110.2532
110.3685
110.7065
111.2392
111.2454
111.3903
111.448
111.5772
111.5772
112.2174
112.4401
113.0305
113.1458
113.2751
113.4261
113.5196
113.5633
113.6349
113.6567
113.7999
113.8218
114.4122
114.5414
114.5414
114.9152
115.1318
115.3903
115.5633
115.8296
116.1318
116.5414
116.9449
117.3903
117.434
117.448
117.7004
118.1458
118.1816
118.3327
118.3545
118.448
118.8078
118.9152
119.2113
119.7004
119.7004
120.0026
120.0165
120.3624
120.8078
120.8515
120.9091
122.124
122.2034
122.8733
123.5929
123.7362
123.772
124.0026
124.1895
124.3842
124.6646
124.7938
125.1536
125.1755
125.4777
125.7362
125.8017
125.8017
125.9449
126.0462
126.6069
126.744
126.8017
127.0462
127.1973
127.4777
127.7659
127.9528
128.5571
128.9091
129.1973
129.5929
130.2768
130.8951
131.0104
131.1755
131.4497
131.579
132.4497
132.6506
132.8375
132.917
133.1755
133.7519
133.8095
134.579
134.6506
134.917
135.0183
135.5432
136.4777
136.5432
136.9606
137.0541
137.1117
138.0104
138.2488
138.6008
138.6148
138.7161
139.2628
139.889
140.0977
140.7301
141.227
141.7021
141.9685
142.1117
142.4357
142.4576
142.6226
142.7021
143.241
143.5292
143.7239
144.0619
144.3423
144.889
144.9108
144.9903
145.6881
145.8174
146.1414
146.1414
146.2567
146.2707
146.3641
146.5012
146.537
147.3204
147.8174
147.875
149.6305
150.7318
150.8034
151.5947
152.3938
153.9187
153.9405
154.3362
154.9248
155.3938
155.8471
156.1135
156.4873
156.6742
156.9047
157.034
157.2567
157.6305
158.0121
158.1353
158.4733
159.3798
159.9047
160.2645
160.8549
161.5449
161.8331
164.4235
164.8689
165.0558
165.0855
165.4733
166.9921
167.006
168.0637
168.4453
168.668
168.7615
168.9484
169.006
169.3938
169.9562
170.6183
171.4375
171.4811
171.503
172.2724
172.6244
173.0279
173.151
173.2803
173.503
173.5964
176.1868
177.2086
177.7615
180.8567
181.1152
181.7056
181.9283
181.9641
181.9702
182.9859
183.137
183.31
184.5685
185.137
185.1728
185.2523
185.3458
185.4969
185.9361
187.972
188.2383
188.2602
188.5187
188.8427
189.2025
189.2025
189.2523
189.4034
190.6043
191.0217
192.1449
193.123
193.8864
194.2462
194.8506
194.8506
195.3615
195.5126
196.2602
197.9798
198.799
201.7789
203.4689
203.5702
203.9877
204.2104
204.296
207.1606
208.0235
208.2182
209.7431
210.2759
210.9877
211.254
213.2043
214.6715
215.1903
215.9099
216.0532
217.3414
217.6139
218.5064
218.7073
218.9676
219.8881
220.751
221.0034
221.1981
221.7807
222.5999
223.1405
224.3274
224.4427
225.3632
225.3632
227.1265
227.2558
227.4069
227.7885
228.558
230.5562
231.2837
232.0829
232.1981
232.3929
235.5501
240.0191
240.1562
240.53
240.7387
241.3492
241.6671
245.2994
245.3291
249.0191
250.7248
251.3152
251.351
252.0846
252.854
253.1283
253.5815
255.4523
259.0348
265.2592
272.0863
273.2453
282.0724
285.7422
285.9073
290.4261
290.7501
293.1815
293.6208
297.4557
302.2112
302.9946
303.8872
305.1754
315.8313
317.2767
317.5867
327.6304
328.0697
338.7754
350.7038
354.3815
367.0435
371.2164
389.0609
390.8304
404.9317
468.8434
542.8286
