3.0
3.0
3.0
3.0
3.0
3.0
3.0
3.0
3.0
3.0
3.0
3.0
3.0
3.0
3.0
3.0
3.0
3.0
3.0
3.0
3.0
3.0
3.0
3.0
3.0
3.0
3.0
3.0
3.0
3.0
3.0
3.0
3.0
3.0
3.0
3.0
4.0
4.0
4.0
4.0
4.0
4.0
4.0
4.0
4.0
4.0
4.0
4.0
4.0
4.0
4.0
4.0
4.0
4.0
4.0
4.0
4.0
4.3817
4.5327
4.5327
4.6838
4.8349
5.0
5.0
5.0
5.0
5.0
5.0
5.0
5.0
5.0
5.0
5.1371
5.1371
5.2882
5.3817
5.3817
5.3817
5.4393
5.4393
5.4393
5.4393
5.5327
5.5904
5.5904
5.5904
5.5904
5.6838
5.6838
5.6838
5.7415
5.7415
5.7415
5.7415
5.7415
5.7415
5.8349
5.8926
5.8926
5.8926
5.986
6.0
6.0
6.0
6.0
6.0
6.0
6.0
6.0437
6.0437
6.1371
6.2882
6.3458
6.3817
6.3817
6.3817
6.4393
6.4393
6.4393
6.4393
6.4969
6.5904
6.5904
6.648
6.648
6.6838
6.7415
6.8349
6.8926
6.8926
6.986
7.0
7.1013
7.1371
7.2524
7.3458
7.3458
7.3817
7.3817
7.3817
7.4393
7.5327
7.5904
7.5904
7.648
7.648
7.7057
7.7057
7.7415
7.7415
7.7991
7.8349
7.8568
7.8926
7.8926
7.9502
7.9502
7.9502
8.0
8.0
8.0437
8.0437
8.0437
8.1013
8.1589
8.2882
8.31
8.4393
8.4969
8.4969
8.5546
8.6122
8.648
8.7057
8.7633
8.7991
8.8926
8.8926
8.9144
8.9144
8.9502
8.9502
9.0
9.0
9.0655
9.2166
9.31
9.3677
9.4969
9.5188
9.5188
9.648
9.6699
9.6699
9.7057
9.7991
9.8349
9.8349
9.8568
9.8568
9.9144
9.9144
9.9144
9.9502
9.9502
10.0079
10.0655
10.0655
10.1589
10.2166
10.2166
10.2166
10.31
10.4253
10.4253
10.4253
10.5188
10.5188
10.5188
10.5546
10.5764
10.5764
10.648
10.7275
10.8926
10.9144
10.972
11.0
11.1589
11.1808
11.4035
11.4253
11.4969
11.5188
11.6341
11.648
11.648
11.6699
11.821
11.8568
11.8786
11.8786
11.9144
11.972
12.0297
12.0655
12.0873
12.1371
12.1808
12.2166
12.2524
12.2742
12.2742
12.2882
12.3895
12.483
12.5188
12.5764
12.5764
12.5904
12.8786
12.9362
12.9362
12.972
12.972
12.9939
12.9939
13.0297
13.0873
13.1013
13.145
13.1948
13.2961
13.4611
13.483
13.5188
13.5982
13.5982
13.5982
13.6122
13.6341
13.6341
13.648
13.7493
13.7493
13.7493
13.8428
13.9144
13.9144
13.9362
13.9502
13.9939
14.0515
14.0515
14.0655
14.1013
14.145
14.2026
14.2961
14.2961
14.2961
14.2961
14.3319
14.3537
14.3895
14.3895
14.4253
14.4253
14.4253
14.4472
14.4611
14.483
14.5764
14.5982
14.648
14.6559
14.7275
14.7275
14.7493
14.807
14.8428
14.8568
14.8786
14.9144
14.9362
14.9581
14.9581
14.9581
14.9581
14.9581
14.9939
14.9939
15.0297
15.0437
15.1092
15.1808
15.1808
15.2026
15.2384
15.2603
15.2961
15.3319
15.3537
15.4472
15.4472
15.4969
15.5048
15.5982
15.6122
15.6559
15.6917
15.7135
15.7493
15.807
15.9004
15.9362
16.0515
16.0515
16.0515
16.2026
16.2961
16.3179
16.4113
16.4611
16.469
16.5048
16.5624
16.5624
16.5982
16.6201
16.6559
16.7135
16.7712
16.7712
16.807
16.807
16.807
16.9223
16.9581
16.9581
17.0515
17.2244
17.2244
17.2603
17.3179
17.3179
17.3537
17.3537
17.3755
17.3895
17.5266
17.5266
17.5266
17.5624
17.5624
17.7135
17.7275
17.7633
17.8428
17.8646
17.8786
17.9004
17.9223
17.9581
17.9581
17.9799
18.1808
18.2244
18.2244
18.2821
18.3179
18.3179
18.3755
18.4472
18.469
18.469
18.469
18.469
18.5266
18.5982
18.7712
18.807
18.9004
18.9581
19.0157
19.0375
19.0375
19.0515
19.0734
19.131
19.1668
19.2166
19.2244
19.2244
19.2384
19.3179
19.3397
19.3397
19.3397
19.4332
19.4908
19.6419
19.6419
19.6559
19.7275
19.7712
19.793
19.8288
19.8288
19.8646
19.8646
19.8865
19.8865
19.972
19.9799
20.0375
20.0952
20.1668
20.2821
20.4332
20.4332
20.4332
20.5406
20.6419
20.7135
20.7354
20.7493
20.793
20.8288
20.8506
20.8865
20.9441
21.0017
21.0017
21.0157
21.1528
21.1886
21.2384
21.2821
21.3039
21.3039
21.3397
21.3397
21.3397
21.3755
21.5485
21.5624
21.5843
21.6419
21.6777
21.6996
21.7572
21.9441
22.0157
22.0594
22.1528
22.1886
22.2105
22.3039
22.3397
22.3616
22.4908
22.4908
22.5485
22.6419
22.6637
22.6637
22.7572
22.7572
22.8288
22.8506
22.8865
22.9659
22.9659
23.0594
23.117
23.1528
23.2463
23.2681
23.3039
23.3755
23.455
23.5266
23.5485
23.6061
23.6996
23.6996
23.7135
23.7214
23.7572
23.8148
23.8725
23.9659
24.117
24.1528
24.2105
24.2681
24.2821
24.3039
24.3616
24.5127
24.5703
24.6061
24.6279
24.6996
24.7214
24.793
24.9659
25.0236
25.0812
25.1528
25.1747
25.2026
25.2105
25.2323
25.2463
25.2463
25.2681
25.3039
25.4113
25.4192
25.4192
25.4192
25.5127
25.5127
25.6279
25.6637
25.6856
25.6856
25.6856
25.6856
25.7214
25.8367
25.8725
25.9083
25.9659
25.9878
26.0017
26.0812
26.2899
26.3616
26.3834
26.3834
26.4192
26.4768
26.5127
26.5345
26.5485
26.5921
26.5982
26.6061
26.7354
26.7432
26.8367
26.9223
27.0734
27.117
27.1389
27.1528
27.1965
27.2323
27.2899
27.3039
27.3476
27.3755
27.5921
27.6279
27.7214
27.7432
27.8009
27.8009
27.8367
27.8367
27.8943
27.9301
28.0236
28.0454
28.103
28.1965
28.2899
28.3258
28.3258
28.441
28.441
28.441
28.5345
28.5345
28.5563
28.5921
28.6498
28.7074
28.7214
28.7432
28.7432
28.7712
28.8725
28.9301
29.1607
29.2541
29.2681
29.2899
29.4192
29.4629
29.4768
29.4768
29.5127
29.5345
29.5345
29.614
29.6856
29.7074
29.7214
29.7432
29.8367
29.8585
29.8585
29.9161
29.9161
30.0096
30.0672
30.0952
30.1607
30.1607
30.1747
30.1747
30.2183
30.2323
30.2541
30.2541
30.3694
30.3834
30.3834
30.441
30.4768
30.5205
30.5205
30.614
30.614
30.614
30.614
30.6419
30.6498
30.6716
30.6716
30.9161
30.9738
30.9878
31.0096
31.1607
31.2541
31.276
31.4768
31.5205
31.5781
31.6716
31.7292
31.779
31.8227
31.8943
31.9161
32.0236
32.0454
32.103
32.1965
32.276
32.276
32.3118
32.3118
32.3336
32.3694
32.3694
32.4271
32.4629
32.4847
32.4847
32.5205
32.5781
32.5781
32.614
32.7354
32.7869
32.7869
32.8943
33.0672
33.0812
33.103
33.1249
33.2402
33.276
33.3336
33.3336
33.3694
33.4052
33.614
33.6279
33.6934
33.7292
33.8227
33.8445
33.9738
34.0891
34.1965
34.3258
34.3336
34.441
34.4489
34.4629
34.4987
34.5781
34.6358
34.6716
34.6856
34.765
34.8227
34.8367
34.8445
34.8803
35.0533
35.103
35.2323
35.3476
35.3554
35.3913
35.4489
35.4629
35.5563
35.6
35.6576
35.6576
35.8087
35.8227
35.9598
35.9956
36.0533
36.0891
36.2043
36.2043
36.3336
36.3476
36.4131
36.4489
36.4489
36.6
36.6576
36.6934
36.7153
36.7153
36.7511
36.8087
36.8445
36.9956
37.0174
37.0174
37.0314
37.0533
37.0672
37.2043
37.262
37.3196
37.4489
37.4489
37.4847
37.5065
37.5642
37.6
37.6218
37.6358
37.7511
37.7729
37.8087
37.9022
37.9161
37.924
37.924
37.9598
37.9598
37.9956
38.0174
38.0314
38.0751
38.1109
38.1685
38.4707
38.4707
38.4847
38.5065
38.6795
38.6934
38.8664
38.938
38.9816
39.0314
39.2838
39.3196
39.3554
39.3554
39.3773
39.5642
39.6576
39.7371
39.8664
39.8882
39.9816
40.0174
40.0393
40.1109
40.1904
40.2402
40.3196
40.3336
40.3773
40.3913
40.4131
40.4926
40.4926
40.5205
40.5423
40.5423
40.586
40.586
40.586
40.6
40.6358
40.6795
40.6795
40.6795
40.7947
40.924
40.924
40.9458
40.9598
40.9816
40.9816
41.0174
41.0393
41.0751
41.1109
41.1904
41.248
41.248
41.3196
41.3991
41.4987
41.5642
41.6
41.6218
41.6795
41.7371
41.8524
41.8524
41.8524
41.8664
41.9458
41.9458
42.0751
42.0969
42.1546
42.1685
42.2838
42.3057
42.3196
42.3415
42.3991
42.4926
42.586
42.586
42.6078
42.6436
42.7013
42.7153
42.7589
42.7589
42.7947
42.8664
42.91
42.9458
43.0969
43.2122
43.248
43.3991
43.4567
43.5065
43.5642
43.6078
43.6436
43.7013
43.7371
43.7589
43.7589
43.7589
43.8166
43.8166
44.0035
44.0751
44.0969
44.1546
44.2122
44.2122
44.2698
44.3196
44.3991
44.4131
44.5502
44.572
44.572
44.7013
44.7231
44.7589
44.7589
44.9458
44.9458
44.9677
45.0035
45.0969
45.2262
45.3196
45.3773
45.3991
45.4567
45.572
45.6655
45.7589
45.7589
45.8742
45.9677
45.9816
46.1764
46.1764
46.1904
46.2262
46.248
46.2838
46.3633
46.3851
46.5144
46.5362
46.6218
46.6297
46.6436
46.6655
46.6873
46.6873
46.7808
46.7808
46.7808
46.8166
46.8166
46.9319
46.9458
46.9895
47.0393
47.0829
47.0829
47.1764
47.2122
47.2698
47.2917
47.3415
47.5284
47.6297
47.6655
47.6873
47.7231
47.745
47.8166
47.8384
47.8384
47.91
47.9319
47.9319
48.0471
48.0829
48.1406
48.1546
48.1904
48.2122
48.234
48.2698
48.2698
48.4209
48.4209
48.4567
48.4786
48.4786
48.5004
48.5362
48.5502
48.572
48.5939
48.6218
48.7013
48.745
48.745
48.8166
48.8384
48.91
49.0471
49.0829
49.1048
49.1406
49.1982
49.2122
49.2917
49.2917
49.407
49.4209
49.4786
49.5581
49.572
49.6297
49.6515
49.6873
49.745
49.8026
49.8026
49.8166
49.91
49.9537
49.9895
50.0969
50.1764
50.2917
50.3135
50.3135
50.3493
50.407
50.407
50.4428
50.4428
50.572
50.5939
50.6157
50.6297
50.6515
50.6515
50.745
50.745
50.7808
50.8026
50.8524
51.0113
51.0113
51.0829
51.1048
51.1624
51.1982
51.3493
51.4209
51.4428
51.4428
51.7091
51.745
51.7808
51.8026
51.8166
51.8602
51.896
52.0471
52.0829
52.1048
52.1188
52.2201
52.234
52.3135
52.3851
52.4288
52.4428
52.4646
52.5004
52.5004
52.5222
52.5362
52.6515
52.731
52.896
52.9179
52.9319
52.9895
53.0113
53.0332
53.0332
53.1764
53.1764
53.2917
53.3712
53.4288
53.4428
53.4646
53.5222
53.5362
53.5799
53.6157
53.6157
53.6375
53.6375
53.7808
53.7886
53.8244
53.8244
53.8384
53.8384
53.8602
53.8602
53.8742
53.91
53.9179
53.9397
54.0113
54.0113
54.0332
54.1406
54.1624
54.2777
54.2777
54.4349
54.4646
54.4864
54.5222
54.5799
54.6157
54.6157
54.6157
54.6375
54.6733
54.6733
54.731
54.7886
54.8244
54.8463
54.8463
54.8821
54.9537
55.069
55.069
55.2201
55.234
55.2419
55.2559
55.2995
55.3353
55.3493
55.393
55.393
55.4506
55.4646
55.5222
55.6952
55.7668
55.8821
55.9179
55.9397
55.9755
55.9895
55.9974
56.1484
56.1843
56.2201
56.3353
56.3572
56.3572
56.3572
56.393
56.4646
56.4864
56.5083
56.5222
56.6594
56.6594
56.6733
56.6952
56.6952
56.745
56.7668
56.7668
56.8244
56.8244
56.8463
56.9179
56.9397
56.9974
56.9974
57.0332
57.055
57.069
57.0908
57.1126
57.1484
57.1484
57.1484
57.2559
57.2777
57.2995
57.3572
57.393
57.4148
57.4428
57.5083
57.5222
57.5222
57.5659
57.6733
57.6952
57.731
57.9039
57.9179
58.0192
58.055
58.0908
58.1126
58.1484
58.2637
58.2637
58.3214
58.3214
58.3214
58.4148
58.4506
58.4646
58.5083
58.5659
58.5799
58.6157
58.6236
58.6594
58.6733
58.717
58.717
58.8681
58.8681
58.8681
58.8681
58.9974
59.0192
59.0192
59.0768
59.0768
59.1484
59.379
59.393
59.4725
59.5083
59.5083
59.5441
59.5441
59.6236
59.7091
59.717
59.731
59.8105
59.8323
59.8681
59.9039
59.9039
59.9257
59.9615
59.9615
60.0768
60.1126
60.1624
60.1703
60.2995
60.379
60.393
60.4288
60.4506
60.4725
60.5301
60.5441
60.5877
60.8899
60.9039
60.9615
60.9615
60.9615
60.9895
61.0192
61.0192
61.0192
61.041
61.1266
61.2637
61.2856
61.3353
61.3572
61.4366
61.4366
61.4943
61.5083
61.5083
61.5301
61.5877
61.7388
61.7528
61.7965
61.8105
61.8681
61.9834
61.9974
62.0192
62.0192
62.1126
62.2497
62.2637
62.4366
62.5083
62.5659
62.6236
62.6812
62.703
62.7388
62.7886
62.8681
62.8899
62.8899
63.0768
63.3074
63.379
63.4008
63.4585
63.4725
63.5301
63.5519
63.6096
63.6096
63.6454
63.6812
63.7965
63.7965
63.8541
63.8541
63.8541
63.8681
63.8899
63.8899
64.1563
64.1624
64.1921
64.1921
64.2497
64.2497
64.2497
64.2497
64.3074
64.365
64.365
64.379
64.379
64.4008
64.4008
64.4943
64.5161
64.5519
64.5877
64.6096
64.6236
64.6594
64.6672
64.6952
64.717
64.7607
64.7965
64.8183
64.8541
64.9118
64.9834
65.0629
65.1345
65.1345
65.2139
65.2497
65.2497
65.4227
65.4585
65.5161
65.5519
65.5519
65.6454
65.6672
65.7388
65.7965
65.8183
65.8183
65.8541
65.8759
65.9476
66.1205
66.1563
66.1563
66.1781
66.1781
66.1921
66.2497
66.3074
66.365
66.379
66.4227
66.6096
66.6454
66.6672
66.6672
66.6812
66.6812
66.7825
66.7965
66.8183
66.8183
66.8183
66.9118
66.9336
67.041
67.1563
67.1781
67.1921
67.2497
67.2497
67.2497
67.3074
67.3292
67.365
67.3869
67.3869
67.4227
67.5738
67.6236
67.6314
67.6314
67.6314
67.6672
67.689
67.7607
67.7965
67.8899
67.9118
67.9476
67.9834
68.027
68.027
68.0847
68.0987
68.1205
68.1423
68.2856
68.3074
68.3292
68.4227
68.4585
68.4803
68.5161
68.6454
68.6672
68.689
68.703
68.7825
68.8323
68.8541
68.8759
68.9476
68.9476
68.9694
68.9912
68.9912
69.0489
69.0489
69.0629
69.1345
69.1423
69.1781
69.1781
69.2358
69.2716
69.2934
69.2934
69.3074
69.3511
69.3511
69.4008
69.4803
69.5021
69.538
69.5738
69.5956
69.6096
69.6314
69.6532
69.7965
69.8401
69.8759
69.8759
69.9476
69.9554
69.9554
69.9694
70.1065
70.1205
70.2358
70.2934
70.365
70.4087
70.4227
70.4445
70.4585
70.4803
70.5738
70.5738
70.689
70.7109
70.7607
70.9336
70.9554
70.9554
70.9912
71.0131
71.0489
71.1065
71.1065
71.1065
71.1205
71.1205
71.1642
71.2576
71.2576
71.2934
71.4087
71.4445
71.4663
71.5021
71.5161
71.5956
71.6532
71.689
71.7109
71.7467
71.7467
71.7825
71.8043
71.862
71.862
71.8978
71.9554
72.0131
72.0131
72.0489
72.2
72.2218
72.2358
72.2358
72.2856
72.3152
72.3152
72.3869
72.4087
72.4087
72.4087
72.5021
72.5598
72.6751
72.7685
72.862
73.0131
73.0489
73.2
73.2
73.2
73.2218
73.2358
73.2576
73.3152
73.3729
73.3869
73.4445
73.4663
73.4663
73.524
73.538
73.5956
73.6174
73.6174
73.6174
73.6174
73.7109
73.7109
73.7249
73.7327
73.7685
73.8043
73.862
73.8759
73.8838
73.8838
73.9196
73.9554
74.0131
74.0131
74.0707
74.0707
74.1423
74.2218
74.2218
74.2794
74.2794
74.3152
74.3152
74.3371
74.3729
74.4087
74.4305
74.4882
74.524
74.524
74.5816
74.6174
74.7109
74.7327
74.7685
74.8838
74.8838
74.8838
75.2436
75.2794
75.3371
75.3511
75.3729
75.3729
75.4882
75.4882
75.4882
75.4943
75.5458
75.5816
75.5956
75.6393
75.7249
75.7904
75.8401
75.9554
75.9773
76.0925
76.1065
76.1423
76.1642
76.2436
76.2716
76.2794
76.2794
76.2794
76.3013
76.3947
76.4087
76.4882
76.5458
76.5458
76.5816
76.5816
76.5956
76.6035
76.6174
76.6532
76.6969
76.6969
76.7545
76.7904
76.848
76.9414
76.9554
76.9773
76.9991
76.9991
76.9991
77.0131
77.0349
77.0349
77.0925
77.1642
77.2218
77.2358
77.2794
77.2794
77.3013
77.3371
77.3947
77.6393
77.6969
77.7545
77.7545
77.862
77.9414
78.0567
78.0567
78.1065
78.1144
78.1144
78.1283
78.1502
78.2655
78.3371
78.3589
78.4305
78.4524
78.4524
78.4663
78.51
78.5598
78.5816
78.6393
78.6611
78.6751
78.7545
78.7685
78.8698
79.0209
79.0209
79.0209
79.0925
79.1502
79.186
79.186
79.2436
79.2436
79.2794
79.4165
79.51
79.51
79.5458
79.5676
79.6035
79.6611
79.6611
79.848
79.862
79.9196
79.9196
79.9633
80.0209
80.0925
80.1144
80.2297
80.3807
80.4165
80.4663
80.4742
80.4882
80.5458
80.5816
80.6035
80.7187
80.848
80.9056
80.9275
80.9633
80.9851
80.9991
81.1362
81.1362
81.1502
81.172
81.2297
81.2873
81.4165
81.4384
81.4524
81.51
81.51
81.5895
81.6829
81.7764
81.8917
81.9275
81.9275
81.9633
82.0209
82.1362
82.1938
82.2078
82.2297
82.4165
82.4384
82.51
82.5676
82.6253
82.7406
82.7764
82.9414
82.9851
83.0428
83.1144
83.1362
83.2515
83.3589
83.4026
83.4384
83.496
83.5895
83.7982
83.7982
83.9275
84.1362
84.158
84.158
84.172
84.1938
84.2297
84.2515
84.3091
84.4384
84.4384
84.51
84.5537
84.6113
84.6829
84.7624
84.7624
84.7982
84.9135
84.9275
85.0646
85.1144
85.2078
85.2873
85.3449
85.4026
85.5179
85.6113
85.7406
85.82
85.8559
85.9135
85.9493
85.9493
85.9711
86.1222
86.1222
86.1362
86.2515
86.2733
86.3449
86.3589
86.496
86.7048
86.7266
86.8777
87.0288
87.0288
87.0646
87.1222
87.1222
87.1799
87.2515
87.3449
87.482
87.5537
87.7048
87.8777
87.9493
88.0288
88.3091
88.3668
88.4244
88.4244
88.482
88.5179
88.6331
88.6471
88.669
88.82
88.82
88.8419
89.0864
89.1799
89.2375
89.2952
89.331
89.3668
89.3807
89.4462
89.4462
89.4602
89.5397
89.7484
89.7624
89.7982
89.7982
89.8419
90.0506
90.158
90.2873
90.3091
90.3091
90.4244
90.4462
90.5755
90.5973
90.5973
90.6113
90.6331
90.655
90.655
90.669
90.7266
90.7266
90.7484
90.7842
90.8061
90.8917
90.9353
90.9572
91.1082
91.1082
91.1441
91.2017
91.2157
91.2297
91.2515
91.331
91.4104
91.7842
91.8061
91.8061
91.8637
92.0288
92.1082
92.1082
92.2017
92.3528
92.482
92.5537
92.5615
92.5615
92.655
92.669
92.7703
92.9353
93.1082
93.1082
93.1082
93.1659
93.1659
93.5257
93.5257
93.8061
93.8637
94.0724
94.1441
94.2235
94.2952
94.5257
94.7345
94.8061
95.0366
95.0724
95.1659
95.1877
95.2235
95.3746
95.4899
95.7921
95.7921
95.7921
96.0366
96.0506
96.3388
96.3886
96.641
96.7345
96.8279
96.8855
96.9432
97.0724
97.1301
97.2454
97.2454
97.303
97.3388
97.3388
97.3746
97.4541
97.641
97.6986
97.7563
97.7563
98.2096
98.303
98.317
98.3606
98.3668
98.5475
98.6628
98.6628
98.6768
98.8139
99.0008
99.1161
99.2672
99.4183
99.4183
99.4541
99.5117
99.641
99.7205
99.7921
99.8716
99.993
100.0008
100.1161
100.1519
100.1659
100.1737
100.4183
100.7205
100.7345
100.8497
100.9292
100.9292
100.979
101.0227
101.2096
101.5117
101.5694
101.641
101.655
101.7781
101.8358
101.9074
101.9292
101.965
101.9868
101.9868
102.0148
102.0585
102.1161
102.1519
102.2314
102.2593
102.2672
102.289
102.289
102.4183
102.4401
102.4541
102.4899
102.5336
102.5694
102.8934
103.0227
103.1379
103.2672
103.4541
103.4978
103.5912
103.7999
103.8139
103.8358
103.8934
103.9868
104.2096
104.5554
104.6489
104.6847
104.7423
104.7423
104.8061
104.8576
104.8716
105.0227
105.1598
105.3109
105.3109
105.4978
105.5912
105.7641
105.8934
105.9152
106.0663
106.2174
106.2174
106.3606
106.3685
106.3685
106.4043
106.6628
106.965
107.2174
107.2174
107.2532
107.3109
107.3109
107.3685
107.4183
107.4261
107.462
107.6707
107.8794
107.9729
108.0305
108.1379
108.1816
108.3248
108.4261
108.4541
108.462
108.462
108.7283
108.7641
109.0882
109.1379
109.2532
109.3685
109.6628
109.7423
109.7999
109.8576
109.9947
110.3685
110.3903
110.448
110.462
110.5912
110.8358
110.9729
111.1458
111.2034
111.3545
111.5196
111.5772
111.6349
111.6567
111.7283
111.8078
111.8436
111.9589
111.9947
112.3109
112.3825
112.4122
112.5414
112.6567
112.8654
113.0165
113.4838
113.5056
113.6925
114.0165
114.0882
114.0882
114.3187
114.3764
114.5056
114.772
115.2611
115.2969
115.3545
115.434
115.448
115.5851
115.5991
115.6925
115.8078
115.8873
115.9013
116.2253
116.3903
116.6925
116.7502
116.786
116.7938
116.8078
116.9947
117.2253
118.0384
118.8078
119.3624
119.3764
119.6567
119.6646
119.7362
119.9013
119.9668
120.0742
120.1178
120.1458
120.3406
120.3982
120.448
120.5135
120.6069
120.9013
120.9091
120.9668
121.1755
121.2689
121.3764
121.9091
121.9309
122.3266
122.3266
122.3406
122.5353
122.8157
122.9807
122.9886
123.3047
123.5275
123.5353
123.7222
123.744
123.8375
124.1397
124.3047
124.4558
124.4995
125.1973
125.1973
125.3842
125.4061
125.4061
125.7798
125.8593
126.3126
126.744
126.8733
126.9668
127.2908
127.4061
127.5213
127.6288
127.6506
127.8593
127.9886
128.1257
128.2191
128.3702
128.4279
128.4279
128.579
128.6288
128.7082
129.7659
129.9528
130.6864
130.7301
130.8454
130.8951
130.9964
131.0104
131.2191
131.3702
131.3842
132.3126
132.3563
132.5074
132.579
132.579
132.6008
132.7798
132.9606
133.1615
133.2628
133.3047
133.3921
133.4139
133.6008
133.6008
133.6584
133.6584
134.1694
134.3563
134.5571
134.744
134.903
135.1833
135.4715
135.6008
135.903
135.9248
135.9606
136.0759
136.1694
136.2052
136.2628
136.2986
136.7379
136.8157
137.4934
137.5929
137.6008
138.0899
138.1336
138.3423
138.5868
138.9467
139.0401
139.1336
139.1912
139.9108
140.227
140.565
140.6087
140.6226
140.6584
140.7956
141.0759
141.551
141.6663
142.0183
142.0261
142.3283
142.3641
142.6803
142.6803
142.7239
142.7379
142.8174
142.8314
142.9108
143.227
143.386
143.8392
144.2349
144.4436
144.6881
145.1414
145.1414
145.3641
145.4794
145.5012
145.5728
145.7598
145.8034
146.4078
146.4078
146.537
146.5947
146.9327
147.0401
147.1196
147.3641
147.4654
147.4794
147.8532
148.0838
148.2707
148.7676
148.8253
148.8253
149.0838
149.3143
149.5231
149.71
149.8392
150.1274
150.8253
151.0838
151.1772
151.372
151.8034
151.8471
151.9405
152.4296
152.4436
152.7894
152.9405
152.9982
153.1851
153.9624
153.9685
154.7318
154.9545
155.034
157.9842
158.7458
158.9624
159.0121
159.0418
159.3938
159.4017
159.6462
159.9266
160.1711
160.4951
161.1353
161.3222
161.4593
161.9702
162.1929
162.2287
162.358
162.6244
162.7257
162.8113
163.0418
163.1213
163.2148
164.6104
164.9126
165.1213
165.1431
165.2645
165.4453
165.6462
167.3877
167.8191
167.9562
168.8628
169.6899
169.8191
169.8628
170.4095
170.503
170.6759
170.9204
171.1073
173.4532
173.7554
175.2803
175.4532
176.2226
176.5466
176.5685
176.6183
177.5327
178.0357
178.2086
179.827
179.9781
180.5903
181.0078
182.0139
182.5685
182.5903
184.4034
184.5763
185.7056
187.6558
188.958
189.8645
190.1667
191.0654
191.6043
192.3396
192.9798
193.1886
193.2243
194.296
196.5265
196.7353
198.5344
199.592
199.6855
201.5842
203.268
203.4409
206.6933
207.6357
207.9021
208.5781
208.8008
210.7868
211.075
211.1685
212.103
212.1108
212.8086
212.8881
217.075
218.0252
218.723
219.0829
220.3414
221.3492
224.1405
224.2339
225.5361
228.5798
231.1842
239.4942
240.3649
243.0269
274.468
274.9868
276.7422
276.8715
284.4619
307.0383
323.537
417.8103
