3.0
3.0
3.0
3.0
3.0
3.0
3.0
3.0
3.0
3.0
3.0
3.0
3.0
3.0
3.0
3.0
3.0
3.0
3.0
3.0
3.0
3.0
3.0
3.0
3.0
3.0
3.0
3.0
3.0
3.0
3.0
3.0
3.0
3.0
3.0
3.0
3.0
3.0
3.0
3.0
3.0
3.0
3.0
3.0
3.0
3.0
3.0
3.0
3.0
3.0
3.0
3.0
3.0
3.0
3.0
3.0
3.0
3.0
3.0
3.0
3.0
3.0
3.0
3.0
3.0
3.0
3.0
3.0
3.0
3.0
3.0
3.0
3.0
3.0
3.0
3.0
3.0
3.0
3.0
3.0
3.0
3.0
3.0
3.0
3.0
3.0
3.0
3.0
3.0
3.0
3.0
3.0
3.0
3.0
3.0
3.0
3.0
3.0
3.0
3.0
3.0
3.0
3.0
3.0
3.0
3.0
3.0
3.0
3.0
3.0
3.0
3.0
3.0
3.0
3.0
3.0
3.0
3.0
3.0
3.0
3.0
3.0
3.0
3.0
3.0
3.0
3.0
3.0
3.0
3.0
3.0
3.0
3.0
3.0
3.0
3.0
3.0
3.0
3.0
3.0
3.0
3.0
3.0
3.0
3.0
3.0
3.0
3.0
3.0
3.0
3.0
3.0
3.0
3.0
3.0
3.0
3.0
3.0
3.0
3.0
3.0
3.0
3.0
3.0
3.0
3.0
3.0
3.0
3.0
3.0
3.0
3.0
3.0
3.0
3.0
3.0
3.0
3.0
3.0
3.0
3.0
4.0
4.0
4.0
4.0
4.0
4.0
4.0
4.0
4.0
4.0
4.0
4.0
4.0
4.0
4.0
4.0
4.0
4.0
4.0
4.0
4.0
4.0
4.0
4.0
4.0
4.0
4.0
4.0
4.0
4.0
4.0
4.0
4.0
4.0
4.0
4.0
4.0
4.0
4.0
4.0
4.0
4.0
4.0
4.0
4.0
4.0
4.0
4.0
4.0
4.0
4.0
4.0
4.0
4.0
4.0
4.0
4.0
4.0
4.0
4.0
4.0
4.0
4.0
4.0
4.0
4.0
4.0
4.0
4.0
4.0
4.0
4.0
4.0
4.0
4.0
4.0
4.0
4.0
4.0
4.0
4.0
4.0
4.0
4.0
4.0
4.0
4.0
4.0
4.0
4.0
4.0
4.0
4.0
4.0
4.0
4.0
4.0
4.0
4.0
4.0
4.0
4.0
4.0
4.0
4.0
4.0
4.0
4.0
4.0
4.0
4.0
4.0
4.0
4.0
4.0
4.0
4.0
4.0
4.0
4.0
4.0
4.0
4.0
4.0
4.0
4.0
4.0
4.0
4.0
4.0
4.0
4.0
4.0
4.0
4.0
4.0
4.0
4.0
4.0
4.0
4.0
4.0
4.0
4.0
4.0
4.0
4.0
4.0
4.0
4.0
4.0
4.0
4.3752
4.5261
4.7147
4.7147
4.7147
4.8655
4.941
5.0
5.0
5.0
5.0
5.0
5.0
5.0
5.0
5.0
5.0
5.0
5.0
5.0
5.0
5.0
5.0
5.0
5.0
5.0
5.0
5.0
5.0
5.0
5.0
5.0
5.0
5.0
5.0
5.0
5.0
5.0
5.0
5.0
5.0
5.0
5.0
5.0
5.0
5.0
5.0
5.0
5.0
5.0
5.0
5.0
5.0
5.0
5.0
5.0
5.0
5.0
5.0
5.0
5.0
5.0
5.0
5.0
5.0
5.0
5.0
5.0
5.0
5.0
5.0
5.0
5.0
5.0
5.0
5.0
5.0
5.0
5.0
5.0
5.0
5.0
5.0
5.0
5.0
5.0
5.0
5.0
5.0
5.0
5.0
5.0
5.0
5.0
5.0
5.0
5.0
5.0
5.0
5.0
5.0
5.0
5.0
5.0
5.0
5.0
5.0
5.0
5.0
5.0
5.0
5.0
5.0
5.0
5.0
5.0
5.0
5.0
5.0
5.0
5.0
5.0
5.0
5.0
5.0
5.0
5.0
5.0
5.0
5.0
5.0
5.0
5.0
5.0
5.0
5.0
5.0
5.0
5.0
5.0
5.0
5.0
5.0
5.0
5.0
5.0
5.0
5.0
5.0
5.0
5.0
5.0
5.0
5.0
5.0
5.0
5.0
5.0541
5.2998
5.469
5.5261
5.6576
5.733
5.7901
5.8655
6.0
6.0
6.0
6.0
6.0
6.0
6.0
6.0
6.0
6.0
6.0
6.0
6.0
6.0
6.0
6.0
6.0
6.0
6.0
6.0
6.0
6.0
6.0
6.0
6.0
6.0
6.0
6.0
6.0
6.0
6.0
6.0
6.0
6.0
6.0
6.0
6.0
6.0
6.0
6.0
6.0
6.0
6.0
6.0
6.0
6.0
6.0
6.0
6.0
6.0
6.0
6.0
6.0
6.0
6.0
6.0
6.0
6.0
6.0
6.0
6.0
6.0
6.0
6.0
6.0
6.0
6.0
6.0
6.0
6.0
6.0
6.0
6.0
6.0
6.0
6.0
6.0
6.0
6.0
6.0
6.0
6.0
6.0
6.0
6.0
6.0
6.0
6.0
6.0
6.0
6.0
6.0
6.0
6.0
6.0
6.0
6.0
6.0
6.0
6.0
6.0
6.0
6.0
6.0
6.0
6.0
6.0
6.0
6.0
6.0348
6.0541
6.0918
6.2233
6.2998
6.3375
6.3375
6.3558
6.4119
6.4129
6.4506
6.4506
6.4883
6.5261
6.6769
6.7524
6.7524
6.8085
6.8655
6.9022
6.9032
6.9787
7.0
7.0
7.0
7.0
7.0
7.0
7.0
7.0
7.0
7.0
7.0
7.0
7.0
7.0
7.0
7.0
7.0
7.0
7.0
7.0
7.0
7.0
7.0
7.0
7.0
7.0
7.0
7.0
7.0
7.0
7.0
7.0
7.0
7.0
7.0
7.0
7.0
7.0
7.0
7.0
7.0
7.0
7.0
7.0
7.0
7.0
7.0
7.0
7.0
7.0
7.0
7.0
7.0
7.0
7.0
7.0
7.0
7.0
7.0
7.0
7.0
7.0
7.0
7.0
7.0
7.0
7.0
7.0
7.0
7.0
7.0
7.0
7.0
7.0
7.0
7.0
7.0
7.0
7.0
7.0
7.0
7.0
7.0
7.0
7.0
7.0
7.0
7.0164
7.0541
7.0725
7.0725
7.0918
7.1286
7.1295
7.1673
7.205
7.2804
7.3181
7.3365
7.3752
7.4119
7.4496
7.4506
7.4506
7.6759
7.6769
7.8085
7.941
7.9583
7.997
7.997
8.0
8.0
8.0
8.0
8.0
8.0
8.0
8.0
8.0
8.0
8.0
8.0
8.0
8.0
8.0
8.0
8.0
8.0
8.0
8.0
8.0
8.0
8.0
8.0
8.0
8.0
8.0
8.0
8.0
8.0
8.0
8.0
8.0
8.0
8.0
8.0
8.0
8.0
8.0
8.0
8.0
8.0
8.0
8.0
8.0
8.0
8.0
8.0
8.0
8.0
8.0
8.0
8.0
8.0
8.0
8.0
8.0
8.0
8.0
8.0
8.0
8.0
8.0
8.0
8.0
8.0
8.0
8.0
8.0
8.0
8.0
8.0
8.0
8.0
8.0
8.0
8.0
8.0
8.0
8.0154
8.1286
8.1846
8.2804
8.2998
8.3181
8.3732
8.3742
8.3752
8.3936
8.4129
8.4129
8.4129
8.4883
8.4883
8.5251
8.5618
8.5638
8.5638
8.5812
8.6015
8.6189
8.6392
8.6566
8.6576
8.6943
8.7137
8.8258
8.9032
8.9206
8.9216
8.9583
8.9787
9.0
9.0
9.0
9.0
9.0
9.0
9.0
9.0
9.0
9.0
9.0
9.0
9.0
9.0
9.0
9.0
9.0
9.0
9.0
9.0
9.0
9.0
9.0
9.0
9.0
9.0
9.0
9.0
9.0
9.0
9.0
9.0
9.0
9.0
9.0
9.0
9.0
9.0
9.0
9.0
9.0
9.0
9.0
9.0
9.0
9.0
9.0
9.0
9.0
9.0
9.0
9.0
9.0
9.0
9.0
9.0
9.0
9.0
9.0
9.0
9.0
9.0
9.0
9.0
9.0
9.0
9.0
9.0
9.0
9.0
9.0
9.0
9.0
9.0
9.0
9.0
9.0
9.0
9.0
9.0
9.0
9.0154
9.0164
9.0164
9.0338
9.0521
9.0541
9.0541
9.0918
9.1286
9.1673
9.1846
9.1846
9.203
9.2407
9.2998
9.2998
9.2998
9.3181
9.3558
9.3752
9.3752
9.4129
9.4129
9.4496
9.4506
9.4864
9.5057
9.5261
9.5444
9.5628
9.5628
9.5638
9.5638
9.7901
9.8075
9.8268
9.8645
9.8655
9.9216
9.941
9.9951
10.0
10.0
10.0
10.0
10.0
10.0
10.0
10.0
10.0
10.0
10.0
10.0
10.0
10.0
10.0
10.0
10.0
10.0
10.0
10.0
10.0
10.0
10.0
10.0
10.0
10.0
10.0
10.0
10.0
10.0
10.0
10.0
10.0
10.0
10.0
10.0
10.0
10.0
10.0
10.0
10.0
10.0
10.0
10.0
10.0
10.0
10.0
10.0541
10.1092
10.1102
10.1286
10.1653
10.1856
10.2214
10.2233
10.2233
10.2427
10.2611
10.2804
10.2998
10.3171
10.3345
10.3375
10.3752
10.3916
10.3926
10.4303
10.4506
10.5067
10.5261
10.5261
10.5444
10.5628
10.6382
10.6566
10.6769
10.7117
10.7524
10.7871
10.7901
10.8075
10.8829
10.9216
10.9757
11.0
11.0
11.0
11.0
11.0
11.0
11.0
11.0
11.0
11.0
11.0
11.0
11.0
11.0
11.0
11.0
11.0
11.0
11.0
11.0
11.0
11.0
11.0
11.0
11.0
11.0
11.0
11.0
11.0
11.0
11.0
11.0
11.0
11.0
11.0
11.0
11.0
11.0
11.0
11.0
11.0
11.0
11.0
11.0
11.0
11.0
11.0
11.0
11.0
11.0
11.0
11.0144
11.0164
11.0348
11.0348
11.0541
11.2224
11.2417
11.2611
11.2804
11.2804
11.2998
11.3171
11.3181
11.3926
11.4496
11.469
11.4854
11.5251
11.5628
11.675
11.6933
11.7147
11.7697
11.7871
11.7901
11.8432
11.8839
11.9032
11.9196
11.938
11.9777
12.0
12.0
12.0
12.0
12.0
12.0
12.0
12.0
12.0
12.0
12.0
12.0
12.0
12.0
12.0
12.0
12.0
12.0
12.0
12.0
12.0
12.0
12.0
12.0
12.0
12.0
12.0
12.0
12.0
12.0
12.0
12.0
12.0
12.0
12.0
12.0
12.0
12.0
12.0
12.0
12.0
12.0
12.0
12.0
12.0
12.0
12.0
12.0154
12.0164
12.1663
12.1856
12.203
12.2417
12.2427
12.2784
12.2988
12.2998
12.3365
12.3539
12.3742
12.3742
12.4119
12.4129
12.4313
12.4506
12.4506
12.469
12.4854
12.5047
12.5618
12.5812
12.5821
12.6005
12.6005
12.6015
12.6015
12.6382
12.6546
12.6556
12.6759
12.6933
12.6953
12.7147
12.731
12.731
12.7707
12.7901
12.7901
12.8075
12.8085
12.8278
12.8452
12.8616
12.8655
13.0
13.0
13.0
13.0
13.0
13.0
13.0
13.0
13.0
13.0
13.0
13.0
13.0
13.0
13.0
13.0
13.0
13.0
13.0
13.0
13.0
13.0
13.0
13.0
13.0
13.0
13.0
13.0
13.0
13.0
13.0
13.0
13.0
13.0
13.0
13.0
13.0
13.0
13.0
13.0
13.0
13.0
13.0
13.0
13.0
13.0318
13.0541
13.0695
13.1092
13.1459
13.1836
13.2427
13.2998
13.2998
13.3355
13.3752
13.3752
13.3906
13.3916
13.4109
13.4129
13.4487
13.4506
13.4844
13.4883
13.4883
13.5047
13.5067
13.5261
13.5444
13.5618
13.5628
13.5628
13.5638
13.5821
13.5975
13.6005
13.6372
13.6769
13.732
13.7688
13.8239
13.8278
13.8452
13.8462
13.8462
13.8616
13.8655
13.9206
13.94
13.941
13.9767
13.9787
13.9787
14.0
14.0
14.0
14.0
14.0
14.0
14.0
14.0
14.0
14.0
14.0
14.0
14.0
14.0
14.0
14.0
14.0
14.0
14.0
14.0
14.0
14.0
14.0
14.0
14.0
14.0
14.0
14.0
14.0
14.0
14.0164
14.0502
14.0521
14.1643
14.1663
14.1663
14.1827
14.202
14.2224
14.2224
14.2794
14.2804
14.2998
14.3375
14.3732
14.41
14.4506
14.468
14.468
14.5037
14.5067
14.5251
14.5415
14.5434
14.5802
14.5812
14.5985
14.6363
14.6382
14.6556
14.7107
14.7147
14.732
14.7514
14.7524
14.7881
14.8462
14.8655
14.9032
14.9216
14.9216
14.9564
14.9737
14.9767
14.997
15.0
15.0
15.0
15.0
15.0
15.0
15.0
15.0
15.0
15.0
15.0
15.0
15.0
15.0
15.0
15.0
15.0
15.0
15.0
15.0
15.0
15.0
15.0
15.0
15.0
15.0
15.0
15.0
15.0
15.0
15.0
15.0154
15.0164
15.0328
15.0348
15.0918
15.1266
15.1469
15.1479
15.1836
15.1846
15.204
15.2407
15.2417
15.2591
15.2611
15.2774
15.2794
15.2804
15.2998
15.2998
15.3181
15.3345
15.3375
15.3375
15.3752
15.3752
15.3916
15.3936
15.408
15.41
15.4129
15.4303
15.4506
15.4506
15.4874
15.4883
15.5057
15.5057
15.5221
15.5231
15.5405
15.6392
15.6392
15.6536
15.6576
15.6576
15.6953
15.7658
15.7678
15.7891
15.7901
15.7901
15.7901
15.8268
15.8626
15.8635
15.9186
15.941
15.941
16.0
16.0
16.0
16.0
16.0
16.0
16.0
16.0
16.0
16.0
16.0
16.0
16.0
16.0
16.0
16.0
16.0
16.0
16.0
16.0154
16.0164
16.0308
16.0502
16.0541
16.0889
16.0918
16.1449
16.1663
16.1846
16.202
16.203
16.2194
16.2224
16.2233
16.2988
16.2998
16.2998
16.3162
16.3181
16.3181
16.3365
16.3742
16.3896
16.409
16.4119
16.4313
16.4506
16.5047
16.5261
16.5261
16.5444
16.5638
16.5966
16.6005
16.6159
16.6159
16.6199
16.6199
16.6556
16.733
16.8075
16.8075
16.8258
16.8442
16.8645
16.8839
16.9186
16.9206
16.941
16.9777
17.0
17.0
17.0
17.0
17.0
17.0
17.0
17.0
17.0
17.0
17.0
17.0
17.0
17.0
17.0
17.0
17.0
17.0
17.0
17.0
17.0
17.0
17.0
17.0
17.0
17.0124
17.0144
17.0502
17.0675
17.0685
17.1052
17.1836
17.205
17.2194
17.2774
17.2784
17.2998
17.3316
17.3529
17.3732
17.3752
17.3936
17.409
17.409
17.4119
17.4487
17.467
17.469
17.4834
17.4874
17.4883
17.5444
17.5618
17.5638
17.5966
17.6005
17.6015
17.6149
17.674
17.6759
17.7087
17.733
17.7658
17.8075
17.8278
17.8442
17.8626
17.9022
17.941
17.941
17.9787
17.9787
18.0
18.0
18.0
18.0
18.0
18.0
18.0
18.0
18.0
18.0
18.0
18.0
18.0
18.0
18.0
18.0
18.0
18.0
18.0
18.0
18.0
18.0
18.0
18.0
18.0918
18.1286
18.1295
18.143
18.143
18.144
18.1643
18.1643
18.1643
18.1663
18.1663
18.2
18.2194
18.2224
18.2233
18.2417
18.2417
18.2804
18.2928
18.3132
18.3752
18.3752
18.3886
18.467
18.469
18.4844
18.5037
18.5057
18.5251
18.5385
18.5395
18.5434
18.5608
18.5638
18.5821
18.6199
18.6353
18.6576
18.672
18.6923
18.6953
18.7087
18.7301
18.7668
18.8809
18.8829
18.9003
18.9032
18.9216
18.941
18.9573
19.0
19.0
19.0
19.0
19.0
19.0
19.0
19.0
19.0
19.0
19.0
19.0
19.0
19.0
19.0
19.0
19.0
19.0
19.0
19.0
19.0
19.0
19.0
19.0
19.0
19.0164
19.0288
19.0502
19.1276
19.1286
19.1449
19.1469
19.1633
19.2417
19.2581
19.2611
19.2998
19.2998
19.2998
19.3142
19.3181
19.3345
19.3539
19.3558
19.3712
19.3722
19.3886
19.3896
19.3926
19.3936
19.4119
19.4506
19.4631
19.4641
19.467
19.4883
19.4883
19.5037
19.5057
19.5221
19.5608
19.5638
19.6343
19.6392
19.673
19.675
19.6769
19.6894
19.6923
19.7147
19.7842
19.7871
19.8045
19.8248
19.8278
19.8412
19.8645
19.9167
19.9216
19.936
19.938
19.9787
19.9941
19.997
20.0
20.0
20.0
20.0
20.0
20.0
20.0
20.0
20.0
20.0
20.0
20.0
20.0
20.0
20.0
20.0
20.0
20.0
20.0
20.0134
20.0908
20.1072
20.1295
20.1479
20.1633
20.1836
20.1836
20.2214
20.2591
20.2794
20.2804
20.2948
20.2968
20.2998
20.3132
20.3181
20.3489
20.3752
20.3926
20.4313
20.4641
20.469
20.5231
20.5415
20.5444
20.5638
20.5966
20.5985
20.6199
20.6382
20.7117
20.7301
20.7514
20.7668
20.8085
20.8635
20.9013
20.9013
20.9032
20.9196
20.939
20.9524
20.9593
20.9787
20.9931
21.0
21.0
21.0
21.0
21.0
21.0
21.0
21.0
21.0
21.0154
21.0328
21.0338
21.0541
21.0541
21.0715
21.0725
21.0839
21.1479
21.2397
21.2417
21.2804
21.3181
21.3345
21.3375
21.3489
21.3509
21.3732
21.3752
21.4119
21.4496
21.4621
21.469
21.469
21.4883
21.5221
21.5231
21.5251
21.5995
21.6382
21.67
21.7147
21.7261
21.7707
21.7832
21.7871
21.8393
21.8432
21.8645
21.878
21.9196
21.934
21.9593
21.9747
21.9787
22.0
22.0
22.0
22.0
22.0
22.0
22.0
22.0
22.0
22.0531
22.0705
22.0705
22.0908
22.1246
22.143
22.1459
22.1623
22.1643
22.1663
22.2
22.205
22.2804
22.2988
22.3181
22.3375
22.3703
22.4427
22.5201
22.5261
22.5956
22.6382
22.6392
22.6566
22.6923
22.7067
22.7842
22.7851
22.8055
22.8219
22.8219
22.8239
22.8442
22.8462
22.8655
22.8655
22.8953
22.9003
22.9003
22.9206
22.9544
22.9593
22.9777
22.9921
22.9921
23.0
23.0
23.0
23.0
23.0
23.0
23.0
23.0
23.0
23.0
23.0105
23.0318
23.0541
23.0675
23.1092
23.2
23.202
23.2338
23.2541
23.2591
23.2794
23.2909
23.2938
23.2938
23.3742
23.3896
23.3936
23.41
23.4457
23.4457
23.4611
23.4611
23.4854
23.5008
23.5405
23.5608
23.5792
23.5985
23.6015
23.6139
23.6189
23.6382
23.6497
23.6759
23.7638
23.8248
23.8393
23.8799
23.9147
23.9167
23.9941
24.0
24.0
24.0
24.0
24.0
24.0541
24.0705
24.0859
24.0908
24.1043
24.1092
24.1226
24.14
24.1459
24.1643
24.1663
24.1836
24.1846
24.204
24.2204
24.2233
24.2358
24.2571
24.2794
24.3365
24.3549
24.407
24.4631
24.4883
24.5405
24.5425
24.5916
24.6392
24.6546
24.6769
24.7058
24.7107
24.7117
24.733
24.7464
24.7494
24.7678
24.7688
24.8065
24.8248
24.8635
24.8645
24.939
24.9544
24.9767
25.0
25.0
25.0
25.0
25.0
25.0
25.0338
25.0898
25.1043
25.1236
25.1246
25.1266
25.1449
25.1961
25.2184
25.2224
25.2233
25.2571
25.2611
25.2774
25.3375
25.3529
25.3896
25.3916
25.409
25.4313
25.4506
25.469
25.4785
25.5395
25.5539
25.6015
25.6015
25.6129
25.6179
25.6874
25.7301
25.7464
25.7658
25.7678
25.7891
25.8586
25.9757
25.9777
26.0
26.0
26.0
26.0348
26.0918
26.1062
26.1082
26.1479
26.1653
26.1787
26.1836
26.2144
26.2174
26.2194
26.2387
26.3375
26.3375
26.347
26.3703
26.3712
26.3936
26.4447
26.4506
26.4631
26.5405
26.5762
26.5792
26.5985
26.6169
26.6333
26.6353
26.6382
26.6392
26.6536
26.6953
26.7097
26.7107
26.7127
26.7127
26.7504
26.7842
26.7891
26.8085
26.8189
26.8839
26.8983
26.9022
26.9583
26.9787
26.9951
27.0
27.0725
27.0898
27.1072
27.1082
27.1246
27.143
27.1594
27.1817
27.2
27.205
27.2154
27.2204
27.2318
27.2397
27.3142
27.3152
27.3152
27.3365
27.3499
27.3906
27.402
27.4129
27.4427
27.4591
27.5231
27.5608
27.5742
27.5985
27.5995
27.6015
27.6159
27.672
27.7107
27.7117
27.7455
27.7609
27.8065
27.8248
27.8432
27.8839
27.9186
27.9698
27.9737
27.9951
28.0
28.0
28.0
28.0164
28.0328
28.0695
28.0908
28.1072
28.141
28.1469
28.1797
28.205
28.2725
28.2784
28.2899
28.3673
28.3742
28.3876
28.4283
28.4457
28.4477
28.4998
28.5067
28.5355
28.5444
28.5782
28.6323
28.6392
28.6536
28.6874
28.7599
28.8248
28.8278
28.875
28.9167
28.937
28.9931
29.0
29.0
29.0114
29.0288
29.0869
29.1266
29.1295
29.1479
29.1613
29.1807
29.1836
29.201
29.205
29.2184
29.2224
29.2378
29.2427
29.2774
29.3112
29.3152
29.3335
29.3345
29.3558
29.3673
29.3712
29.3906
29.4313
29.4447
29.4467
29.4506
29.4795
29.4854
29.5405
29.5569
29.5782
29.5792
29.6169
29.6189
29.6517
29.673
29.6904
29.7087
29.7147
29.7291
29.7445
29.7966
29.8209
29.872
29.8983
29.934
29.9931
30.0
30.0105
30.0288
30.0308
30.0636
30.0685
30.0839
30.1082
30.1102
30.1177
30.1459
30.1594
30.1673
30.1748
30.2154
30.2194
30.2194
30.2214
30.2551
30.2804
30.2909
30.3316
30.3345
30.3673
30.3683
30.409
30.4641
30.5201
30.5241
30.6169
30.6353
30.6536
30.6884
30.6943
30.7058
30.7107
30.7628
30.7792
30.8442
30.8799
30.8963
30.9127
30.94
30.9544
31.0
31.0
31.0
31.0065
31.0144
31.0259
31.0626
31.08
31.1013
31.1236
31.1295
31.1459
31.1797
31.1836
31.203
31.2154
31.2214
31.2387
31.2581
31.2784
31.2784
31.2784
31.3325
31.346
31.347
31.3673
31.3847
31.3886
31.3906
31.4263
31.4611
31.468
31.5067
31.5067
31.5182
31.5182
31.5221
31.5355
31.5375
31.5549
31.5569
31.5782
31.6507
31.675
31.6884
31.7087
31.7221
31.7638
31.8035
31.8258
31.8353
31.8383
31.8462
31.8809
31.8819
31.8943
31.9167
31.941
31.9554
31.9573
32.0
32.0
32.0278
32.0626
32.1062
32.141
32.141
32.1564
32.1613
32.2358
32.2427
32.2601
32.2755
32.2909
32.3063
32.3286
32.3296
32.3306
32.3712
32.3857
32.4388
32.4417
32.4631
32.4804
32.4998
32.5162
32.5261
32.5326
32.5559
32.5723
32.5733
32.5946
32.5956
32.6477
32.6556
32.6825
32.7028
32.7058
32.7107
32.7251
32.7271
32.731
32.7628
32.7812
32.7842
32.7851
32.7861
32.8189
32.8556
32.8993
32.9196
32.9216
32.9534
32.9678
32.9767
32.9852
33.0105
33.0114
33.0318
33.0715
33.1052
33.1246
33.1295
33.1564
33.1767
33.2174
33.2735
33.2938
33.3325
33.3499
33.3896
33.3906
33.4477
33.5182
33.5887
33.5985
33.6392
33.6497
33.7241
33.7445
33.8422
33.8547
33.8616
33.9137
33.938
34.0918
34.1286
34.138
34.1817
34.2164
34.2204
34.2804
34.3316
34.3797
34.3896
34.4129
34.4313
34.4457
34.4824
34.5405
34.5792
34.5916
34.6179
34.6244
34.6343
34.6904
34.7445
34.7599
34.7832
34.7832
34.8065
34.8199
34.8616
34.8645
34.8943
34.9127
34.934
35.0085
35.0105
35.0134
35.0219
35.0229
35.0259
35.0298
35.0452
35.0541
35.1003
35.199
35.2184
35.2541
35.2551
35.2784
35.3043
35.3703
35.3906
35.405
35.4254
35.4368
35.4447
35.4457
35.466
35.5008
35.5316
35.5906
35.612
35.6129
35.6333
35.6343
35.672
35.6874
35.7067
35.7271
35.7301
35.7375
35.7569
35.8209
35.8393
35.8586
35.8809
35.9032
35.9311
35.9564
35.9718
35.9911
36.0308
36.0511
36.0636
36.14
36.1757
36.1951
36.2144
36.2666
36.2938
36.3102
36.3624
36.3693
36.409
36.4313
36.4745
36.5201
36.5395
36.5723
36.5916
36.6293
36.6576
36.7117
36.7464
36.7504
36.7579
36.7802
36.8268
36.8789
36.9301
36.9787
37.0045
37.0432
37.1102
37.1246
37.141
37.1469
37.1961
37.1981
37.3217
37.3375
37.341
37.3653
37.3827
37.3876
37.4214
37.4601
37.4978
37.5191
37.5355
37.5549
37.5926
37.5985
37.607
37.6274
37.6497
37.6517
37.6641
37.6834
37.7241
37.7524
37.7743
37.7936
37.7956
37.8209
37.8616
37.935
37.937
37.9514
38.0
38.0229
38.0259
38.0482
38.0859
38.0859
38.139
38.1961
38.2397
38.2715
38.2794
38.2869
38.3787
38.4785
38.5132
38.5529
38.5549
38.5703
38.5752
38.5792
38.669
38.67
38.6864
38.7405
38.7524
38.8239
38.8333
38.8402
38.8507
38.8576
38.8894
38.8914
38.9127
38.9832
39.0442
39.0665
39.1827
39.1836
39.2299
39.2368
39.2378
39.2745
39.2919
39.341
39.3539
39.3797
39.4408
39.4408
39.5067
39.5191
39.5405
39.5405
39.5549
39.5742
39.6651
39.6825
39.6904
39.7658
39.7658
39.8626
39.8809
39.8953
39.9097
39.9291
39.9311
39.9475
39.9648
40.0065
40.0075
40.0134
40.0403
40.1544
40.1564
40.1584
40.1981
40.199
40.2125
40.2328
40.2492
40.2541
40.2676
40.2879
40.3152
40.3316
40.3519
40.3722
40.406
40.4467
40.4824
40.5182
40.5608
40.5663
40.5693
40.5802
40.5896
40.6199
40.6546
40.6611
40.6864
40.7261
40.7484
40.7688
40.7822
40.8055
40.8248
40.8547
40.8943
40.9573
40.9688
41.0
41.1266
41.1981
41.2279
41.2705
41.2735
41.3365
41.3479
41.403
41.4165
41.4263
41.4571
41.4611
41.4631
41.5713
41.5792
41.5926
41.6031
41.6671
41.7435
41.7579
41.7891
41.8691
41.8799
41.9609
41.9668
41.9718
42.0
42.0432
42.0606
42.0849
42.1574
42.1574
42.2115
42.2204
42.2269
42.2656
42.2715
42.2735
42.2889
42.2948
42.3227
42.3643
42.3673
42.4293
42.4631
42.5762
42.6601
42.6854
42.7182
42.7658
42.7917
42.8373
42.8963
42.9639
43.0373
43.0472
43.0626
43.0819
43.0819
43.137
43.1564
43.1971
43.2338
43.2472
43.2646
43.343
43.3857
43.404
43.4834
43.5162
43.5529
43.5752
43.5906
43.6139
43.6388
43.6447
43.6874
43.7474
43.7743
43.7851
43.8035
43.8422
43.8586
43.878
43.9048
43.9242
43.9242
43.9291
44.0134
44.0472
44.0636
44.0829
44.1351
44.139
44.1505
44.2378
44.283
44.3053
44.341
44.3624
44.403
44.4437
44.4542
44.4562
44.4775
44.4785
44.4939
44.5946
44.6129
44.7008
44.733
44.7366
44.7524
44.7707
44.7917
44.8025
44.8343
44.8661
44.872
44.8894
44.9321
44.9331
44.9475
45.1177
45.1216
45.1971
45.2204
45.2358
45.343
45.4184
45.4725
45.4785
45.4988
45.5276
45.5316
45.6274
45.7455
45.7733
45.8343
45.8576
45.8701
46.0557
46.0983
46.1013
46.1236
46.1767
46.199
46.2144
46.2849
46.3971
46.3981
46.4398
46.4571
46.4611
46.4765
46.4795
46.4889
46.4958
46.5345
46.55
46.5559
46.5703
46.5752
46.5887
46.7077
46.7366
46.7589
46.8294
46.8333
46.8566
46.8566
46.9107
46.9485
46.9881
47.0065
47.0075
47.0189
47.0383
47.1341
47.14
47.1534
47.1787
47.3837
47.4319
47.4388
47.4879
47.4899
47.5018
47.5713
47.5857
47.6274
47.6611
47.8323
47.8448
47.871
47.8874
47.8904
47.8934
47.9212
47.9281
47.9698
48.0055
48.077
48.1187
48.138
48.143
48.1961
48.2164
48.3217
48.3594
48.4388
48.4581
48.5043
48.5336
48.5723
48.6437
48.6979
48.7192
48.7212
48.7241
48.733
48.7599
48.7599
48.7638
48.7986
48.9291
48.9291
48.941
48.9629
48.9648
48.9658
49.137
49.1515
49.1554
49.1698
49.1708
49.2636
49.3063
49.3112
49.4214
49.4234
49.4408
49.5296
49.5539
49.6031
49.6631
49.6874
49.7162
49.7638
49.7713
49.7723
49.7966
49.9028
49.9301
49.9698
49.9757
49.9822
50.0189
50.0288
50.0616
50.0829
50.0993
50.1544
50.2482
50.2984
50.3197
50.3584
50.4338
50.4378
50.4601
50.4775
50.5053
50.5093
50.5326
50.5549
50.5847
50.6378
50.6526
50.6572
50.6874
50.7887
50.7966
50.8284
50.8402
50.874
50.8884
50.9331
50.9534
50.9881
50.9956
51.1003
51.1361
51.2328
51.2482
51.3594
51.4125
51.4348
51.4591
51.4755
51.5122
51.607
51.6244
51.6274
51.7067
51.7326
51.7861
51.7917
51.7917
51.7956
51.8487
51.8517
51.9678
52.0209
52.1062
52.1301
52.1613
52.1902
52.199
52.2656
52.284
52.3256
52.4775
52.5142
52.7287
52.7559
52.7713
52.8061
52.9202
52.9465
52.9485
52.9862
53.0596
53.0993
53.1043
53.138
53.2229
53.2646
53.3604
53.3683
53.4716
53.6408
53.7356
53.7464
53.7936
53.8284
53.9281
53.9718
54.0105
54.081
54.3266
54.4338
54.4706
54.5336
54.6755
54.6795
54.8815
54.8864
54.8904
54.9589
54.9812
55.0249
55.0537
55.077
55.079
55.1177
55.2233
55.2472
55.282
55.2994
55.3906
55.4234
55.4328
55.4735
55.5549
55.6011
55.6437
55.6582
55.7038
55.7569
55.7713
55.7733
55.8199
55.9117
56.0944
56.2006
56.2095
56.3624
56.404
56.4502
56.5316
56.543
56.6601
56.7008
56.7162
56.7559
56.8258
56.871
56.8825
56.8943
56.9356
56.9668
57.0229
57.0249
57.1594
57.1629
57.1787
57.1996
57.277
57.3341
57.3515
57.3961
57.4378
57.5723
57.5733
57.6388
57.6522
57.6795
57.7917
57.8159
57.9088
57.9396
57.9455
58.0452
58.078
58.1524
58.1797
58.219
58.3207
58.3683
58.3951
58.4095
58.4581
58.5093
58.5579
58.6011
58.7182
58.753
58.9261
58.9376
58.9793
59.0482
59.1301
59.1321
59.1361
59.1931
59.1977
59.2761
59.3053
59.3752
59.3752
59.3817
59.3971
59.4086
59.4269
59.4571
59.6592
59.9058
59.9281
60.0298
60.1659
60.2065
60.2229
60.2423
60.3594
60.4378
60.4617
60.5197
60.5614
60.5788
60.5827
60.6185
60.6224
60.6437
60.7133
60.7599
60.9405
60.9793
60.9947
61.0334
61.078
61.1252
61.1639
61.2636
61.278
61.3922
61.3941
61.6428
61.6874
61.7133
61.7182
61.753
61.8949
62.0189
62.0304
62.0885
62.1718
62.2115
62.2383
62.2607
62.2686
62.3341
62.344
62.3876
62.4289
62.4939
62.5877
62.5942
62.6398
62.6929
62.7231
62.748
62.8537
62.874
62.875
62.8789
62.8855
62.9396
62.9494
62.9639
63.0567
63.074
63.1639
63.2462
63.3554
63.3961
63.4646
63.7926
63.8622
63.8864
63.9232
63.9425
64.14
64.1718
64.2075
64.215
64.2869
64.3817
64.4571
64.4656
64.4755
64.4755
64.5093
64.6155
64.6542
64.9212
64.9242
65.0681
65.1351
65.1485
65.1649
65.2711
65.3023
65.4066
65.4145
65.6185
65.6503
65.6631
65.7599
65.8294
65.8388
65.9698
66.0016
66.0527
66.1272
66.2269
66.3604
66.4656
66.4889
66.5942
66.6418
66.747
66.7693
66.9425
66.9802
66.9956
67.1137
67.3525
67.4259
67.4646
67.5654
67.6165
67.7227
67.7579
67.7838
67.7838
67.8989
68.0557
68.0914
68.1252
68.1252
68.1669
68.1728
68.1813
68.2046
68.2364
68.2711
68.282
68.5207
68.5614
68.6309
68.8071
68.8195
68.8671
68.8766
68.9317
68.9579
68.9848
69.0413
69.0557
69.1078
69.1108
69.2383
69.278
69.2944
69.3778
69.4735
69.669
69.6736
69.7277
69.7674
69.7788
69.8756
69.9137
70.0577
70.0681
70.1183
70.1793
70.1986
70.218
70.2364
70.2567
70.3157
70.3361
70.3932
70.4398
70.4581
70.5788
70.747
70.8215
70.8572
70.9396
70.9842
71.0691
71.1832
71.3033
71.3227
71.3679
71.3689
71.4165
71.4338
71.487
71.5614
71.6666
71.7103
71.7113
71.7133
71.7838
72.1813
72.2065
72.3053
72.3902
72.4309
72.4473
72.5381
72.5515
72.5555
72.6145
72.6696
72.7838
72.8894
72.9172
73.0091
73.3768
73.4597
73.4964
73.5073
73.547
73.5663
73.6358
73.7123
73.7375
73.8373
73.8949
73.9415
73.9694
74.1813
74.1977
74.2249
74.3292
74.3604
74.3902
74.483
74.4925
74.5808
74.5873
74.5877
74.6696
74.7287
74.7336
74.8949
74.9435
74.9441
74.9559
74.9887
75.1609
75.2289
75.2478
75.2616
75.3088
75.3882
75.4394
75.5138
75.5276
75.7877
75.7907
75.8398
75.9192
76.1386
76.2354
76.278
76.3391
76.3649
76.4984
76.8165
76.8369
76.9927
77.0294
77.0488
77.0731
77.219
77.2374
77.4076
77.5033
77.5778
77.5981
77.606
77.6289
77.7411
77.8349
78.0517
78.1337
78.5679
78.6358
78.6428
78.751
78.7802
78.8582
78.9277
78.9753
79.0815
79.1331
79.1698
79.1793
79.217
79.3619
79.3787
79.5748
79.5798
79.5798
79.7198
79.7847
79.8195
79.9346
79.9872
80.1068
80.1376
80.4741
80.4925
80.5341
80.5788
80.5873
80.605
80.6299
80.6552
80.7857
80.8021
80.8805
80.9163
80.9192
80.955
80.9887
81.0195
81.094
81.402
81.8661
81.9326
82.2547
82.4715
82.5912
82.7798
82.7942
82.8825
83.0274
83.3465
83.358
83.3823
83.5158
83.684
83.7054
83.75
84.1714
84.2245
84.3361
84.4607
84.5902
84.6066
84.6647
84.689
84.7054
84.7381
84.9113
84.9336
85.1183
85.2229
85.3053
85.3987
85.5322
85.6929
85.893
85.9356
85.9808
86.0091
86.0999
86.1029
86.1481
86.3118
86.3331
86.6368
86.8146
86.9848
86.9917
87.1803
87.3416
87.358
87.3967
87.4026
87.5932
87.6086
87.8562
87.888
87.9634
88.015
88.0642
88.153
88.2448
88.2721
88.4453
88.4538
88.563
88.6086
88.8195
88.9143
88.9868
89.0264
89.0592
89.2488
89.3783
89.4492
89.4935
89.4945
89.6424
89.8444
89.9704
90.0225
90.3456
90.4577
90.6568
90.7217
90.8473
91.0999
91.2101
91.2701
91.3377
91.3843
91.419
91.7654
92.1986
92.214
92.3223
92.3406
92.5584
92.7332
92.7624
92.891
92.9307
92.9763
93.1376
93.1704
93.1734
93.6319
93.6483
93.6641
93.6765
93.6801
93.7103
93.7381
93.9798
94.1416
94.151
94.3659
94.4751
94.6637
94.7768
94.9644
95.0488
95.1674
95.1823
95.2255
95.2537
95.4259
95.6279
95.6751
95.8542
95.9084
95.9818
96.0041
96.0166
96.1104
96.2448
96.417
96.5535
96.6125
96.752
96.8444
96.9704
97.2111
97.2547
97.3223
97.3793
97.5997
97.622
97.7729
97.8661
98.2835
98.3649
98.4305
98.5495
98.557
98.6597
98.7119
98.7119
98.7838
99.1347
99.1426
99.1809
99.3475
99.5292
99.8562
99.9198
100.0399
100.2071
100.2727
100.9198
100.9372
100.9441
101.0041
101.0126
101.1094
101.1783
101.6131
101.8001
101.9798
102.0533
102.2944
102.3029
102.3922
102.479
102.483
102.5158
102.6155
103.2121
103.2255
103.2285
103.2344
103.3858
103.4076
103.5699
103.6469
103.6781
103.7853
103.9972
104.2101
104.3223
104.5942
104.7575
104.7719
104.7962
104.8057
104.9674
105.1868
105.2215
105.3685
105.5679
105.6349
105.6433
105.6548
106.0241
106.0448
106.1034
106.2255
106.2563
106.3193
106.5466
106.5505
106.6499
106.8339
106.9054
106.9208
107.2275
107.4905
107.5118
107.5407
107.6037
107.6965
108.0418
108.8831
109.3232
109.9401
110.4617
110.5272
110.686
111.3242
111.5813
111.7381
111.8086
111.8309
112.0647
112.1268
112.1366
112.2081
113.0618
113.3386
113.764
113.8667
113.8697
114.3069
114.4846
114.5803
114.7322
114.8538
115.0543
115.2107
115.3163
115.3704
115.4954
115.5262
115.5308
116.2225
116.2429
116.7749
116.8762
117.0454
117.0985
117.1779
117.6935
117.8345
117.8588
117.9719
117.9913
118.027
118.1973
118.4731
118.8558
119.6846
119.704
119.9372
120.1258
120.1526
120.4042
120.6905
120.8995
120.9546
121.0618
121.2117
121.296
121.3928
121.9526
122.0047
122.3675
122.5213
122.5521
122.559
123.0231
123.0533
123.7
123.8404
123.8663
124.0661
124.0841
124.1228
124.7397
125.3278
125.4727
125.5302
125.6538
125.6915
125.8434
125.9769
125.9913
126.0195
126.0578
126.2484
126.3039
126.3461
126.4449
126.5233
126.5679
126.8027
126.8995
127.1129
127.1189
127.3386
127.5039
127.6876
127.7243
127.8663
128.0563
128.2196
128.2533
128.9074
129.0608
129.1035
129.2812
129.559
129.6167
129.8592
130.3035
130.6082
130.8702
130.8752
130.9099
131.2241
131.5987
131.9024
132.3923
132.636
132.7069
132.8132
133.2543
133.3143
134.1149
134.2687
135.0181
135.3799
135.5636
135.5898
136.0717
136.1437
136.8112
137.4678
138.2687
138.635
138.9243
138.9958
139.3045
139.4737
140.1372
140.3124
140.3839
141.0926
141.2117
141.2454
141.3412
141.7948
142.1179
142.498
142.7204
143.4022
143.9824
144.172
144.8335
145.5035
145.8801
147.0598
147.5015
147.7735
147.907
148.3491
148.637
148.9388
149.2727
149.9735
150.5397
151.8201
152.2103
152.2375
152.3179
152.5576
152.5865
153.0395
153.0821
153.2549
153.5288
153.5314
153.6157
153.7978
153.8981
154.3829
154.5934
154.6951
156.1248
156.1572
156.1805
157.0663
157.1283
157.1516
158.0489
158.2654
158.4927
158.5452
158.7764
158.9536
160.1919
160.6603
161.4048
161.4638
161.5347
161.6111
162.5343
162.6767
162.838
162.8935
163.8748
164.9378
165.9771
166.232
167.309
167.3661
167.6688
167.8594
168.3293
169.372
170.4222
171.0023
171.4107
172.2142
173.5894
174.1919
174.9259
174.9541
175.635
175.9164
177.1552
177.2887
177.6579
179.51
179.9239
180.0768
180.7616
180.9919
182.8272
183.9676
184.8033
184.8833
185.376
185.6396
185.6649
185.6931
186.0316
190.0033
190.306
190.9249
191.5353
191.5408
191.5999
191.713
192.1512
192.8187
193.0322
193.2808
195.0649
195.4474
195.4867
195.978
196.777
197.5185
198.9597
199.5096
200.5225
202.0163
202.6599
203.0738
203.0882
204.0574
206.4381
206.9498
209.7895
210.118
210.5746
212.5543
212.6763
214.0918
215.3151
215.9816
216.8659
217.4273
219.0872
220.262
221.3607
221.5999
222.0242
223.6143
224.7067
225.5949
226.3821
226.7379
226.8724
227.2823
227.4516
229.2079
229.8635
230.185
231.5815
231.8064
233.994
239.9652
240.5389
240.9751
242.6988
246.4158
248.0387
249.5221
252.8704
253.4194
254.7582
255.6248
257.0323
259.1619
261.2918
262.1573
268.3986
271.9995
275.1176
281.8854
287.6115
303.7719
306.2537
312.337
319.1753
332.2116
343.4989
350.883
354.5609
401.0757
