3.0
3.0
3.0
3.0
3.0
3.0
3.0
3.0
3.0
4.0
4.0
4.0
4.0
4.0
4.0
4.0
4.0
4.0
4.0
4.0
4.0
4.0
4.5638
5.0
5.0
5.0
5.0
5.0
5.2998
5.4506
6.0
6.0
6.0
6.0
6.5821
7.0
7.0
7.0
7.0
7.205
7.3752
7.5821
7.8462
8.0
8.0
8.0
8.0541
8.2601
9.0
9.0
9.0
9.5425
9.6382
9.8442
9.8655
10.2224
10.3936
10.5434
10.5802
10.7117
10.9022
10.9032
11.0144
11.9564
11.9757
12.0898
12.4477
12.8258
12.9593
13.5251
13.6392
13.6556
13.9177
14.0
14.5405
15.0695
15.1469
15.1643
15.5802
15.732
15.7688
15.8432
15.9216
15.941
15.9554
16.3539
17.1459
17.3142
18.202
18.3519
18.938
19.2988
19.4834
19.671
19.9186
20.3181
20.407
21.67
21.7901
22.1613
22.5375
22.6894
22.9891
24.2144
25.14
25.2715
25.5733
25.5752
26.0636
26.1594
26.6139
26.7435
27.6671
28.3857
29.3489
29.5529
29.7425
29.8606
30.7241
31.9137
33.2512
33.9494
33.9852
34.8904
35.3181
35.4244
35.8527
37.2482
37.5926
39.0859
40.0462
40.8973
40.9465
44.1718
45.343
45.4496
45.9261
46.5509
47.3866
48.7539
49.9078
52.1669
54.077
57.6329
57.8979
58.5217
61.6765
62.9485
64.9153
65.0537
65.689
66.5401
66.9113
68.6929
70.4994
71.7411
74.7992
75.3649
76.1475
78.8195
79.7749
86.9848
88.3997
89.9783
92.5128
98.3357
99.9198
104.8791
112.4062
129.6013
131.2717
142.9873
150.103
168.515
171.9066
206.9845
