3.0
3.0
3.0
3.0
3.0
4.0
4.3375
4.3375
5.0
5.0
5.4506
6.0
6.0
7.0
7.3936
8.8645
9.3752
10.0
10.0
10.0
10.0541
10.4874
11.204
12.0
12.3916
12.8462
13.2794
13.3162
13.5057
14.1827
15.0
15.3558
15.7494
16.201
17.3181
18.5067
18.7881
19.142
20.3325
20.7107
22.8045
23.3519
23.8005
24.9504
25.3306
26.3335
26.4641
28.4244
28.7435
28.9534
29.4958
29.5946
30.5926
31.1613
31.7976
32.1177
32.2899
32.4204
32.8576
33.0413
33.0606
33.2154
33.2328
34.5867
35.2522
35.3991
35.4949
35.6264
36.1728
36.6437
36.6621
38.2328
38.548
38.7753
39.4348
40.3778
40.5673
40.5857
40.6611
41.1902
42.3187
43.5683
44.1515
44.3961
44.9242
46.1872
46.1872
46.9242
47.2269
47.2984
47.6204
49.5837
50.8313
51.3748
51.75
52.6195
52.809
53.0924
54.0721
54.5063
55.8641
56.6909
59.7296
59.9172
60.4095
60.8805
61.4145
62.0845
62.2046
62.5584
62.9917
63.5932
64.2721
64.5584
64.7083
66.0458
66.9927
68.1193
68.2721
68.687
68.9927
70.3813
70.9723
71.5371
75.3902
75.4384
76.9625
78.6443
78.6696
79.1327
79.9346
80.1907
84.421
85.7178
86.7903
89.4915
90.032
90.2602
94.6364
96.293
97.0657
97.297
97.6528
98.0185
101.028
102.7089
106.298
109.2881
112.7
112.9536
116.7069
116.7551
119.1739
121.4012
123.8489
125.7174
126.64
130.2618
133.639
134.104
134.2028
139.3874
139.6882
140.1437
144.0276
144.9551
148.5507
149.8633
149.9879
155.5487
156.4743
157.7036
158.0013
158.774
161.0033
162.2837
167.7865
168.8708
174.2073
175.6832
178.1269
178.5815
180.5379
185.4778
185.6674
186.4306
186.7438
193.7553
196.9806
197.4913
207.3151
208.0531
208.4129
211.5637
235.5286
241.811
261.2199
282.0775
290.5753
308.9427
432.6059
