3.0
3.0
3.0
3.0
3.0
3.0
3.0
3.0
3.0
3.0
3.0
3.0
3.0
3.0
3.0
3.0
3.0
3.0
3.0
3.0
3.0
3.0
3.0
3.0
3.0
3.0
3.0
3.0
3.0
3.0
3.0
3.0
3.0
3.0
3.0
3.0
3.0
3.0
3.0
3.0
3.0
3.0
3.0
3.0
3.0
3.0
3.0
3.0
3.0
3.0
3.0
3.0
3.0
3.0
3.0
3.0
3.0
3.0
3.0
4.0
4.0
4.0
4.0
4.0
4.0
4.0
4.0
4.0
4.0
4.0
4.0
4.0
4.0
4.0
4.0
4.0
4.0
4.0
4.0
4.0
4.0
4.0
4.0
4.0
4.0
4.0
4.0
4.0
4.0
4.0
4.0
4.0
4.0
4.0
4.0
4.0
4.0
4.0
4.0
4.0
4.0
4.0
4.0
4.0
4.0
4.0
4.0
4.3375
4.3752
4.526
4.7146
4.8655
5.0
5.0
5.0
5.0
5.0
5.0
5.0
5.0
5.0
5.0
5.0
5.0
5.0
5.0
5.0
5.0
5.0
5.0
5.0
5.0
5.0
5.0
5.0
5.0
5.0
5.0
5.0
5.0
5.0
5.0
5.0
5.0
5.0
5.0
5.0
5.0
5.0
5.1672
5.4312
5.6392
5.9032
6.0
6.0
6.0
6.0
6.0
6.0
6.0
6.0
6.0
6.0
6.0
6.0
6.0
6.0
6.0
6.0
6.0
6.0
6.0
6.0
6.0
6.0
6.0
6.0
6.0
6.0
6.0
6.0
6.0
6.0
6.0
6.0
6.1856
6.3935
6.469
6.5638
6.9786
6.9786
7.0
7.0
7.0
7.0
7.0
7.0
7.0
7.0
7.0
7.0
7.0
7.0
7.0
7.0
7.0
7.0
7.0
7.0
7.0
7.0
7.0
7.0
7.0164
7.1672
7.2997
7.3365
7.3375
7.5811
7.6015
7.6566
7.6953
8.0
8.0
8.0
8.0
8.0
8.0
8.0
8.0
8.0
8.0
8.0
8.0
8.0
8.0
8.0
8.0
8.0
8.0
8.0
8.0
8.0
8.0
8.0
8.0
8.26
8.2997
8.3925
8.4506
8.4883
8.6392
8.7707
8.8655
8.9776
9.0
9.0
9.0
9.0
9.0
9.0
9.0
9.0
9.0
9.0
9.0
9.0
9.0
9.0
9.0
9.0
9.0
9.0
9.0
9.0
9.0
9.0
9.0
9.0
9.0
9.0
9.0541
9.0908
9.0918
9.2987
9.2997
9.4496
9.5047
9.6392
9.6953
9.9022
9.9206
10.0
10.0
10.0
10.0
10.0
10.0
10.0
10.0
10.0
10.0
10.0
10.0
10.0
10.0
10.0
10.0
10.0
10.0
10.0
10.0
10.0
10.0
10.0164
10.2049
10.2427
10.3171
10.3732
10.4312
10.468
10.4883
10.524
10.524
10.5618
10.5811
10.6005
10.6015
10.6188
10.6769
10.7493
11.0
11.0
11.0
11.0
11.0
11.0
11.0
11.0
11.0
11.0
11.0
11.0
11.0
11.0
11.0
11.0
11.0
11.0
11.0
11.2233
11.2774
11.2804
11.3722
11.3752
11.4129
11.4883
11.7116
11.7146
11.7891
12.0
12.0
12.0
12.0
12.0
12.0
12.0
12.0
12.0
12.0
12.0
12.0
12.0
12.0
12.0
12.0
12.0
12.0
12.0
12.0
12.0
12.0
12.1449
12.1459
12.2203
12.3345
12.3375
12.4312
12.4506
12.4506
12.525
12.6178
12.6933
12.733
12.7503
12.7513
12.7523
12.8248
12.9032
12.9766
13.0
13.0
13.0
13.0
13.0
13.0
13.0
13.0
13.0
13.0
13.0
13.0
13.0
13.0
13.0317
13.0704
13.3548
13.4486
13.7146
13.9196
13.9409
13.9766
13.9776
14.0
14.0
14.0
14.0
14.0
14.0
14.0
14.0
14.0
14.0
14.0
14.0
14.0
14.0
14.0
14.0
14.0
14.0327
14.2049
14.3712
14.4129
14.526
14.5444
14.5638
14.6759
14.8461
15.0
15.0
15.0
15.0
15.0
15.0
15.0
15.0
15.0
15.0
15.0
15.0
15.0
15.0
15.0
15.1662
15.1672
15.3141
15.3171
15.6769
15.7483
15.9002
16.0
16.0
16.0
16.0
16.0
16.0
16.0
16.0
16.0
16.1275
16.1826
16.2
16.2774
16.4099
16.4476
16.6005
16.6769
16.8411
16.8431
16.8625
16.8655
17.0
17.0
17.0
17.0
17.0
17.0
17.0
17.0
17.0
17.0
17.0
17.1479
17.261
17.2997
17.3558
17.5047
17.525
17.6759
17.6769
17.9359
18.0
18.0
18.0
18.0
18.0
18.0
18.0
18.0
18.0
18.0
18.0
18.0
18.0
18.0
18.0287
18.1265
18.1622
18.1856
18.2049
18.2233
18.3508
18.3518
18.469
18.7126
18.8054
19.0
19.0
19.0
19.0
19.0
19.0
19.0
19.3141
19.3752
19.4506
19.5638
19.6392
19.6953
19.8278
19.8461
19.9032
19.9563
19.9717
20.0
20.0
20.0
20.0
20.0
20.0
20.0
20.0
20.0
20.0
20.0
20.0
20.0
20.0511
20.0531
20.1102
20.1235
20.1439
20.2947
20.2997
20.3508
20.3712
20.4312
20.5181
20.6198
20.7523
20.8228
20.8258
20.9369
20.9786
20.991
21.0
21.0
21.0
21.0
21.0
21.0
21.0
21.0
21.3151
21.3171
21.3548
21.3935
21.4119
21.4119
21.6178
21.6749
21.7891
21.8391
21.8625
21.9593
21.9593
22.0
22.0
22.0
22.0
22.0
22.0
22.0
22.0
22.0
22.0
22.0511
22.0541
22.2427
22.2987
22.3915
22.3935
22.4506
22.4987
22.6005
22.6943
22.7116
22.7523
22.9186
22.9216
22.9523
23.0
23.0
23.0
23.0
23.0
23.0898
23.1652
23.2173
23.2417
23.3365
23.4506
23.5608
23.5801
23.6015
23.7493
23.7901
23.9196
24.0
24.0
24.0
24.0
24.0
24.0
24.0
24.0541
24.0674
24.0868
24.2764
24.2987
24.3752
24.4119
24.465
24.467
24.526
24.5394
24.729
24.8749
24.8749
24.8839
24.9186
24.997
25.0
25.0
25.0
25.0
25.0
25.0
25.0
25.0
25.0501
25.258
25.2714
25.3111
25.3915
25.469
25.6015
25.6015
25.6352
25.731
25.7901
26.0
26.0
26.0
26.0
26.0297
26.0451
26.3528
26.3712
26.4019
26.4283
26.4496
26.4843
26.4883
26.5811
26.6382
26.6719
26.6749
26.6953
26.8401
26.8655
27.0
27.0
27.0
27.0
27.0
27.0
27.0
27.0
27.0
27.0134
27.0327
27.1245
27.1479
27.1642
27.261
27.3508
27.4029
27.5394
27.5394
27.6005
27.6342
27.6506
27.6903
27.8084
27.8461
27.992
28.0
28.0
28.0
28.0
28.0084
28.0104
28.0888
28.1072
28.1082
28.1295
28.2754
28.4476
28.461
28.466
28.469
28.6749
28.6759
28.6843
28.729
28.7891
28.8004
28.8839
28.986
29.0
29.0
29.0
29.0
29.0
29.0
29.0
29.0
29.0
29.1295
29.2
29.25
29.2997
29.3468
29.46
29.5424
29.6015
29.6392
29.722
29.7841
29.8278
29.9523
30.0
30.0
30.0
30.0
30.0
30.0144
30.1295
30.1379
30.4446
30.4506
30.462
30.4833
30.4977
30.6516
30.8451
30.8655
30.9553
31.0
31.0
31.0
31.0
31.1459
31.202
31.259
31.3101
31.3752
31.469
31.4883
31.5334
31.6302
31.6392
31.6516
31.7513
31.7523
31.7523
31.9667
32.0
32.0
32.0
32.0257
32.0327
32.0511
32.0918
32.1082
32.2173
32.2967
32.2997
32.3081
32.3672
32.4129
32.4446
32.526
32.5955
32.733
32.8268
32.9319
32.9717
33.0
33.0
33.0134
33.3181
33.3528
33.3652
33.4129
33.4506
33.5161
33.5538
33.6332
33.6382
33.7687
33.8034
34.0
34.1022
34.1562
34.199
34.2997
34.3091
34.3375
34.3905
34.4039
34.466
34.4853
34.6015
34.6526
34.7056
34.7473
34.7871
34.8178
35.0
35.0
35.0
35.0
35.0
35.3558
35.4069
35.4446
35.522
35.5424
35.5955
35.6198
35.6536
35.6556
35.7036
35.7901
36.0
36.0
36.0
36.0962
36.1716
36.2133
36.2337
36.2397
36.3538
36.4129
36.525
36.6178
36.7954
36.8972
37.0
37.0
37.0
37.0
37.0
37.0
37.0
37.2203
37.2967
37.3345
37.3468
37.467
37.469
37.5771
37.6168
37.6659
37.8118
37.8441
37.8655
37.8655
37.9022
37.99
38.0644
38.0684
38.1082
38.1215
38.1429
38.1552
38.1582
38.3041
38.3508
38.3538
38.3548
38.3652
38.469
38.5424
38.726
38.7444
38.7871
38.992
39.0
39.1032
39.2213
39.2387
39.2838
39.3959
39.4049
39.5781
39.5895
39.7066
39.7374
39.8401
39.8505
39.9136
39.9379
40.0
40.0
40.0
40.0084
40.0197
40.1796
40.193
40.2387
40.2704
40.4009
40.4326
40.4486
40.4987
40.6088
40.7086
40.7597
40.9216
40.9677
41.0
41.0585
41.1349
41.1523
41.197
41.4129
41.723
41.7841
41.8655
42.0
42.0555
42.1295
42.2754
42.4029
42.5171
42.5985
42.6576
42.9002
42.9166
42.986
43.0
43.0932
43.1479
43.1726
43.3935
43.5448
43.5651
43.6178
43.6793
43.8098
43.99
44.0
44.0
44.0
44.1225
44.3752
44.5354
44.5985
44.6392
44.7056
44.7761
44.8352
44.9279
45.0
45.0
45.1215
45.1846
45.192
45.2421
45.2714
45.2744
45.3935
45.4243
45.4897
45.5081
45.5131
45.6689
45.6823
45.6913
45.7901
45.8148
46.0674
46.1082
46.2073
46.2704
46.3612
46.3895
46.4129
46.5264
46.6516
46.6947
46.7136
46.7314
46.7811
46.8342
46.8882
46.8952
46.9012
46.9737
47.0
47.0535
47.1042
47.2153
47.2287
47.248
47.2997
47.2997
47.3786
47.4103
47.5721
47.6019
47.6589
47.9533
48.0381
48.0868
48.4446
48.5805
48.6015
48.6843
48.733
48.7984
48.9573
49.0511
49.0535
49.0918
49.0962
49.1349
49.3552
49.3885
49.5538
49.7901
49.8158
49.9697
50.1095
50.2768
50.3295
50.3335
50.4129
50.4306
50.6386
50.6566
50.7493
50.8282
50.9443
51.0
51.0014
51.1275
51.2
51.2927
51.3051
51.46
51.4654
51.6088
51.6669
51.6863
51.73
51.8034
51.9557
51.995
52.0704
52.2173
52.2624
52.4723
52.4773
52.5254
52.5424
52.9329
52.9389
52.984
53.0267
53.5488
53.5588
53.6576
53.7344
53.7761
53.7781
53.9289
53.9473
54.1175
54.1255
54.1329
54.184
54.2367
54.3121
54.3418
54.4103
54.6162
54.715
54.8942
54.9036
55.0451
55.0798
55.1379
55.2407
55.2594
55.2744
55.4103
55.5294
55.5895
55.5965
55.6029
55.6322
55.6763
55.6843
55.709
55.7497
55.7537
55.8391
55.9717
56.0664
56.1022
56.1165
56.2744
56.5608
56.5651
56.5755
56.5781
56.6953
56.8024
56.8465
56.9383
57.0481
57.2838
57.3061
57.3865
57.4143
57.5438
57.5731
57.6192
57.6352
57.6556
57.6933
57.8525
57.9156
58.0708
58.2377
58.3438
58.6957
58.7934
58.8278
58.8589
58.8839
59.0
59.0688
59.0892
59.1002
59.1503
59.2337
59.2684
59.5091
59.5608
59.6669
59.714
59.7424
59.7677
60.0902
60.1826
60.183
60.2163
60.3662
60.5929
60.6222
60.6743
60.7016
60.8769
60.9309
61.1135
61.1165
61.1185
61.1716
61.5731
61.6416
61.6466
61.7086
61.8779
62.0982
62.4173
62.4203
62.4276
62.457
62.4867
62.9577
63.0351
63.1696
63.1766
63.2704
63.2768
63.3865
63.442
63.7414
63.7701
63.7761
63.8078
63.9914
64.0257
64.1656
64.1672
64.182
64.2023
64.4193
64.5691
64.6019
64.6128
64.8262
64.8272
64.974
65.0535
65.1032
65.1806
65.188
65.2187
65.3652
65.5141
65.5151
65.731
65.7661
65.8028
66.0471
66.2311
66.2911
66.3145
66.3766
67.1666
67.1766
67.2163
67.2237
67.4426
67.453
67.6649
67.7424
67.9373
68.0271
68.0798
68.2391
68.2594
68.3969
68.5234
68.7046
68.8779
68.9136
69.2053
69.523
69.5945
69.6332
69.8615
70.0
70.0952
70.1433
70.257
70.3368
70.3442
70.3622
70.4584
70.5031
70.727
70.8729
71.4183
71.7671
71.7671
71.8505
72.0241
72.2053
72.2544
72.256
72.2678
72.5011
72.5929
73.3235
73.3532
73.4236
73.646
73.7417
73.7417
73.7845
73.911
73.9503
73.9527
74.0852
74.2103
74.3229
74.3652
74.5651
74.5989
74.9259
75.1656
75.3442
75.4286
75.5572
75.6679
75.915
75.916
76.0321
76.0545
76.2544
76.3101
76.6867
77.0792
77.1323
77.3388
77.5294
77.6102
77.6529
77.8956
77.9383
78.3095
78.5201
78.5621
78.6212
78.923
79.442
80.1209
80.6112
80.913
81.4723
81.6693
81.8962
82.1115
82.1413
82.1433
82.2738
82.4099
82.462
83.3492
83.4494
83.4901
83.7016
83.9343
84.0922
84.3566
84.4223
84.7357
84.8008
84.919
85.0798
85.183
85.5338
85.6613
86.1363
86.3726
86.5879
86.6386
86.97
87.0117
87.4173
87.6226
87.64
87.6723
87.701
87.8906
88.4634
88.5204
88.6196
88.6823
89.1924
89.7397
90.8976
91.3646
91.4817
91.5805
91.7531
91.9193
92.2965
92.6797
93.183
93.2167
93.6326
93.6827
93.7084
93.9243
94.4967
94.5378
94.5745
95.2371
95.4474
95.6286
95.7471
96.0538
96.4803
96.698
96.9249
97.1349
97.2221
97.4995
97.9531
97.9577
98.2758
98.5899
98.8623
98.8643
99.2197
99.3496
99.5358
99.9517
99.969
100.0822
102.4137
102.5101
102.7194
103.1957
103.3472
104.1303
106.2762
106.445
106.7224
107.0682
107.1496
107.7601
108.643
109.9774
110.2682
110.2788
110.5615
110.8696
111.701
112.5983
113.0345
113.7922
114.0772
114.5535
114.5829
114.9367
114.9431
115.4955
115.8345
116.2995
116.9491
118.2788
118.3213
119.2063
119.2802
119.623
119.7748
120.0762
120.2211
120.5342
121.6577
121.9144
123.0702
124.5542
124.885
124.9074
125.9343
125.9758
126.4518
126.9878
128.5348
129.1957
132.1043
134.0472
134.1163
139.5729
141.7699
142.0766
142.7838
157.1013
157.7559
159.4958
168.0432
174.9886
179.067
181.1791
195.6064
198.1751
207.8988
213.5627
259.6652
278.1065
428.4345
