3.0
3.0
3.0
3.0
3.0
3.0
3.0
3.0
3.0
3.0
3.0
3.0
3.0
3.0
3.0
3.0
3.0
3.0
3.0
3.0
3.0
3.0
3.0
3.0
3.0
3.0
3.0
3.0
3.0
3.0
3.0
3.0
3.0
3.0
3.0
3.0
3.0
3.0
3.0
3.0
3.0
3.0
3.0
3.0
3.0
3.0
3.0
3.0
3.0
3.0
3.0
3.0
3.0
3.0
3.0
3.0
3.0
3.0
3.0
3.0
3.0
3.0
3.0
3.0
3.0
3.0
3.0
3.0
3.0
3.0
3.0
3.0
3.0
3.0
3.0
3.0
3.0
3.0
3.0
3.0
3.0
3.0
3.0
3.0
3.0
3.0
3.0
4.0
4.0
4.0
4.0
4.0
4.0
4.0
4.0
4.0
4.0
4.0
4.0
4.0
4.0
4.0
4.0
4.0
4.0
4.0
4.0
4.0
4.0
4.0
4.0
4.0
4.0
4.0
4.0
4.0
4.0
4.0
4.0
4.0
4.0
4.0
4.0
4.0
4.0
4.0
4.0
4.0
4.0
4.0
4.0
4.0
4.0
4.0
4.0
4.0
4.0
4.0
4.0
4.0
4.0
4.0
4.0
4.0
4.0
4.0
4.0
4.0
4.0
4.0
4.0
4.0
4.0
4.0
4.526
4.6769
4.7146
4.7901
4.8655
4.9032
4.9032
5.0
5.0
5.0
5.0
5.0
5.0
5.0
5.0
5.0
5.0
5.0
5.0
5.0
5.0
5.0
5.0
5.0
5.0
5.0
5.0
5.0
5.0
5.0
5.0
5.0
5.0
5.0
5.0
5.0
5.0
5.0
5.0
5.0
5.0
5.0
5.0
5.0
5.0
5.0
5.0
5.0
5.0
5.0
5.0
5.0
5.0
5.0
5.0
5.0
5.0
5.0
5.5444
5.5821
5.6198
5.6198
5.6198
5.6392
5.733
5.7707
5.8461
5.9409
5.9593
6.0
6.0
6.0
6.0
6.0
6.0
6.0
6.0
6.0
6.0
6.0
6.0
6.0
6.0
6.0
6.0
6.0
6.0
6.0
6.0
6.0
6.0
6.0
6.0
6.0
6.0
6.0
6.0
6.0
6.0
6.0
6.0
6.0
6.0
6.0
6.0
6.0541
6.1856
6.1856
6.2233
6.261
6.3181
6.3365
6.3365
6.3375
6.3375
6.4506
6.5444
6.5821
6.6015
6.7136
6.733
6.8839
6.9399
6.9786
7.0
7.0
7.0
7.0
7.0
7.0
7.0
7.0
7.0
7.0
7.0
7.0
7.0
7.0
7.0
7.0
7.0
7.0
7.0
7.0
7.0
7.0
7.0
7.0
7.0
7.0
7.0
7.0
7.0
7.0
7.0
7.0
7.0347
7.2049
7.2427
7.2794
7.3375
7.3375
7.3752
7.3752
7.3752
7.468
7.6005
7.6188
7.6769
7.6943
7.8084
7.9022
7.9206
7.9786
8.0
8.0
8.0
8.0
8.0
8.0
8.0
8.0
8.0
8.0
8.0
8.0
8.0
8.0
8.0
8.0
8.0
8.0
8.0
8.0
8.0
8.0
8.0
8.0
8.0
8.0
8.0
8.0
8.0
8.0
8.0
8.0
8.0164
8.0541
8.1856
8.2417
8.2427
8.3181
8.4109
8.4863
8.524
8.5995
8.6015
8.6382
8.6953
8.7146
8.7707
8.8655
8.9032
8.9776
8.9786
9.0
9.0
9.0
9.0
9.0
9.0
9.0
9.0
9.0
9.0
9.0
9.0
9.0
9.0
9.0
9.0
9.0
9.0
9.0
9.0
9.0
9.0
9.0
9.0
9.0154
9.1285
9.2029
9.2223
9.2784
9.3538
9.3548
9.3558
9.4119
9.4506
9.4863
9.525
9.5444
9.6556
9.7523
9.8278
9.8819
9.9399
9.9766
9.9786
9.9786
10.0
10.0
10.0
10.0
10.0
10.0
10.0
10.0
10.0
10.0
10.0
10.0
10.0
10.0
10.0
10.0
10.0
10.0
10.0
10.0
10.0
10.0
10.0521
10.1459
10.1479
10.1672
10.2223
10.2427
10.3161
10.3558
10.3732
10.4129
10.4293
10.4873
10.4873
10.5047
10.5047
10.5047
10.5067
10.526
10.5618
10.6015
10.6769
10.6943
10.7493
10.7871
10.8461
10.8829
10.9002
10.9032
10.9206
11.0
11.0
11.0
11.0
11.0
11.0
11.0
11.0
11.0
11.0
11.0
11.0
11.0
11.0
11.0
11.0
11.0
11.0
11.0
11.0
11.0
11.0
11.0
11.0
11.0
11.0541
11.0704
11.0724
11.0724
11.1295
11.2997
11.3935
11.4283
11.4863
11.525
11.5618
11.5811
11.5821
11.6168
11.7136
11.7677
11.7707
11.8655
11.8829
11.9196
11.9196
11.9216
11.995
12.0
12.0
12.0
12.0
12.0
12.0
12.0
12.0
12.0
12.0
12.0
12.0
12.0511
12.2427
12.2997
12.3375
12.3752
12.3905
12.3925
12.4283
12.4883
12.5821
12.6178
12.6382
12.6729
12.7483
12.7677
12.8655
12.9216
13.0
13.0
13.0
13.0
13.0
13.0
13.0
13.0
13.0
13.0
13.0
13.0
13.0
13.0
13.0
13.0
13.0
13.0511
13.0704
13.0888
13.1102
13.1449
13.2049
13.258
13.258
13.2794
13.3375
13.3935
13.469
13.5404
13.6392
13.6729
13.7901
13.8064
13.8421
13.8441
13.9573
14.0
14.0
14.0
14.0
14.0
14.0
14.0
14.0
14.0
14.0
14.0
14.0
14.0
14.0
14.0
14.0
14.0
14.0
14.0
14.0
14.0
14.0347
14.2997
14.3538
14.3895
14.3905
14.4303
14.5424
14.5628
14.5821
14.6168
14.8044
14.8421
14.8655
14.8655
14.8819
14.9409
15.0
15.0
15.0
15.0
15.0
15.0
15.0
15.0
15.0
15.0
15.0
15.0
15.0
15.0114
15.0307
15.0347
15.0531
15.1255
15.1255
15.1479
15.2039
15.261
15.3375
15.4293
15.468
15.5067
15.521
15.521
15.5608
15.5781
15.6729
15.6739
15.6769
15.7687
15.8799
15.9369
16.0
16.0
16.0
16.0
16.0
16.0
16.0
16.0
16.0
16.0
16.0
16.0
16.0
16.0
16.0164
16.0724
16.0908
16.1072
16.1265
16.3181
16.3692
16.3702
16.3712
16.3895
16.5424
16.5578
16.5638
16.6556
16.6719
16.6759
16.6769
16.6943
16.8044
16.8218
16.9409
16.9563
17.0
17.0
17.0
17.0
17.0
17.0
17.0
17.0
17.0
17.0
17.0
17.0
17.0
17.0297
17.2997
17.525
17.5578
17.5638
17.7106
17.7513
17.8595
17.8779
18.0
18.0
18.0
18.0
18.0
18.0
18.0124
18.0317
18.1622
18.1826
18.2794
18.2987
18.3151
18.3498
18.4476
18.4506
18.469
18.5434
18.5578
18.5761
18.5771
18.6729
18.6893
18.7831
18.8228
18.8779
18.9166
18.9717
19.0
19.0
19.0
19.0
19.0
19.0
19.0
19.0
19.0
19.0
19.0
19.0
19.0
19.0
19.0
19.0898
19.1459
19.1479
19.2193
19.2754
19.2947
19.3915
19.4486
19.469
19.4873
19.5191
19.5751
19.5811
19.6168
19.6566
19.6576
19.8779
19.8779
19.8972
19.9146
19.9523
20.0
20.0
20.0
20.0
20.0
20.0
20.0
20.0104
20.0704
20.1642
20.259
20.2997
20.2997
20.3752
20.3875
20.4506
20.4506
20.464
20.469
20.4823
20.5985
20.5995
20.6352
20.6516
20.6546
20.7657
20.7901
20.8605
20.9707
21.0
21.0
21.0
21.0
21.0
21.0
21.0
21.0
21.0
21.0114
21.0297
21.0654
21.1102
21.1449
21.2397
21.3181
21.3365
21.4273
21.4476
21.462
21.4873
21.5067
21.5394
21.5751
21.6546
21.7637
21.7891
21.8084
21.9409
21.9573
22.0
22.0
22.0
22.0
22.1215
22.1796
22.2049
22.2173
22.2347
22.2387
22.3141
22.3335
22.3478
22.3722
22.3915
22.4129
22.4293
22.4873
22.5568
22.6352
22.6699
22.727
22.729
22.7474
23.0
23.0
23.0347
23.0451
23.1285
23.3121
23.3151
23.3752
23.461
23.4873
23.5354
23.6526
23.7126
23.7523
23.7687
23.7901
23.8565
23.8565
23.8575
23.8749
23.9126
23.9339
23.9389
24.0
24.0
24.0
24.0
24.0
24.0
24.0
24.0
24.0
24.0
24.0
24.0144
24.0451
24.0828
24.2724
24.2784
24.3181
24.3558
24.6148
24.6566
24.7677
24.7811
24.9523
25.0
25.0
25.0
25.0
25.0
25.0
25.0541
25.2724
25.3468
25.3752
25.4312
25.6392
25.6496
25.7434
25.9216
25.9697
25.9707
26.0
26.0
26.0
26.0838
26.1012
26.1826
26.1846
26.251
26.258
26.259
26.3375
26.3672
26.3835
26.3855
26.4039
26.4263
26.4883
26.4977
26.6282
26.6322
26.6362
26.6769
26.6893
26.6943
26.7086
26.733
26.733
26.7523
26.7617
26.8024
26.8992
27.0
27.0
27.0
27.0
27.0
27.0
27.0
27.0541
27.0625
27.0714
27.0918
27.2133
27.2724
27.2987
27.3091
27.4303
27.4853
27.6302
27.6392
27.6526
27.6659
27.733
27.8982
27.8982
27.9543
27.9707
28.0
28.0154
28.0501
28.0541
28.1215
28.1622
28.2704
28.3265
28.3375
28.3498
28.3935
28.523
28.526
28.5404
28.5801
28.6466
28.6933
28.6953
28.7146
28.7513
28.8352
28.8992
28.9399
29.0615
29.0615
29.0918
29.1552
29.1672
29.2694
29.2908
29.3375
29.3375
29.3752
29.4129
29.457
29.462
29.5751
29.7687
30.0
30.0471
30.0654
30.1275
30.1662
30.2997
30.3375
30.4039
30.4243
30.4753
30.4987
30.5424
30.5731
30.5801
30.6843
30.7146
30.7964
30.8198
30.8585
30.9319
31.0
31.0
31.1275
31.1295
31.198
31.2764
31.3855
31.4376
31.5067
31.5608
31.6546
31.6759
31.6933
31.723
31.7394
31.7434
31.7513
31.7687
31.8555
31.8749
31.9012
32.0
32.0
32.0
32.0064
32.0828
32.1245
32.1542
32.1612
32.1736
32.2714
32.3171
32.3528
32.3752
32.4456
32.469
32.5538
32.5568
32.5608
32.6362
32.6749
32.6893
32.7994
32.8441
32.8655
32.8719
32.8719
33.0
33.0104
33.0828
33.1002
33.1836
33.2774
33.2927
33.3255
33.3498
33.4069
33.4183
33.4203
33.4783
33.6015
33.6923
33.7056
33.7076
33.8371
33.9299
33.9483
34.0064
34.1612
34.2997
34.5771
34.5975
34.6168
34.6392
34.6639
34.7056
34.721
34.8228
34.9096
34.985
34.994
35.0
35.0
35.0
35.0511
35.0694
35.0724
35.0768
35.1245
35.2029
35.255
35.2674
35.2714
35.2764
35.2967
35.4763
35.6312
35.6913
35.7627
35.8401
35.8615
35.8769
35.8992
36.0684
36.1295
36.1439
36.1582
36.195
36.3181
36.3225
36.3752
36.3825
36.4129
36.4833
36.5488
36.6059
36.6138
36.8495
36.8655
36.983
37.0
37.0197
37.0952
37.1102
37.1856
37.2297
37.2684
37.2947
37.3835
37.3969
37.5628
37.6863
37.8044
37.8148
37.8495
37.991
38.0381
38.0511
38.0565
38.193
38.3021
38.3582
38.3642
38.3855
38.3885
38.4233
38.467
38.4937
38.523
38.7463
38.7513
38.8064
38.8709
38.9339
39.0
39.1816
39.2644
39.2997
39.3742
39.3915
39.5478
39.7394
39.7821
39.8595
39.9166
39.98
39.991
40.0371
40.0585
40.1175
40.1359
40.2818
40.3181
40.3458
40.3949
40.3949
40.4049
40.4119
40.4376
40.5111
40.5201
40.6649
40.7096
40.8098
40.8779
40.9176
40.9299
40.9593
41.0481
41.0704
41.0942
41.2073
41.2203
41.258
41.2927
41.3195
41.3215
41.3418
41.3582
41.3752
41.3845
41.454
41.4937
41.6773
41.717
41.723
41.7424
41.7721
41.8218
41.8485
41.9339
41.9543
41.993
42.0
42.0644
42.1032
42.1072
42.2287
42.2377
42.2838
42.3051
42.3245
42.3398
42.3458
42.4273
42.5498
42.726
42.7627
42.7944
42.7964
42.8595
43.0421
43.1175
43.1542
43.2123
43.251
43.4406
43.457
43.458
43.5171
43.731
43.8332
43.8362
43.8739
43.8759
43.9423
44.0157
44.0257
44.187
44.2684
44.2774
44.3021
44.3642
44.3662
44.4009
44.4446
44.6202
44.6629
44.6853
44.8649
44.9086
44.979
45.1135
45.1155
45.1155
45.1419
45.1419
45.1483
45.1746
45.2744
45.2967
45.3195
45.3245
45.3378
45.3825
45.4977
45.9319
46.0277
46.0535
46.1145
46.3181
46.3235
46.4703
46.5845
46.5885
46.5935
46.6739
46.7066
46.7891
46.8421
46.8649
46.8729
46.9056
46.9984
47.0227
47.244
47.521
47.5761
47.5895
47.5989
47.6559
47.7507
47.8799
47.988
48.0708
48.1419
48.1493
48.3498
48.4476
48.6302
48.6396
48.8128
48.8659
48.8862
48.9096
48.9186
49.2123
49.2247
49.3041
49.3726
49.4987
49.5171
49.9056
50.0511
50.0704
50.1756
50.3255
50.3305
50.4957
50.5047
50.5518
50.8004
50.8595
50.8659
50.8922
50.9329
50.9383
50.9657
50.976
51.0
51.195
51.3378
51.3428
51.3806
51.3835
51.3979
51.456
51.6639
51.6947
51.71
51.9647
52.1175
52.1349
52.1706
52.3706
52.4266
52.5601
52.6793
52.7721
52.8232
52.8545
52.9016
53.1095
53.2043
53.2644
53.2778
53.4203
53.5845
53.7284
53.8495
53.919
53.974
54.1389
54.1616
54.247
54.2941
54.3806
54.4296
54.5324
54.5865
54.7354
54.7964
55.3889
55.4366
55.464
55.5121
55.6783
55.7374
55.7761
55.7761
55.7854
55.8048
55.8302
56.3358
56.3418
56.3736
56.5364
56.6346
56.6599
56.6937
57.0331
57.189
57.5324
57.8772
57.8792
57.9006
58.0565
58.2377
58.2397
58.2997
58.6009
58.723
58.7864
58.8018
58.8048
58.8302
58.921
58.9527
59.0074
59.1532
59.2911
59.713
59.718
59.8068
59.8222
59.8475
60.0758
60.189
60.3949
60.5775
60.7146
60.8272
60.8282
60.8545
60.913
61.1052
61.2991
61.4053
61.4713
61.8759
61.9914
62.2013
62.2167
62.2287
62.2868
62.3348
62.3522
62.3572
62.3959
62.443
62.5051
62.6609
62.7731
62.7854
63.0942
63.1259
63.1423
63.1503
63.1736
63.2157
63.3279
63.5254
63.5885
63.6723
63.9333
63.9383
63.9443
64.0748
64.2888
64.8182
64.8629
64.8862
64.8932
64.9954
65.3582
65.4777
65.7467
65.7845
65.9323
66.0902
66.2788
66.4664
66.5845
66.8589
66.969
67.0425
67.441
67.5234
67.715
68.175
68.2778
68.3135
68.3141
68.4564
68.4807
68.5334
68.5418
68.6643
68.718
68.8028
68.8212
68.9934
69.0108
69.0415
69.3378
69.3859
69.4196
69.5194
69.5815
69.6142
69.6693
70.3462
70.3809
71.0127
71.0231
71.7527
71.8395
71.978
72.2053
72.2504
72.7427
73.1249
74.4173
74.4624
74.5328
75.3839
75.7424
75.7765
75.9487
76.195
76.1993
76.5765
76.982
77.2281
77.3115
77.5959
77.6857
77.8122
78.5919
78.6236
78.6907
78.7427
79.0028
79.2484
79.2678
80.0932
80.1496
80.3616
80.5452
80.7865
81.0578
81.0688
81.1215
81.3626
81.7046
81.7407
81.9026
82.0241
82.6757
82.7681
83.0465
83.3512
83.3696
83.6196
84.1169
84.1466
84.1914
84.9904
85.0345
85.5318
86.1179
86.2921
86.8826
87.0886
87.8429
87.9283
88.2211
88.2658
89.2241
90.3699
90.8733
91.4687
91.8489
92.2668
92.2812
92.4767
92.7318
92.7551
92.9754
93.0455
93.0702
93.0792
93.5855
93.691
94.0305
94.3943
94.5973
94.7084
95.2027
95.3983
95.4137
95.633
95.6503
96.8305
96.8589
96.9641
97.2861
97.6186
97.6957
98.2955
98.3933
98.9183
99.4607
100.8583
101.2147
101.2895
101.6573
102.2181
102.2221
102.2324
102.7397
103.3249
103.4404
104.0241
104.1263
104.2241
104.9491
105.637
105.9153
106.0315
106.2191
106.5041
106.9317
107.9277
108.5933
108.7004
109.3853
110.2354
110.6513
110.7064
112.0439
112.1065
112.6126
112.7635
112.9828
113.1824
113.3358
113.5292
114.7411
115.1317
115.9263
116.0796
116.6667
117.2622
117.3436
117.7982
117.9644
119.892
120.16
120.2448
120.6423
121.1009
121.629
122.8636
123.6637
123.9401
124.6771
124.9982
125.8156
126.4478
126.9952
127.623
129.888
130.9391
136.5943
140.1103
140.7599
145.6333
151.2105
151.4969
152.5286
153.7729
155.2452
155.5956
155.8844
157.2055
160.6457
163.0509
164.2155
166.1514
166.9545
174.5242
176.0666
194.0199
210.3987
213.5553
248.8668
