3.0
3.0
3.0
3.0
3.0
3.0
3.0
3.0
3.0
3.0
3.0
4.0
4.0
4.0
4.0
4.0
4.0
4.0
4.5328
4.5328
4.6839
4.9861
4.9861
4.9861
5.0
6.0
6.2882
6.6481
6.7415
6.7992
7.0437
7.1948
7.2524
7.3459
7.4393
7.7992
7.835
8.159
8.159
8.3459
8.497
9.2524
9.3677
9.4612
9.6123
9.6481
9.6699
10.0655
10.1232
10.3459
10.3677
10.3817
10.497
10.5188
10.6123
10.7276
10.8787
10.8926
11.0655
11.1808
11.1808
11.2166
11.2166
11.3319
11.5904
11.6123
11.6341
11.6699
11.7276
11.7852
11.8787
11.9145
12.1808
12.483
12.6918
12.9145
12.994
13.1948
13.2166
13.2961
13.4472
13.4472
13.5188
13.9005
14.0516
14.0516
14.1013
14.1232
14.1808
14.1808
14.2385
14.2961
14.3896
14.6699
14.6918
14.9005
14.9145
14.9363
15.0516
15.0874
15.2027
15.2027
15.4472
15.5407
15.656
15.8647
15.9582
16.0158
16.1092
16.6918
16.7136
16.7713
16.8647
16.994
16.994
17.0734
17.6202
17.6202
18.1092
18.145
18.4691
18.6202
18.7136
18.7355
18.7355
18.7355
18.7713
18.8289
18.8289
18.8647
18.8647
18.8866
19.3398
19.3398
19.5267
19.7355
19.7931
20.1311
20.1669
20.2245
20.3398
20.5267
20.5625
20.642
20.8508
21.0019
21.0019
21.0734
21.2464
21.2822
21.318
21.318
21.4909
21.5486
21.642
21.7573
21.9084
22.0595
22.0734
22.1529
22.1529
22.2106
22.3617
22.4333
22.5486
23.0595
23.0953
23.2682
23.4193
23.4551
23.5704
23.6062
24.0237
24.0237
24.0953
24.2106
24.2682
24.2682
24.304
24.4193
24.5128
24.5704
24.7792
24.9084
24.9303
25.0237
25.0595
25.0813
25.0813
25.1748
25.5128
25.5704
25.6281
25.6857
25.7215
25.815
25.8368
26.0019
26.0813
26.2682
26.3617
26.3835
26.5346
26.5486
26.6281
26.6281
26.7434
26.7434
26.7792
26.815
26.8368
26.8368
26.9879
27.0237
27.0455
27.2324
27.2324
27.3477
27.3835
27.4412
27.4988
27.5346
27.5923
27.6281
27.7434
27.7434
27.7434
27.7573
27.7792
27.815
27.8368
27.8726
28.0237
28.0237
28.0455
28.0455
28.2324
28.2543
28.2901
28.2901
28.3975
28.4054
28.4988
28.6281
28.6499
28.6857
28.7076
28.8726
28.8945
28.9879
29.0098
29.0237
29.0455
29.1032
29.1032
29.1032
29.139
29.139
29.1608
29.1608
29.1966
29.2901
29.3119
29.3477
29.463
29.463
29.463
29.6499
29.6499
29.9163
30.0674
30.0674
30.1608
30.2185
30.2543
30.5207
30.5565
30.6718
30.6718
30.7076
30.7434
30.7652
30.7652
30.8587
30.974
31.0098
31.1608
31.1608
31.1966
31.2185
31.2761
31.3696
31.4054
31.4193
31.463
31.8587
31.9521
31.974
31.974
32.0098
32.2185
32.3696
32.3835
32.4272
32.463
32.4849
32.636
32.636
32.7294
32.7652
32.7871
32.7871
32.9163
32.9382
32.9521
33.0316
33.1032
33.1608
33.2185
33.2403
33.2403
33.2403
33.3338
33.4272
33.463
33.463
33.5425
33.6281
33.6499
33.7076
33.7294
33.7294
33.8229
33.8587
33.8587
34.0892
34.0892
34.1469
34.2403
34.3914
34.4054
34.4491
34.5207
34.5207
34.6002
34.7294
34.7871
34.801
34.8805
34.9382
35.0535
35.0535
35.1469
35.2185
35.2403
35.2543
35.2761
35.298
35.3556
35.3696
35.4491
35.5207
35.5425
35.5565
35.6002
35.636
35.636
35.7931
35.8089
35.8447
35.9382
35.96
36.0535
36.1469
36.2761
36.3338
36.4133
36.5207
36.6578
36.6578
36.6718
36.8089
36.8447
36.9024
36.9163
36.9382
37.1111
37.1469
37.1687
37.2045
37.2622
37.2761
37.298
37.3198
37.3914
37.4491
37.4849
37.5644
37.6002
37.622
37.6578
37.6578
37.6936
37.7155
37.8089
37.8447
37.8666
37.974
38.0177
38.2761
38.3338
38.3556
38.4133
38.4133
38.4491
38.4709
38.4849
38.5286
38.5425
38.6141
38.6797
38.7731
39.0535
39.0753
39.0753
39.2045
39.2264
39.2264
39.284
39.6578
39.8308
39.96
40.0535
40.1687
40.1687
40.1906
40.1906
40.3417
40.3775
40.4133
40.5644
40.5862
40.7731
40.8308
40.8666
40.8884
40.9819
41.0177
41.1111
41.2482
41.3198
41.3993
41.3993
41.4351
41.5286
41.622
41.6439
41.6797
41.7015
41.8308
41.8884
41.8884
41.9242
41.9819
42.0037
42.0395
42.0395
42.1329
42.1548
42.1548
42.3993
42.4351
42.4709
42.4928
42.5504
42.6002
42.622
42.6578
42.6797
42.8308
42.8526
42.9103
42.9242
42.9242
42.9819
43.0614
43.1329
43.1548
43.1906
43.2264
43.2264
43.284
43.3993
43.457
43.5146
43.5146
43.6439
43.7015
43.8168
43.9103
44.0037
44.0177
44.0614
44.2124
44.2701
44.2701
44.3059
44.3417
44.3993
44.5286
44.622
44.6439
44.6657
44.6657
44.7015
44.7155
44.8526
44.8745
44.9103
44.9242
44.9679
45.0256
45.0614
45.1548
45.2124
45.2482
45.3059
45.3775
45.3993
45.4788
45.5286
45.5723
45.7015
45.8168
45.9321
45.9461
45.9461
45.9461
45.9679
46.0614
46.0832
46.0971
46.119
46.1548
46.1548
46.1766
46.2482
46.6657
46.6657
46.7234
46.8745
46.9103
46.9321
47.119
47.1766
47.1766
47.2343
47.2919
47.2919
47.2919
47.3277
47.3277
47.4212
47.443
47.457
47.5146
47.5504
47.5723
47.5941
47.5941
47.7234
47.7452
47.7452
47.9819
48.0256
48.0316
48.0474
48.0614
48.1906
48.2701
48.3277
48.3496
48.3635
48.3635
48.5007
48.5007
48.5007
48.5007
48.5365
48.5941
48.6518
48.6876
48.7452
48.8168
48.8963
48.8963
49.105
49.2701
49.3496
49.3496
49.3993
49.4072
49.5504
49.5583
49.7015
49.7452
49.8029
49.8526
49.8963
50.0116
50.0474
50.105
50.119
50.1408
50.1627
50.2561
50.3496
50.4072
50.4212
50.5146
50.5941
50.616
50.6518
50.7452
50.8526
50.8963
51.0256
51.0474
51.0474
51.0693
51.105
51.1985
51.2203
51.2561
51.3138
51.3714
51.3714
51.7671
51.8247
51.8247
51.8605
51.9182
51.954
51.9898
51.9898
52.0116
52.0474
52.1627
52.1627
52.2203
52.3138
52.3277
52.3714
52.4072
52.4291
52.443
52.4649
52.5583
52.5802
52.5941
52.6657
52.6736
52.6736
52.7094
52.9758
52.9758
53.0335
53.0335
53.0693
53.0693
53.0693
53.105
53.1627
53.278
53.278
53.3138
53.3138
53.3138
53.3138
53.3356
53.3635
53.4072
53.4867
53.5225
53.5225
53.5225
53.5802
53.6378
53.7094
53.7313
53.7452
53.8824
53.8824
53.9182
53.94
53.9758
53.9758
54.0335
54.0335
54.0335
54.0693
54.105
54.1269
54.2422
54.278
54.3714
54.3933
54.3933
54.4291
54.443
54.4649
54.4867
54.4867
54.4867
54.5444
54.6955
54.7313
54.7313
54.9182
54.954
55.0335
55.0911
55.1269
55.1269
55.3356
55.3714
55.5225
55.5444
55.8466
55.9042
55.9042
55.94
56.0474
56.0553
56.0911
56.1487
56.1487
56.2998
56.3356
56.3356
56.3356
56.3575
56.4867
56.616
56.6518
56.7531
56.7531
56.7531
56.7671
56.7671
56.7889
56.8108
56.9042
56.9182
56.94
56.94
57.0335
57.0693
57.0911
57.0911
57.1129
57.1985
57.2422
57.3356
57.3575
57.3575
57.3933
57.5086
57.5444
57.602
57.602
57.7173
57.7531
57.7531
57.8108
57.8108
57.8824
57.9042
57.94
57.9619
57.9758
57.9977
58.0911
58.1129
58.1487
58.1706
58.1985
58.2064
58.264
58.264
58.2998
58.4509
58.5583
58.5662
58.602
58.6378
58.6597
58.7173
58.7531
58.7531
58.8605
58.8684
58.9261
58.9261
58.9619
59.0195
59.0195
59.1129
59.1129
59.1706
59.2064
59.2282
59.264
59.3714
59.4728
59.4728
59.5304
59.5304
59.5304
59.602
59.6239
59.6239
59.6597
59.6597
59.6815
59.8108
59.9042
59.9619
59.9837
59.9837
60.0553
60.0553
60.0693
60.0772
60.0911
60.1706
60.2064
60.2422
60.264
60.264
60.2859
60.3793
60.3933
60.3933
60.3933
60.4728
60.5304
60.5444
60.5444
60.5662
60.5881
60.5881
60.6597
60.6597
60.6815
60.6815
60.6955
60.7173
60.7173
60.7173
60.7531
61.0195
61.0195
61.0335
61.0772
61.1348
61.1706
61.1706
61.2282
61.264
61.264
61.2859
61.3435
61.3793
61.4151
61.437
61.5086
61.5304
61.5662
61.6457
61.6457
61.6457
61.7392
61.8326
61.8903
61.8903
61.9619
61.9758
61.9837
62.099
62.099
62.1924
62.2282
62.2501
62.2859
62.2859
62.2859
62.3435
62.3435
62.4151
62.4728
62.4946
62.4946
62.4946
62.5304
62.5304
62.5304
62.5881
62.7034
62.7034
62.7392
62.775
62.7968
62.8545
62.8903
62.8903
62.9042
62.9261
62.94
63.0056
63.0195
63.099
63.1566
63.2501
63.3077
63.3077
63.3435
63.3435
63.4151
63.4946
63.5304
63.5523
63.5662
63.602
63.761
63.7968
63.8903
63.9479
64.0056
64.0195
64.0632
64.0911
64.0911
64.1566
64.1566
64.1845
64.1924
64.2501
64.2501
64.3077
64.3077
64.3435
64.4012
64.437
64.4588
64.4728
64.5523
64.5881
64.6099
64.6457
64.6676
64.6676
64.7034
64.761
64.9121
64.9479
64.9698
64.9837
65.1348
65.1566
65.1924
65.2282
65.2282
65.264
65.3077
65.3077
65.423
65.5741
65.6099
65.7252
65.7252
65.8187
65.8545
65.8545
65.8545
65.8545
65.8763
65.8763
65.9479
65.9698
65.9698
65.9698
66.0274
66.0414
66.099
66.1566
66.2064
66.2143
66.264
66.3077
66.3296
66.3435
66.4807
66.4807
66.5304
66.5304
66.5741
66.5881
66.6318
66.6457
66.6815
66.7252
66.8187
66.8763
66.8763
66.9121
67.0414
67.0632
67.0632
67.0632
67.0632
67.0851
67.0851
67.2361
67.2719
67.2859
67.3077
67.4012
67.4807
67.5383
67.5881
67.6318
67.6894
67.7968
67.7968
67.8763
67.8763
67.9121
67.9121
67.9698
68.0632
68.1348
68.2719
68.2719
68.2719
68.2938
68.2938
68.3077
68.4012
68.423
68.4588
68.6457
68.7034
68.7471
68.8545
68.8763
68.8982
68.9121
68.9916
68.9916
69.0056
69.0274
69.0493
69.0632
69.1427
69.1924
69.2003
69.2003
69.2003
69.2361
69.2361
69.2938
69.2938
69.3296
69.3514
69.596
69.6318
69.6894
69.7034
69.7252
69.761
69.761
69.7829
69.7829
69.8187
69.9121
69.9558
69.9698
70.0274
70.0851
70.0851
70.1069
70.1069
70.1785
70.1785
70.2361
70.3077
70.3514
70.3872
70.4091
70.4091
70.5025
70.5741
70.6894
70.6894
70.7034
70.7829
70.8405
70.8624
70.8903
70.8982
70.8982
70.9558
71.0135
71.0135
71.0135
71.0632
71.1785
71.1785
71.2003
71.258
71.2938
71.3156
71.3654
71.423
71.5025
71.5383
71.6894
71.6894
71.7252
71.8047
71.8763
71.8982
71.8982
71.92
71.9916
72.0135
72.0195
72.0493
72.1069
72.1646
72.2003
72.2222
72.3514
72.3733
72.3872
72.4091
72.4091
72.4091
72.423
72.4807
72.5025
72.5244
72.5741
72.6178
72.6755
72.7471
72.7829
72.8047
72.8405
72.8624
72.8624
72.8982
72.9558
73.0493
73.0711
73.1288
73.2222
73.2222
73.2222
73.2222
73.2222
73.258
73.2798
73.3733
73.4667
73.4667
73.5602
73.582
73.7113
73.7331
73.7331
73.7331
73.8047
73.8842
73.92
73.9777
73.9777
74.0135
74.0711
74.0711
74.1288
74.1646
74.2143
74.2222
74.258
74.258
74.3733
74.582
74.6318
74.6755
74.7331
74.8624
74.9419
75.0353
75.0851
75.0929
75.0929
75.1288
75.1427
75.244
75.244
75.3156
75.3375
75.3733
75.3951
75.3951
75.4667
75.4667
75.4886
75.4886
75.5244
75.5462
75.5462
75.5462
75.6536
75.6755
75.6755
75.6755
75.8266
75.8484
75.8624
75.9777
75.9777
75.9777
75.9777
75.9777
75.9995
75.9995
76.0135
76.1646
76.1864
76.2003
76.244
76.2938
76.3017
76.3514
76.3951
76.4528
76.4528
76.4528
76.6039
76.6318
76.6973
76.6973
76.7471
76.7908
76.7908
76.92
76.92
76.9419
76.9419
76.9995
77.0711
77.1506
77.1506
77.1506
77.3375
77.3375
77.3951
77.4309
77.4309
77.4667
77.4886
77.5104
77.6397
77.6973
77.6973
77.8405
77.9061
77.92
78.0135
78.244
78.3375
78.3593
78.3733
78.3951
78.417
78.417
78.417
78.5462
78.5681
78.5681
78.582
78.6536
78.6973
78.6973
78.7908
78.7908
78.8703
78.8842
78.8842
78.8842
79.0214
79.0572
79.0929
79.1148
79.1646
79.2082
79.2082
79.2082
79.3017
79.3593
79.417
79.4746
79.5681
79.5681
79.582
79.6039
79.6039
79.6615
79.6973
79.7768
79.8842
79.9061
79.9637
79.9637
79.9637
80.244
80.2659
80.3235
80.417
80.4528
80.4528
80.4746
80.5244
80.5244
80.5244
80.6257
80.6257
80.6615
80.6834
80.6973
80.7192
80.755
80.8484
80.9279
80.9279
80.9777
80.9856
81.0214
81.0572
81.0929
81.1148
81.1646
81.244
81.2798
81.2877
81.4528
81.4746
81.4746
81.4746
81.5104
81.6615
81.6834
81.6834
81.6834
81.7331
81.8484
81.8484
81.8484
81.8703
81.8921
81.9279
81.9279
81.9856
82.079
82.1148
82.1367
82.1724
82.2082
82.2659
82.3235
82.4388
82.4965
82.6039
82.6257
82.6476
82.6615
82.9279
83.0432
83.0711
83.1009
83.2301
83.2519
83.2519
83.4965
83.4965
83.5323
83.5681
83.6476
83.8563
83.9061
83.9279
84.0214
84.0214
84.0432
84.1148
84.1148
84.1148
84.1367
84.1585
84.2519
84.3096
84.3096
84.3951
84.5323
84.5462
84.5899
84.6257
84.6257
84.6257
84.6973
84.7052
84.741
84.741
84.741
84.7629
84.7908
84.8703
84.914
84.9279
84.9279
84.9498
84.9498
85.0214
85.0432
85.0432
85.0651
85.0651
85.1009
85.1367
85.1724
85.2082
85.2161
85.2519
85.3017
85.3454
85.3593
85.3593
85.3812
85.4607
85.5323
85.5323
85.5541
85.6118
85.6257
85.6834
85.8703
85.914
85.9856
86.0074
86.0074
86.1585
86.1585
86.1943
86.2519
86.2738
86.3672
86.403
86.403
86.5183
86.5183
86.5183
86.5183
86.6118
86.6694
86.6834
86.7271
86.7629
86.8782
86.9279
86.9498
86.9716
87.0293
87.0651
87.1585
87.1943
87.2161
87.2161
87.2738
87.2738
87.2738
87.3096
87.3096
87.3314
87.3314
87.3314
87.3454
87.3672
87.403
87.403
87.5183
87.5541
87.7052
87.7271
87.7629
87.8205
87.8782
87.9358
87.9498
87.9716
87.9716
88.0074
88.0869
88.1009
88.1009
88.1804
88.238
88.244
88.2519
88.2738
88.4388
88.4746
88.4825
88.5183
88.5402
88.5541
88.6336
88.6694
88.6913
88.6913
88.7271
88.741
88.8424
88.8782
88.9716
89.0293
89.1227
89.1227
89.1446
89.1804
89.3314
89.3314
89.3672
89.3672
89.4607
89.4825
89.5541
89.6476
89.7629
89.7847
89.7847
89.8424
89.8424
89.9
89.9358
89.9716
90.0293
90.0511
90.2519
90.3096
90.4467
90.4467
90.4607
90.5183
90.5402
90.5402
90.6913
90.7629
90.8205
90.8782
90.8782
90.9
90.9
90.9935
90.9935
91.0432
91.0869
91.1009
91.1088
91.1088
91.1088
91.1446
91.1446
91.2022
91.2161
91.2956
91.3314
91.3672
91.4109
91.4109
91.4467
91.5044
91.5402
91.7131
91.7131
91.7131
91.7131
91.7271
91.7489
91.7489
91.8066
91.8642
91.9935
91.9935
92.0153
92.0511
92.1227
92.1367
92.1446
92.1664
92.1664
92.2022
92.238
92.3096
92.3175
92.3533
92.5044
92.5044
92.5541
92.6336
92.6336
92.7131
92.7271
92.7489
92.8066
92.8424
92.9
92.9
92.914
92.9219
92.9577
92.9577
92.9935
93.0153
93.073
93.0869
93.0869
93.1088
93.3175
93.3533
93.3751
93.3891
93.4249
93.4686
93.5262
93.5402
93.562
93.576
93.6555
93.6773
93.7489
93.7708
93.8424
94.1088
94.1227
94.3175
94.3751
94.4328
94.4467
94.4686
94.4825
94.5262
94.5541
94.5839
94.6336
94.6773
94.6773
94.6773
94.735
94.735
94.7489
94.8066
94.8284
94.8642
94.8861
94.9219
94.9795
94.9795
95.0153
95.1306
95.1664
95.224
95.2519
95.2598
95.2817
95.3175
95.3393
95.3393
95.3751
95.4328
95.4328
95.4328
95.4904
95.5044
95.562
95.6336
95.6415
95.7131
95.7708
95.7926
95.7926
95.8861
95.8861
95.9
95.9716
95.9795
96.0153
96.0372
96.0372
96.073
96.0948
96.0948
96.224
96.2459
96.2817
96.3393
96.3751
96.397
96.4109
96.4328
96.5262
96.562
96.576
96.6197
96.6336
96.6555
96.6773
96.6773
96.6913
96.6992
96.735
96.735
96.8503
96.9219
96.9935
97.0948
97.224
97.2459
97.3751
97.397
97.4546
97.5481
97.6057
97.6057
97.6057
97.6415
97.6555
97.6773
97.6773
97.6913
97.7131
97.7847
97.7926
97.7926
97.9219
97.9437
97.9795
98.0948
98.1664
98.1882
98.224
98.224
98.3393
98.4249
98.4904
98.5123
98.562
98.6057
98.6992
98.735
98.7489
98.7568
98.8861
98.9079
98.9577
99.0372
99.0511
99.059
99.1306
99.1664
99.2101
99.2817
99.3612
99.3612
99.397
99.4328
99.4328
99.4686
99.5699
99.6057
99.6415
99.6634
99.6992
99.721
99.7568
99.7568
99.8145
99.8721
99.9656
100.0014
100.0372
100.1306
100.1525
100.2101
100.2677
100.2817
100.3254
100.3612
100.4188
100.4546
100.4765
100.5481
100.6634
100.721
100.7568
100.7926
100.8721
100.8721
100.9219
100.9298
100.9298
101.0014
101.1167
101.2101
101.2319
101.2677
101.2817
101.4188
101.4188
101.4686
101.5699
101.721
101.7787
101.8721
101.9079
101.9298
101.9298
102.0232
102.059
102.0948
102.1385
102.1525
102.1525
102.1743
102.1882
102.2101
102.2319
102.2677
102.2896
102.3254
102.397
102.4407
102.4765
102.4765
102.5341
102.5481
102.5699
102.6057
102.6852
102.7568
102.7568
102.8145
102.8363
102.8721
102.9298
102.9437
102.9874
103.0451
103.0451
103.1962
103.2319
103.2896
103.4904
103.5918
103.6415
103.6634
103.735
103.7429
103.8145
103.8861
103.894
103.9516
103.9656
104.0232
104.0451
104.059
104.1743
104.1962
104.1962
104.2101
104.2319
104.2319
104.2896
104.3472
104.4049
104.4765
104.4983
104.5699
104.6494
104.6852
104.7787
104.8005
104.8582
104.8582
104.9874
105.1743
105.1962
105.2896
105.3114
105.3114
105.3472
105.4983
105.5918
105.6634
105.6852
105.7429
105.7647
105.894
105.894
105.9298
105.9298
106.0809
106.1306
106.3114
106.3612
106.3691
106.3691
106.3691
106.383
106.4407
106.4407
106.6415
106.7429
106.7647
106.8224
106.8224
106.8224
106.8224
106.8582
106.894
106.9079
106.9158
106.9158
106.9516
106.9516
106.9735
107.0809
107.1246
107.1246
107.1385
107.3114
107.3393
107.3472
107.3691
107.4267
107.4267
107.4407
107.4983
107.556
107.5699
107.5778
107.5778
107.5778
107.5778
107.6494
107.6713
107.7071
107.9158
107.9158
107.9874
108.0669
108.0809
108.1027
108.1822
108.1822
108.2896
108.3472
108.4983
108.4983
108.5202
108.556
108.5778
108.6713
108.8224
108.8224
108.8582
109.0451
109.0669
109.0809
109.0888
109.1027
109.1385
109.1385
109.218
109.2757
109.2757
109.3333
109.3612
109.3691
109.3691
109.4267
109.4267
109.5341
109.542
109.6136
109.6136
109.6355
109.6713
109.6931
109.6931
109.6931
109.7289
109.7787
109.88
109.9377
110.0888
110.0888
110.2538
110.4049
110.4765
110.4844
110.4844
110.5123
110.5778
110.5918
110.6713
110.6931
110.7071
110.7508
110.9377
110.9953
110.9953
111.0888
111.1385
111.1962
111.3114
111.4486
111.4486
111.6355
111.6931
111.7508
111.7647
111.8084
111.88
111.9019
111.9595
111.9953
112.053
112.1167
112.1246
112.2398
112.2617
112.3114
112.3691
112.4844
112.556
112.5997
112.7289
112.8084
112.8084
112.8224
112.8442
112.8442
112.9735
112.9953
112.9953
113.0669
113.0888
113.1683
113.1683
113.204
113.2617
113.2617
113.2975
113.3193
113.3193
113.3193
113.4267
113.4486
113.4486
113.5778
113.6573
113.8661
113.8661
113.9377
114.204
114.2617
114.2617
114.3551
114.3691
114.377
114.4128
114.4844
114.6215
114.8084
114.9377
114.9814
114.9814
114.9814
114.9953
115.053
115.1325
115.1325
115.1325
115.2259
115.2398
115.2835
115.2975
115.3551
115.3551
115.5639
115.5857
115.5997
115.6931
115.8084
115.9019
115.9019
115.9595
116.0888
116.1464
116.204
116.2398
116.2617
116.2835
116.3412
116.4346
116.4346
116.4346
116.4923
116.6573
116.715
116.7508
116.8879
116.9237
116.9814
117.039
117.039
117.0748
117.2835
117.2835
117.5281
117.5281
117.5499
117.5857
117.5857
117.5857
117.7945
117.7945
117.8224
117.8879
117.9814
117.9814
118.0967
118.1543
118.3193
118.4765
118.5639
118.5857
118.6076
118.6215
118.6792
118.6792
118.9098
119.0748
119.1325
119.1543
119.212
119.2835
119.3412
119.4565
119.5281
119.5499
119.5499
119.5499
119.6076
119.7587
119.7726
119.8163
119.8879
119.9098
119.9237
119.9674
119.9953
120.0032
120.0669
120.1683
120.1901
120.212
120.363
120.4346
120.5718
120.5857
120.6076
120.7945
120.8521
120.9098
120.9098
120.9098
121.0251
121.1106
121.1185
121.1185
121.1762
121.3272
121.3551
121.3988
121.3988
121.4207
121.6294
121.701
121.7587
121.7805
121.8163
121.8521
121.8521
121.874
121.874
121.9674
122.0827
122.1464
122.1901
122.363
122.5281
122.536
122.536
122.6792
122.8661
122.9456
123.0609
123.0609
123.0748
123.1543
123.2696
123.2915
123.3988
123.4783
123.4923
123.5281
123.536
123.5857
123.6652
123.701
123.7945
123.8521
123.9316
124.1404
124.198
124.2338
124.3272
124.3491
124.3849
124.4425
124.536
124.536
124.536
124.6513
124.6871
124.7447
124.7945
124.8024
124.8024
124.9316
124.9535
125.1325
125.198
125.2338
125.2696
125.3272
125.377
125.3849
125.4067
125.4425
125.4783
125.4783
125.5578
125.5936
125.7089
125.7447
125.8024
126.0827
126.1404
126.212
126.3054
126.3133
126.3272
126.3491
126.3491
126.4067
126.4067
126.4067
126.4067
126.5002
126.536
126.7229
126.9177
126.9456
126.9535
126.9535
127.0827
127.1404
127.1762
127.212
127.2338
127.2915
127.3709
127.3709
127.3849
127.4425
127.4644
127.4783
127.5578
127.6155
127.6652
127.7447
127.7666
127.7666
127.7945
127.9316
127.9893
128.0688
128.1185
128.1264
128.1901
128.2556
128.4783
128.522
128.6155
128.6155
128.6871
128.7447
128.8024
128.8242
128.86
128.9177
128.9753
129.0111
129.0111
129.1046
129.1264
129.2556
129.2775
129.2914
129.3133
129.5797
129.6373
129.9177
129.9316
130.0906
130.1761
130.2198
130.3928
130.5439
130.5439
130.5797
130.6155
130.6731
130.6871
130.7666
130.8382
130.8461
130.8461
131.0906
131.1483
131.1841
131.1841
131.4067
131.4286
131.6015
131.6155
131.6513
131.7308
131.7308
131.8163
131.8819
131.9037
131.9177
131.9177
132.033
132.1264
132.1841
132.2059
132.2198
132.2417
132.2417
132.2993
132.357
132.3928
132.4504
132.5578
132.6592
132.6592
132.6731
132.8103
132.8819
132.9972
132.9972
133.2635
133.2635
133.3491
133.357
133.4146
133.5657
133.5657
133.5657
133.5797
133.6015
133.8679
133.8819
134.1841
134.2556
134.2775
134.2914
134.5439
134.5578
134.6234
134.7168
134.7447
134.8103
134.8819
134.9614
134.9972
135.1701
135.2059
135.2635
135.2993
135.3928
135.4146
135.4286
135.5657
135.5797
135.8461
135.9256
135.9832
136.0906
136.1701
136.1841
136.2775
136.2854
136.3351
136.4146
136.4504
136.5439
136.5876
136.5876
136.6015
136.6015
136.7168
136.7308
136.7387
136.7387
136.8898
136.8898
136.9256
136.9832
137.019
137.0548
137.1125
137.1701
137.2635
137.3212
137.343
137.343
137.4723
137.4941
137.4941
137.4941
137.5299
137.7387
137.7745
137.8898
137.9037
138.0111
138.0548
138.2496
138.3351
138.3351
138.3928
138.4146
138.4365
138.4723
138.6452
138.7963
138.854
138.9474
139.033
139.0409
139.0548
139.2278
139.3351
139.3928
139.4146
139.4583
139.5299
139.5518
139.6592
139.695
139.7029
139.7605
139.9614
139.9832
140.019
140.0409
140.1483
140.1483
140.2775
140.2854
140.343
140.516
140.5876
140.7168
140.854
140.8819
141.0767
141.2138
141.2138
141.4146
141.4225
141.6234
141.7247
141.7963
141.9395
141.9474
142.0269
142.0548
142.3073
142.4583
142.4941
142.4941
142.516
142.5736
142.9177
143.0051
143.1204
143.1562
143.192
143.2278
143.5378
143.5736
143.9693
143.9911
143.9911
144.0051
144.0269
144.0767
144.1562
144.2278
144.2496
144.2715
144.343
144.3788
144.3867
144.4444
144.4583
144.5955
144.5955
144.681
144.84
144.9911
145.0846
145.178
145.2278
145.2933
145.4583
145.4802
145.7824
145.7963
145.8042
145.8758
146.0269
146.1422
146.1562
146.178
146.1999
146.2933
146.351
146.5518
146.5955
146.6313
146.6889
146.7029
146.7247
146.854
146.8977
146.8977
146.9474
146.9911
147.0488
147.2575
147.3291
147.516
147.5597
147.5597
147.5736
147.6889
147.7108
147.7684
147.8977
147.9116
147.9195
147.9195
148.0706
148.178
148.2138
148.3152
148.5299
148.6313
148.6671
148.8042
148.9195
149.1641
149.3728
149.4086
149.4225
149.4304
149.4662
149.6889
149.7466
149.8977
149.9195
149.9335
149.9772
150.1283
150.1422
150.1641
150.2217
150.337
150.4086
150.502
150.5597
150.5815
150.6392
150.675
150.7326
150.7903
150.8042
151.1283
151.1422
151.3291
151.337
151.4304
151.4881
151.5457
151.6313
151.6968
151.8042
151.8479
151.9195
152.0488
152.1064
152.1859
152.2794
152.2794
152.2794
152.4444
152.4523
152.502
152.5239
152.7326
152.9056
153.0567
153.1641
153.192
153.192
153.5099
153.6034
153.661
153.8479
153.8977
154.0348
154.0925
154.1283
154.5099
154.5597
154.5676
154.9056
154.9335
154.9632
155.1422
155.2435
155.3012
155.5815
155.6252
155.8698
156.323
156.323
156.4741
156.5099
156.5318
156.7187
156.8619
156.8698
156.999
157.0209
157.0348
157.0348
157.5099
157.5318
157.5894
157.7326
157.8916
158.323
158.3449
158.3728
158.4165
158.496
158.496
158.496
159.2514
159.4383
159.496
159.9493
159.9493
159.9632
160.0427
160.3449
160.4025
160.4165
160.4165
160.5099
160.6034
160.8121
160.834
160.8698
160.8916
160.9135
160.9632
161.0069
161.1362
161.323
161.4025
161.5099
161.5178
161.5536
161.5894
161.6689
161.6829
161.7903
161.9274
161.9493
162.1143
162.1222
162.4025
162.4244
162.5099
162.5815
162.6689
162.7624
162.834
162.9711
163.1501
163.496
163.496
163.7405
163.9493
163.9711
164.5178
164.5894
164.6331
164.7047
164.8777
165.0069
165.158
165.1799
165.5676
165.8558
165.8777
165.993
166.1222
166.158
166.1799
166.2017
166.2872
166.4462
166.5039
166.5894
166.8777
167.1004
167.4104
167.6113
167.7126
167.993
168.0427
168.1659
168.2594
168.2594
168.317
168.5397
168.6471
168.6689
168.7126
168.7484
168.8777
169.0148
169.0148
169.0864
169.1659
169.2375
169.8279
169.8279
170.0288
170.0288
170.0506
170.0506
170.0725
170.4244
170.7126
171.1083
171.1878
171.2017
171.3667
171.4899
171.641
171.7345
171.8279
172.0367
172.2454
172.482
172.5178
172.5257
172.5973
172.6987
172.7842
173.0864
173.1301
173.2594
173.3667
173.4104
173.5257
173.5973
173.7703
173.7703
173.8637
173.8856
173.9074
173.9214
174.0009
174.0585
174.0725
174.2096
174.2096
174.2594
174.4541
174.4541
174.4681
174.7126
174.7921
174.9074
175.0943
175.2096
175.5694
175.7345
175.9074
176.0585
176.1878
176.2096
176.3249
176.7205
176.7782
176.9074
177.0585
177.152
177.2514
177.6192
177.6847
177.7782
177.8279
177.8716
178.0943
178.2673
178.5257
178.6847
178.814
178.9869
179.0804
179.2236
179.2454
179.4402
179.8716
179.9511
180.0804
180.1022
180.3468
180.3607
180.4044
180.5336
180.5694
180.814
180.8358
180.9511
181.0088
181.0585
181.1022
181.2533
181.311
181.6131
181.7642
181.9511
182.0009
182.2673
182.3686
182.641
182.973
183.3686
183.6131
183.6847
183.8577
183.8935
184.0009
184.8219
185.1162
185.3904
185.4978
185.5415
185.5415
185.7861
185.8577
185.9372
186.0883
186.1241
186.1599
186.2393
186.3904
186.635
186.6926
186.7424
186.7642
186.8437
187.1957
187.2751
187.2891
187.3904
187.7126
187.8795
188.3468
188.6131
188.6568
188.8079
189.2393
189.5634
189.6568
189.7503
189.8577
189.8795
189.9372
189.959
189.973
190.1459
190.3904
190.4262
190.5992
190.7145
190.7861
190.8298
190.8656
191.0306
191.1678
191.4481
191.7363
191.7721
191.7721
192.2393
192.4123
192.4699
193.3546
193.3983
193.4918
193.8874
193.9372
194.3765
194.4839
195.0027
195.3188
195.5136
195.635
195.7363
195.8656
196.4918
196.5713
196.5852
196.6568
196.6926
197.1896
197.456
197.6289
197.6647
198.1896
198.3844
198.4918
198.6429
199.291
199.4341
199.5136
199.8516
200.291
200.6071
200.6508
201.6289
201.7005
201.9451
202.2333
202.615
202.6787
202.78
203.3049
203.5355
203.7084
203.8735
203.9172
204.0683
204.4281
204.5573
204.7224
204.7661
205.3705
205.6726
205.8595
205.953
206.0901
206.0901
206.1836
206.6368
206.6508
207.0325
207.1975
207.601
207.7084
207.9172
207.9967
208.4062
208.5076
208.5792
208.601
208.7303
208.9032
208.953
209.112
209.118
209.2989
209.3347
209.4281
209.45
209.7661
209.8377
210.1259
210.2412
210.277
210.5076
210.6587
210.9609
211.5294
211.601
211.8456
211.9251
212.2273
212.3565
212.3784
212.4281
212.7084
212.7442
213.0901
213.1915
213.4937
213.8098
214.1975
214.4002
214.7303
214.7879
215.1259
215.2491
215.4002
215.4579
215.6447
215.76
216.7958
216.8535
216.8674
216.9827
217.0046
217.1199
217.4718
217.4718
217.8753
217.8893
218.1696
218.1915
218.2133
218.3784
218.4718
218.6229
218.6447
219.0264
219.112
219.5373
219.9111
219.9688
220.4579
220.7461
220.8753
221.2849
221.4937
221.595
221.6447
222.1557
222.3644
222.436
222.4439
222.5592
222.8972
223.0125
223.2352
223.257
223.2849
223.3862
223.4657
224.436
224.4579
224.5015
225.098
225.3723
225.3862
225.3862
225.5155
226.4797
226.8832
227.0125
227.0264
227.7819
228.4518
228.6387
229.0125
229.0562
229.3365
229.3584
229.4876
229.6605
229.8116
231.0046
231.4736
231.6387
232.8256
232.9548
232.9627
233.2073
233.4518
233.8911
234.9488
234.9846
234.9846
235.092
235.8911
236.0422
236.1933
236.251
236.6108
236.7758
239.0641
239.1138
240.575
240.8553
241.2947
242.0064
242.0641
242.2152
242.2947
242.4458
243.41
243.4458
243.7042
244.0143
244.1357
244.7261
244.7837
245.2012
245.3444
245.3881
247.0362
247.9785
248.072
248.5034
248.8772
249.5471
249.5531
249.6047
249.6187
249.7479
250.3663
250.396
250.5471
251.1575
251.4178
251.6187
252.0222
252.1157
252.1733
252.9288
253.3244
253.6047
254.3244
255.6405
255.9288
256.3026
256.8711
257.3105
257.382
259.1515
259.4894
259.6266
260.1594
260.4397
261.4755
264.6921
265.2607
265.5987
265.714
267.0878
267.1812
267.541
267.8074
267.8869
267.9367
271.2031
271.5271
272.2686
272.7358
274.9306
276.1394
276.9804
277.2468
277.6503
277.6642
277.9306
279.8153
281.7656
282.2407
285.1254
287.9525
287.9822
288.6582
288.7159
288.7377
291.8093
291.8669
293.2268
294.6085
294.9325
295.3779
298.6303
299.4355
300.4652
301.529
301.5805
301.674
302.4076
302.8748
303.5369
303.6382
305.2705
306.2426
306.9762
307.2426
307.4155
308.1412
308.2068
308.6303
311.1352
311.3221
312.5526
317.157
318.3658
321.9622
326.8985
328.5387
331.8767
337.7772
337.9362
339.5764
341.8646
342.799
344.4174
350.7572
351.0375
352.29
352.8943
356.952
360.0375
372.0175
372.4211
372.4987
375.4429
375.4648
377.2123
385.5661
398.1784
406.9854
408.8483
417.2955
418.1086
419.4327
419.5043
421.037
426.9794
434.369
437.5638
458.0905
469.4443
476.5596
499.1877
525.3764
527.6149
602.4991
690.447
