3.0
3.0
3.0
3.0
3.0
3.0
3.0
3.0
3.0
3.0
3.0
3.0
3.0
3.0
3.0
3.0
3.0
3.0
3.0
3.0
3.0
3.0
3.0
3.0
3.0
3.0
3.0
3.0
3.0
3.0
3.0
3.0
3.0
3.0
3.0
3.0
3.0
3.0
3.0
3.0
3.0
3.0
3.0
3.0
3.0
3.0
4.0
4.0
4.0
4.0
4.0
4.0
4.0
4.0
4.0
4.0
4.0
4.0
4.0
4.0
4.0
4.0
4.0
4.0
4.0
4.0
4.0
4.0
4.0
4.0
4.0
4.0
4.3817
4.3817
4.5328
4.5328
4.6839
4.6839
4.835
4.835
4.835
4.835
4.9861
5.0
5.0
5.0
5.0
5.0
5.0
5.0
5.0
5.0
5.0
5.1371
5.1371
5.1371
5.2882
5.2882
5.3817
5.5328
5.5328
5.5904
5.5904
5.5904
5.6839
5.6839
5.6839
5.7415
5.835
5.835
5.835
5.835
5.835
5.835
5.8926
5.9861
6.0
6.0
6.0
6.0
6.0
6.0437
6.0437
6.1371
6.1371
6.1371
6.1371
6.2882
6.3459
6.3459
6.3459
6.3817
6.3817
6.3817
6.4393
6.497
6.5328
6.5328
6.5328
6.5904
6.5904
6.6481
6.6839
6.6839
6.6839
6.7415
6.7415
6.7415
6.7415
6.7415
6.7992
6.835
6.835
6.835
6.8926
6.9503
6.9861
7.0
7.0
7.0437
7.0437
7.1013
7.1013
7.1371
7.1371
7.1371
7.1371
7.1371
7.1371
7.1948
7.1948
7.1948
7.1948
7.1948
7.2882
7.2882
7.2882
7.2882
7.3817
7.4035
7.4393
7.4393
7.5328
7.5328
7.6481
7.6839
7.6839
7.7057
7.7415
7.7992
7.7992
7.7992
7.7992
7.7992
7.7992
7.835
7.8568
7.8568
7.8926
7.8926
7.8926
7.9503
7.9861
8.0
8.0
8.0
8.0
8.0437
8.1013
8.1371
8.1371
8.1371
8.1948
8.1948
8.2524
8.2882
8.3459
8.3459
8.3459
8.3459
8.3817
8.4035
8.4035
8.497
8.497
8.497
8.5328
8.5546
8.5904
8.5904
8.6123
8.6123
8.6481
8.6839
8.6839
8.6839
8.7415
8.7415
8.7415
8.7415
8.7415
8.7992
8.835
8.8568
8.8568
8.8926
8.8926
8.9861
9.0
9.0079
9.0079
9.0437
9.0655
9.0655
9.1013
9.1013
9.1013
9.159
9.159
9.2166
9.2524
9.3459
9.3459
9.3677
9.3677
9.3817
9.4035
9.4393
9.4612
9.497
9.497
9.497
9.5546
9.5546
9.5904
9.6481
9.6481
9.6481
9.6839
9.7057
9.7634
9.7992
9.821
9.8568
9.9145
10.0079
10.0437
10.0437
10.0655
10.0655
10.1013
10.1232
10.1371
10.1371
10.2166
10.2166
10.3677
10.3677
10.4035
10.4035
10.4393
10.497
10.497
10.5188
10.5546
10.5765
10.6123
10.6123
10.6123
10.6699
10.7057
10.7057
10.7276
10.7276
10.7634
10.7634
10.821
10.821
10.821
10.8787
10.8787
10.9503
10.9503
10.9721
10.9721
10.9861
11.0
11.0079
11.0655
11.1013
11.1013
11.1232
11.159
11.1808
11.2166
11.2166
11.2166
11.3101
11.3677
11.3677
11.4035
11.4612
11.483
11.5188
11.5546
11.5546
11.5765
11.5765
11.5765
11.5904
11.6123
11.6123
11.6341
11.6699
11.6839
11.6839
11.7057
11.7276
11.7276
11.7415
11.7852
11.8568
11.8568
11.9145
11.9145
11.9721
12.0079
12.0079
12.0297
12.1013
12.1808
12.1948
12.2385
12.3319
12.3677
12.3677
12.3677
12.3817
12.4035
12.4254
12.4393
12.483
12.483
12.5188
12.5546
12.5765
12.6123
12.6699
12.7276
12.7634
12.7852
12.7852
12.821
12.821
12.8429
12.8568
12.8787
12.9503
12.9721
13.0079
13.0874
13.145
13.159
13.1808
13.2385
13.2385
13.2743
13.3101
13.3319
13.3677
13.3896
13.4254
13.4472
13.4612
13.4612
13.4612
13.4612
13.5188
13.5188
13.5765
13.6341
13.6481
13.6699
13.6699
13.7276
13.7276
13.7494
13.7494
13.7852
13.8429
13.8429
13.8429
13.9363
13.9363
13.994
14.0079
14.0079
14.0297
14.0874
14.0874
14.0874
14.145
14.1808
14.2027
14.2166
14.2961
14.2961
14.2961
14.2961
14.3319
14.3896
14.3896
14.4472
14.4472
14.4472
14.4472
14.483
14.5049
14.5049
14.5049
14.5407
14.6123
14.6341
14.6341
14.6481
14.656
14.6918
14.7494
14.7634
14.8429
14.8429
14.8787
14.8787
14.8787
14.8787
14.9005
14.9005
14.9005
14.994
15.0516
15.0874
15.145
15.145
15.1808
15.1808
15.2603
15.2961
15.3538
15.3538
15.3896
15.3896
15.4472
15.483
15.5049
15.5407
15.5765
15.7136
15.7494
15.8071
15.8647
15.8647
15.9005
15.9005
15.9582
15.9582
15.994
16.0516
16.0516
16.0874
16.0874
16.1092
16.1232
16.1669
16.1669
16.1808
16.2603
16.2603
16.2961
16.2961
16.3538
16.4114
16.4114
16.4254
16.4472
16.4691
16.5049
16.5188
16.5625
16.5625
16.6202
16.6341
16.6918
16.7136
16.7276
16.7494
16.7494
16.7494
16.7852
16.8647
16.994
17.0158
17.0297
17.0734
17.0734
17.0734
17.1092
17.1371
17.1669
17.2027
17.2245
17.2743
17.2961
17.318
17.318
17.3319
17.483
17.5407
17.5625
17.5625
17.6202
17.6202
17.656
17.7136
17.7136
17.7713
17.7852
17.8647
17.8647
17.9005
17.9005
17.9224
17.9224
17.9582
17.98
18.0158
18.145
18.2027
18.2603
18.318
18.3538
18.3756
18.3756
18.4114
18.4114
18.4333
18.4691
18.4691
18.5267
18.5844
18.6202
18.656
18.656
18.6778
18.6778
18.7494
18.7713
18.7713
18.8071
18.8289
18.8289
18.8429
18.8429
18.8647
18.9582
18.9582
18.98
18.98
19.0158
19.0158
19.1311
19.1311
19.145
19.2245
19.2245
19.2603
19.2822
19.318
19.318
19.318
19.3756
19.4691
19.5267
19.5267
19.5267
19.6202
19.6202
19.6778
19.6918
19.7276
19.7355
19.7713
19.7852
19.7931
19.8071
19.8071
19.8289
19.8289
19.8866
19.8866
19.9442
19.9582
19.994
20.0376
20.0376
20.0376
20.0734
20.0874
20.1311
20.1669
20.1887
20.1887
20.2027
20.2464
20.2822
20.318
20.3538
20.4114
20.4909
20.4909
20.4909
20.5267
20.642
20.642
20.6778
20.7355
20.7355
20.7355
20.7355
20.7713
20.7713
20.7931
20.8289
20.8508
20.994
21.0019
21.0019
21.0158
21.0376
21.0516
21.0953
21.0953
21.1529
21.1887
21.2822
21.2822
21.304
21.318
21.318
21.3756
21.4114
21.5267
21.5486
21.5625
21.6062
21.6062
21.642
21.6778
21.7713
21.8508
21.8508
21.9442
21.9442
21.98
22.0019
22.0595
22.0734
22.1311
22.1311
22.1529
22.1529
22.1529
22.1529
22.1529
22.1887
22.2464
22.2464
22.304
22.304
22.3398
22.4333
22.4909
22.4909
22.5267
22.6062
22.6997
22.7136
22.8289
22.8866
22.9084
22.9442
23.0019
23.0595
23.0595
23.0953
23.0953
23.1171
23.1529
23.1669
23.2245
23.2245
23.2464
23.2464
23.304
23.304
23.3617
23.3617
23.3975
23.3975
23.5486
23.5486
23.5704
23.7931
23.8866
23.9084
23.9224
23.9442
23.9661
23.9661
24.0595
24.0595
24.1529
24.2106
24.2106
24.2106
24.2245
24.2245
24.2464
24.2464
24.2464
24.2464
24.2682
24.2682
24.3617
24.3617
24.3617
24.3975
24.3975
24.3975
24.4193
24.4551
24.4551
24.4909
24.5128
24.5704
24.5844
24.5844
24.6281
24.642
24.6639
24.6997
24.7355
24.7573
24.815
24.8647
24.8726
24.9442
25.0019
25.0158
25.1171
25.1748
25.1748
25.2027
25.2324
25.2324
25.2682
25.2682
25.3398
25.3617
25.3835
25.477
25.5128
25.5704
25.5704
25.6062
25.6062
25.6778
25.6857
25.7355
25.7792
25.8368
25.9661
25.9661
26.0019
26.0019
26.0237
26.0237
26.0595
26.0813
26.1171
26.139
26.2106
26.2822
26.2901
26.3259
26.3835
26.4193
26.4193
26.4551
26.477
26.5346
26.6062
26.6281
26.6281
26.7792
26.815
26.9084
27.0813
27.1171
27.1171
27.1171
27.1748
27.2324
27.2682
27.2682
27.2682
27.2901
27.2901
27.3835
27.3835
27.4193
27.4193
27.4412
27.4412
27.5128
27.5346
27.5704
27.5704
27.5704
27.5923
27.6202
27.6857
27.6857
27.7792
27.7792
27.7792
27.801
27.8368
27.8368
27.8368
27.8508
27.8945
27.9084
27.9879
27.9879
28.0455
28.0813
28.1171
28.139
28.1748
28.2901
28.3259
28.3477
28.3617
28.4054
28.4412
28.4551
28.4988
28.5346
28.5923
28.6499
28.6499
28.6857
28.7434
28.7792
28.801
28.815
28.8368
28.9303
28.9303
28.9661
28.9879
28.9879
29.0237
29.0455
29.0595
29.139
29.1608
29.1748
29.1966
29.2324
29.2543
29.2901
29.3119
29.4054
29.477
29.4988
29.4988
29.5346
29.5565
29.5704
29.6141
29.6281
29.6499
29.7076
29.7076
29.7652
29.7792
29.801
29.8368
29.8368
29.8368
29.9303
29.9879
30.0098
30.0098
30.0455
30.1966
30.1966
30.2185
30.2543
30.2543
30.2682
30.2901
30.2901
30.3477
30.3975
30.4054
30.4412
30.477
30.4988
30.4988
30.5565
30.5565
30.5923
30.6281
30.6281
30.7076
30.7434
30.7434
30.8587
30.8945
31.0098
31.0098
31.0098
31.0674
31.0674
31.1966
31.2185
31.2761
31.3119
31.3477
31.3835
31.463
31.5346
31.6281
31.6499
31.7076
31.7652
31.7792
31.801
31.8229
31.8587
31.8587
31.9521
31.9879
32.0456
32.0456
32.0674
32.125
32.139
32.1608
32.2185
32.2761
32.3119
32.3338
32.3477
32.4272
32.4272
32.4272
32.4412
32.4849
32.4849
32.5783
32.6141
32.6718
32.7294
32.7652
32.7871
32.7931
32.8587
32.8805
32.9521
33.0316
33.0316
33.0316
33.0674
33.0813
33.125
33.139
33.2185
33.2543
33.3696
33.4272
33.4272
33.4849
33.5783
33.5783
33.636
33.7294
33.7792
33.7871
33.7871
33.8447
33.8587
33.8587
33.8805
33.974
33.974
34.0098
34.0674
34.125
34.2185
34.3338
34.3338
34.3338
34.3914
34.3914
34.4272
34.4272
34.5565
34.5565
34.5783
34.636
34.636
34.6936
34.6936
34.7294
34.7294
34.7434
34.8229
34.8447
34.8805
34.8805
34.9382
34.9382
35.0674
35.1032
35.1608
35.2045
35.2045
35.2901
35.3696
35.3914
35.3914
35.4272
35.5425
35.6002
35.6002
35.6002
35.636
35.6718
35.7076
35.7294
35.8805
35.8945
35.9163
35.9382
35.9382
35.9521
35.96
35.974
35.974
35.9958
36.0535
36.125
36.2045
36.2403
36.2403
36.2622
36.3338
36.3477
36.4054
36.4272
36.4272
36.4491
36.5425
36.5425
36.6002
36.6936
36.6936
36.8089
36.8447
36.8666
36.8666
36.9382
36.96
36.9958
37.0892
37.0892
37.1111
37.2045
37.2045
37.2622
37.2761
37.3914
37.4133
37.4849
37.4849
37.5425
37.5425
37.5644
37.6936
37.8089
37.8089
37.8666
37.9242
37.96
37.974
37.9958
38.0177
38.0535
38.0753
38.1111
38.3338
38.3775
38.3914
38.4133
38.4272
38.463
38.5067
38.622
38.6578
38.6797
38.6936
38.6936
38.7513
38.7731
38.801
38.8089
38.8089
38.8089
38.8666
38.9024
38.9958
39.0535
39.0674
39.0753
39.0753
39.0892
39.1329
39.1687
39.2403
39.3775
39.4351
39.5207
39.5286
39.6578
39.6797
39.7155
39.7294
39.7731
39.8089
39.8447
39.8805
39.8884
39.8884
40.0395
40.0395
40.0892
40.1111
40.1687
40.2264
40.2264
40.2622
40.284
40.3198
40.3417
40.3775
40.4351
40.4351
40.5067
40.5286
40.5286
40.5644
40.5783
40.6439
40.7155
40.7155
40.7513
40.7513
40.7731
40.795
40.8308
40.8884
40.9024
40.9819
41.0753
41.1329
41.1329
41.1906
41.1906
41.1906
41.1906
41.1906
41.1906
41.3993
41.4351
41.5286
41.5286
41.5862
41.6002
41.622
41.6439
41.7015
41.7155
41.7731
41.8089
41.8526
41.8526
41.8884
41.8884
41.9242
41.9242
41.9461
42.0177
42.0177
42.0395
42.1548
42.2045
42.284
42.3556
42.3914
42.5504
42.5504
42.5862
42.5862
42.6439
42.6439
42.7155
42.7373
42.795
42.8089
42.8089
42.9103
42.9242
42.9242
42.9819
43.0753
43.0753
43.1329
43.1329
43.1329
43.1548
43.1548
43.1548
43.1827
43.1906
43.1906
43.2264
43.3993
43.5146
43.5146
43.5504
43.5862
43.622
43.6797
43.7015
43.7015
43.7015
43.7155
43.7373
43.7592
43.7592
43.7731
43.8168
43.8884
43.9024
43.9103
43.9242
43.9461
44.0395
44.3059
44.3198
44.3556
44.3635
44.3993
44.4133
44.4351
44.5146
44.5286
44.5862
44.6657
44.6657
44.7592
44.795
44.8745
44.8884
44.9103
44.9103
44.9242
44.9461
45.0614
45.1329
45.1906
45.2482
45.2482
45.2701
45.3417
45.3417
45.3635
45.4212
45.4351
45.457
45.4788
45.4928
45.5723
45.6081
45.6081
45.8526
45.8526
45.8745
45.9103
45.9461
45.9679
46.0256
46.0256
46.0256
46.0395
46.3277
46.3277
46.3635
46.3775
46.3854
46.3993
46.4788
46.5146
46.5146
46.5862
46.6081
46.6299
46.6657
46.6876
46.6876
46.7015
46.7234
46.8168
46.8526
46.9321
46.9898
47.0037
47.0037
47.0256
47.0256
47.0614
47.0614
47.0971
47.1687
47.1766
47.1766
47.2124
47.2124
47.2482
47.3059
47.3854
47.3993
47.4212
47.4212
47.443
47.457
47.5146
47.5941
47.6081
47.6299
47.6439
47.6876
47.7234
47.7234
47.781
47.8308
47.8387
47.8963
47.8963
47.9321
47.9898
47.9898
48.0037
48.0256
48.0614
48.0832
48.119
48.119
48.2701
48.2919
48.3059
48.3854
48.4788
48.4788
48.4788
48.5941
48.6299
48.7234
48.7592
48.781
48.781
48.781
48.8387
48.8387
48.8387
48.8963
48.9321
48.9321
48.9679
49.0474
49.0832
49.0832
49.1985
49.1985
49.2343
49.2343
49.2701
49.4072
49.5365
49.5941
49.5941
49.7094
49.7452
49.9321
49.9898
50.1766
50.1985
50.3277
50.3277
50.3496
50.3496
50.4072
50.443
50.443
50.4649
50.5583
50.5941
50.6518
50.6876
50.6876
50.7094
50.7452
50.7452
50.7671
50.8029
50.8029
50.8605
50.8745
50.9182
50.9321
50.954
50.954
50.9898
51.2343
51.3277
51.6518
51.6518
51.6736
51.781
51.8029
51.8168
51.8745
51.8963
51.8963
51.9321
51.954
52.0116
52.0474
52.0693
52.1408
52.1766
52.1985
52.2203
52.2203
52.2561
52.2561
52.2561
52.2561
52.3714
52.5007
52.5007
52.5225
52.5802
52.6299
52.6518
52.7094
52.7094
52.7671
52.7671
53.0116
53.0335
53.0693
53.105
53.1269
53.2203
53.2203
53.3496
53.443
53.4867
53.5583
53.6518
53.7094
53.7313
53.7313
53.8247
53.8247
53.8605
53.9758
53.9898
54.0116
54.0116
54.0335
54.0335
54.105
54.1269
54.1269
54.1269
54.1269
54.1269
54.1627
54.1985
54.2203
54.2203
54.3496
54.3714
54.3714
54.3933
54.443
54.4867
54.5444
54.616
54.6378
54.6736
54.6955
54.7094
54.7094
54.7313
54.8824
54.8824
54.9182
54.9182
54.9758
54.9758
55.0335
55.1269
55.1269
55.1985
55.2422
55.2422
55.2998
55.3138
55.3496
55.3933
55.3933
55.443
55.4867
55.4867
55.5225
55.6378
55.6955
55.7531
55.7531
55.8466
55.8963
55.9977
55.9977
56.0116
56.0911
56.0911
56.2422
56.278
56.5802
56.602
56.602
56.6378
56.6378
56.6955
56.7531
56.8247
56.8824
56.9042
57.0553
57.1129
57.1627
57.3933
57.4291
57.5444
57.5802
57.5802
57.602
57.602
57.602
57.7094
57.7531
57.7889
57.8466
57.8466
57.9182
57.9758
58.0335
58.0553
58.264
58.3356
58.4291
58.4509
58.5086
58.5444
58.602
58.6239
58.6378
58.6518
58.6736
58.6955
58.7313
58.8108
58.8466
58.8824
58.94
58.9619
59.0335
59.0335
59.0911
59.1269
59.1487
59.2064
59.2282
59.2422
59.3138
59.3575
59.4151
59.5086
59.5304
59.5662
59.5662
59.616
59.6597
59.6597
59.775
59.775
59.775
59.9837
60.0553
60.0911
60.1845
60.2282
60.264
60.2859
60.2998
60.2998
60.3217
60.3575
60.3793
60.4151
60.4728
60.4728
60.5662
60.6597
60.6815
60.6815
60.7173
60.7173
60.7173
60.8108
60.8326
60.8684
60.9977
61.0772
61.1129
61.1924
61.2282
61.2282
61.2859
61.3217
61.4728
61.6239
61.6378
61.6457
61.8903
61.9042
61.9619
62.0414
62.1129
62.1129
62.1348
62.1348
62.1627
62.264
62.2998
62.3217
62.3435
62.3575
62.4728
62.5086
62.5444
62.5881
62.602
62.6815
62.7968
62.9042
63.0195
63.0911
63.099
63.1129
63.1924
63.2859
63.3077
63.3575
63.3793
63.4151
63.4588
63.5304
63.5662
63.6457
63.7034
63.7392
63.7392
63.8903
63.9479
63.9837
64.0056
64.0056
64.1488
64.1566
64.5304
64.5881
64.6457
64.6815
64.775
64.8187
64.8545
64.9479
65.0632
65.0632
65.1208
65.1208
65.1566
65.2143
65.2859
65.3435
65.3654
65.6099
65.6099
65.6457
65.7173
65.761
65.8187
65.8545
65.9121
66.1785
66.2859
66.3217
66.3435
66.4291
66.5086
66.5523
66.5741
66.6099
66.6676
66.7968
66.8903
66.934
67.0414
67.0632
67.099
67.1208
67.1348
67.1924
67.2143
67.2143
67.3654
67.4588
67.4807
67.5741
67.6676
67.6676
67.6676
67.934
67.9916
68.0274
68.0632
68.0851
68.1785
68.1785
68.3296
68.6099
68.6676
68.6894
68.7829
68.7968
68.8187
68.8405
68.8763
68.9121
69.1566
69.2361
69.2719
69.3296
69.3514
69.5304
69.596
69.6318
69.6318
69.6676
70.0493
70.0493
70.1427
70.1427
70.2003
70.2938
70.3077
70.3872
70.596
70.7034
70.7252
70.7471
71.0851
71.2003
71.2003
71.2938
71.596
71.596
71.6178
71.6894
71.7829
71.7829
71.8047
71.8982
72.1646
72.3514
72.5244
72.5383
72.596
72.7471
72.92
72.92
72.9916
73.0274
73.0711
73.1069
73.2719
73.3156
73.3156
73.3733
73.4449
73.5025
73.6099
73.6536
73.6536
73.7331
73.7689
73.8047
73.8266
73.8405
74.0135
74.0493
74.1069
74.3375
74.5025
74.6755
74.7908
74.8842
74.8982
74.8982
74.9479
75.0135
75.0135
75.0711
75.1427
75.1427
75.3375
75.5383
75.6755
75.6894
75.7689
75.8266
75.8624
76.0274
76.0353
76.0711
76.0929
76.1864
76.244
76.3951
76.3951
76.5462
76.5462
76.6397
76.6973
76.6973
76.7331
76.7331
76.8266
76.8266
76.8484
76.8624
76.9419
76.9558
77.244
77.3017
77.3156
77.4309
77.582
77.6536
77.6973
77.7689
77.8484
77.9777
78.0353
78.0572
78.3017
78.4886
78.5681
78.6755
78.8484
78.8842
78.9061
78.9061
79.2082
79.3017
79.3017
79.3017
79.3593
79.5104
79.6615
79.7908
79.8703
79.9279
79.9995
80.2798
80.3593
80.417
80.4309
80.4528
80.6257
80.6834
80.7192
80.8484
80.8484
80.8624
80.8703
81.2082
81.2659
81.3235
81.417
81.4388
81.6257
81.6257
81.6257
81.6397
81.7192
81.7768
81.8126
81.8345
81.8345
81.8921
81.9995
82.079
82.1367
82.1724
82.2082
82.2659
82.2659
82.3375
82.417
82.5104
82.5323
82.5899
82.6834
82.8345
82.9279
82.9856
83.0432
83.1148
83.1148
83.3812
83.5541
83.5899
83.7192
83.7768
83.8266
84.0214
84.2301
84.6118
84.6257
84.6476
84.6476
84.6834
84.7768
84.8345
84.8563
85.1943
85.4607
85.4965
85.5541
85.6694
85.8345
85.8345
85.8563
86.0074
86.0432
86.0572
86.1009
86.1367
86.2519
86.576
86.741
86.7768
86.7987
86.8345
86.914
87.0214
87.0651
87.0651
87.1585
87.2877
87.4249
87.4249
87.7052
87.8703
87.914
88.0432
88.0651
88.4249
88.5899
88.6118
88.6694
88.7271
88.7987
88.9358
89.238
89.3672
89.3891
89.4249
89.4249
89.4825
89.7271
89.7271
89.7271
89.7271
89.8782
89.9716
90.0293
90.0651
90.1367
90.1804
90.238
90.3891
90.4467
90.6118
90.6118
90.8782
90.9935
91.2161
91.238
91.2598
91.3314
91.3314
91.4467
91.7271
91.7847
91.8782
91.9716
91.9935
92.0869
92.1446
92.2956
92.3175
92.3533
92.562
92.576
92.9577
92.9577
92.9577
92.9935
93.0869
93.1227
93.3751
93.3751
93.403
93.4109
93.5044
93.5044
93.5262
93.9795
94.0153
94.073
94.2022
94.2598
94.2956
94.2956
94.2956
94.4109
94.8642
95.1306
95.3393
95.3393
95.3533
95.3891
95.7708
95.8861
95.9795
96.0372
96.073
96.1088
96.3314
96.3393
96.3751
96.397
96.4904
96.5262
96.5262
96.6773
96.7489
96.7926
96.9219
97.2459
97.735
97.7926
97.8284
97.8642
97.9437
98.1882
98.397
98.4686
98.562
98.562
98.562
98.735
98.8145
99.1167
99.2022
99.2459
99.2598
99.3393
99.4328
99.4904
99.6992
99.721
99.735
99.8284
99.9795
100.059
100.5123
100.5839
101.3035
101.3035
101.5699
101.6276
101.6634
101.6852
101.7787
102.0232
102.721
102.735
102.8363
102.9079
102.9874
103.5123
103.6852
104.0451
104.2319
104.383
104.4188
104.5918
104.6992
104.9298
105.0451
105.0451
105.4049
105.4328
105.4765
105.5123
105.556
105.6852
105.894
106.2896
106.4049
106.4765
106.4765
106.8582
106.9298
106.9874
107.0093
107.1027
107.3114
107.5341
107.8224
107.8582
107.9158
108.2538
108.4049
108.556
108.6494
108.7429
109.1604
109.2101
109.3114
110.0093
110.3691
110.4267
110.4486
110.8005
110.9953
111.3909
111.6713
112.0669
112.3909
112.5997
112.6355
113.1246
113.2617
113.9019
114.2975
114.5778
114.5997
114.8442
114.9019
114.9814
115.2259
115.3193
115.3551
115.4704
115.5639
115.6792
115.9735
116.2975
116.3193
116.3412
116.6434
116.8084
116.9595
116.9814
116.9814
117.2259
117.2617
117.377
117.4704
117.6573
117.7726
117.9019
117.9158
118.204
118.4704
119.1901
119.2477
119.377
119.542
120.701
120.701
120.7945
121.1901
121.4565
121.5857
121.6652
121.7368
121.9674
122.701
122.8163
122.874
123.0827
123.1901
123.4565
123.5857
123.7447
124.4207
124.4565
124.9098
125.4425
125.5141
126.6076
126.8024
127.0827
127.2198
127.2556
127.3491
127.4207
127.4425
127.8958
127.9535
128.0469
128.9316
129.3133
129.3709
129.3709
129.522
130.0111
130.2775
130.7308
130.9177
131.2993
131.3351
131.5439
131.8819
131.9753
132.033
132.4286
132.9037
132.9753
133.2198
133.4146
133.5439
133.9972
134.7526
135.2059
135.4862
136.2417
136.4862
136.6234
136.7308
137.2059
137.8103
138.357
138.6731
139.0985
139.4007
140.1343
140.5518
141.019
141.2854
143.5299
144.7247
145.6531
145.6671
146.1562
146.9693
147.5597
147.7247
150.5378
151.0706
151.999
152.1641
152.6392
152.6968
152.7466
153.0925
153.3728
153.84
155.5815
156.172
156.6034
156.9414
157.2296
157.5318
157.7545
159.5894
160.6829
161.1938
162.0427
162.7763
163.4025
163.5755
164.482
164.7266
168.1938
168.7484
169.4104
169.6471
170.5615
171.2236
171.8995
172.655
172.7703
175.0367
176.1162
176.5257
178.6271
179.8856
184.1241
184.4402
185.5555
187.2175
190.6787
191.7145
196.1101
197.5713
199.132
201.5355
205.5792
208.8019
210.0543
210.6726
213.9032
231.3365
239.8195
