3.0
3.0
3.0
3.0
3.0
3.0
3.0
3.0
3.0
3.0
3.0
3.0
3.0
3.0
3.0
3.0
3.0
3.0
3.0
3.0
3.0
3.0
3.0
3.0
3.0
3.0
3.0
3.0
3.0
3.0
3.0
3.0
3.0
3.0
3.0
3.0
3.0
3.0
3.0
3.0
3.0
3.0
3.0
3.0
3.0
3.0
3.0
3.0
3.0
3.0
3.0
3.0
3.0
3.0
3.0
3.0
3.0
3.0
3.0
3.0
3.0
3.0
3.0
3.0
3.0
3.0
3.0
3.0
3.0
3.0
3.0
3.0
3.0
3.0
3.0
3.0
3.0
3.0
3.0
3.0
3.0
3.0
3.0
3.0
3.0
3.0
3.0
3.0
3.0
3.0
3.0
3.0
3.0
3.0
3.0
3.0
3.0
3.0
3.0
3.0
3.0
3.0
3.0
3.0
3.0
3.0
3.0
3.0
3.0
3.0
3.0
3.0
3.0
3.0
3.0
3.0
3.0
3.0
3.0
3.0
3.0
3.0
3.0
3.0
3.0
3.0
3.0
3.0
3.0
3.0
3.0
3.0
3.0
3.0
3.0
3.0
3.0
3.0
3.0
3.0
3.0
3.0
3.0
3.0
3.0
3.0
3.0
3.0
3.0
3.0
3.0
3.0
3.0
3.0
3.0
3.0
3.0
3.0
3.0
3.0
4.0
4.0
4.0
4.0
4.0
4.0
4.0
4.0
4.0
4.0
4.0
4.0
4.0
4.0
4.0
4.0
4.0
4.0
4.0
4.0
4.0
4.0
4.0
4.0
4.0
4.0
4.0
4.0
4.0
4.0
4.0
4.0
4.0
4.0
4.0
4.0
4.0
4.0
4.0
4.0
4.0
4.0
4.0
4.0
4.0
4.0
4.0
4.0
4.0
4.0
4.0
4.0
4.0
4.0
4.0
4.0
4.0
4.0
4.0
4.0
4.0
4.0
4.0
4.0
4.0
4.0
4.0
4.0
4.0
4.0
4.0
4.0
4.0
4.0
4.0
4.0
4.0
4.0
4.0
4.0
4.0
4.0
4.0
4.0
4.0
4.0
4.0
4.0
4.0
4.0
4.0
4.0
4.0
4.0
4.0
4.0
4.0
4.0
4.0
4.0
4.0
4.0
4.0
4.0
4.0
4.0
4.0
4.0
4.0
4.0
4.0
4.0
4.0
4.0
4.0
4.0
4.0
4.0
4.0
4.0
4.4506
4.5261
4.6392
4.7524
4.7901
5.0
5.0
5.0
5.0
5.0
5.0
5.0
5.0
5.0
5.0
5.0
5.0
5.0
5.0
5.0
5.0
5.0
5.0
5.0
5.0
5.0
5.0
5.0
5.0
5.0
5.0
5.0
5.0
5.0
5.0
5.0
5.0
5.0
5.0
5.0
5.0
5.0
5.0
5.0
5.0
5.0
5.0
5.0
5.0
5.0
5.0
5.0
5.0
5.0
5.0
5.0
5.0
5.0
5.0
5.0
5.0
5.0
5.0
5.0
5.0
5.0
5.0
5.0
5.0
5.0
5.0
5.0
5.0
5.0
5.0
5.0
5.0
5.0
5.0
5.0
5.0
5.0
5.0
5.0
5.0
5.0
5.0
5.0
5.0
5.0
5.0
5.0
5.0
5.0
5.0
5.0
5.0
5.0
5.0
5.0
5.0
5.0164
5.0918
5.3375
5.3558
5.3936
5.5821
5.6953
5.8278
5.8655
5.9032
5.997
6.0
6.0
6.0
6.0
6.0
6.0
6.0
6.0
6.0
6.0
6.0
6.0
6.0
6.0
6.0
6.0
6.0
6.0
6.0
6.0
6.0
6.0
6.0
6.0
6.0
6.0
6.0
6.0
6.0
6.0
6.0
6.0
6.0
6.0
6.0
6.0
6.0
6.0
6.0
6.0
6.0
6.0
6.0
6.0
6.0
6.0
6.0
6.0
6.0
6.0
6.0
6.0
6.0
6.0
6.0
6.0
6.0
6.0
6.0
6.0
6.0
6.0
6.0
6.0
6.0
6.0
6.0
6.0
6.0
6.0
6.0
6.0
6.0
6.0
6.0
6.0
6.0
6.0
6.0
6.0
6.0
6.0
6.2233
6.3181
6.3365
6.3742
6.3742
6.3752
6.4873
6.5251
6.7146
6.7524
6.7901
6.8278
6.9032
6.9593
7.0
7.0
7.0
7.0
7.0
7.0
7.0
7.0
7.0
7.0
7.0
7.0
7.0
7.0
7.0
7.0
7.0
7.0
7.0
7.0
7.0
7.0
7.0
7.0
7.0
7.0
7.0
7.0
7.0
7.0
7.0
7.0
7.0
7.0
7.0
7.0
7.0
7.0
7.0
7.0
7.0
7.0
7.0
7.0
7.0
7.0
7.0
7.0
7.0
7.0
7.0
7.0
7.0
7.0
7.0
7.0
7.0
7.0
7.0
7.0
7.0
7.0
7.0
7.0
7.0
7.0
7.0
7.0
7.0
7.0
7.0
7.0
7.0
7.0
7.0
7.0
7.0
7.0
7.0
7.0
7.0
7.0
7.0
7.0
7.1285
7.2804
7.3926
7.4303
7.4883
7.4883
7.4883
7.5638
7.6576
7.6943
7.732
7.7514
7.8074
7.9216
7.9593
7.996
8.0
8.0
8.0
8.0
8.0
8.0
8.0
8.0
8.0
8.0
8.0
8.0
8.0
8.0
8.0
8.0
8.0
8.0
8.0
8.0
8.0
8.0
8.0
8.0
8.0
8.0
8.0
8.0
8.0
8.0
8.0
8.0
8.0
8.0
8.0
8.0
8.0
8.0
8.0
8.0
8.0
8.0
8.0
8.0
8.0
8.0
8.0
8.0
8.0
8.0
8.0
8.0
8.0
8.0
8.0
8.0
8.0
8.0
8.0
8.0
8.0
8.0
8.0
8.0
8.0725
8.1856
8.205
8.2804
8.2998
8.3171
8.3375
8.4506
8.468
8.4873
8.5811
8.5811
8.6372
8.8278
8.8839
8.9409
8.9787
8.996
8.997
9.0
9.0
9.0
9.0
9.0
9.0
9.0
9.0
9.0
9.0
9.0
9.0
9.0
9.0
9.0
9.0
9.0
9.0
9.0
9.0
9.0
9.0
9.0
9.0
9.0
9.0
9.0
9.0
9.0
9.0
9.0
9.0
9.0
9.0
9.0
9.0
9.0
9.0
9.0
9.0
9.0
9.0
9.0
9.0
9.0
9.0
9.0
9.0
9.0
9.0
9.0
9.0
9.0
9.0
9.0
9.0
9.0
9.0
9.0
9.0
9.0
9.0
9.0
9.0
9.0
9.0
9.0521
9.0715
9.0725
9.203
9.2233
9.2233
9.3732
9.4506
9.5261
9.5638
9.6749
9.6769
9.7514
9.7707
9.8278
9.9787
10.0
10.0
10.0
10.0
10.0
10.0
10.0
10.0
10.0
10.0
10.0
10.0
10.0
10.0
10.0
10.0
10.0
10.0
10.0
10.0
10.0
10.0
10.0
10.0
10.0
10.0
10.0
10.0
10.0
10.0
10.0
10.0
10.0
10.0
10.0
10.0
10.0
10.0
10.0
10.0
10.0
10.0
10.0
10.0
10.0
10.0
10.0
10.0
10.0
10.0
10.0338
10.0347
10.0898
10.0918
10.1295
10.1672
10.2427
10.2968
10.2988
10.3752
10.4506
10.4873
10.5231
10.5251
10.5628
10.5995
10.6015
10.6015
10.6392
10.6392
10.6576
10.6953
10.7524
10.7891
10.8655
10.8655
10.8819
10.9032
10.9787
11.0
11.0
11.0
11.0
11.0
11.0
11.0
11.0
11.0
11.0
11.0
11.0
11.0
11.0
11.0
11.0
11.0
11.0
11.0
11.0
11.0
11.0
11.0
11.0
11.0
11.0
11.0
11.0
11.0
11.0
11.0
11.0
11.0
11.0134
11.0347
11.0705
11.1469
11.1479
11.1643
11.1836
11.204
11.205
11.205
11.3529
11.3558
11.3732
11.3742
11.4283
11.4506
11.468
11.4883
11.5037
11.5638
11.6015
11.6546
11.7146
11.73
11.73
11.732
11.8268
11.9022
11.9032
12.0
12.0
12.0
12.0
12.0
12.0
12.0
12.0
12.0
12.0
12.0
12.0
12.0
12.0
12.0
12.0
12.0
12.0
12.0
12.0
12.0
12.0
12.0
12.0
12.0
12.0
12.0
12.0
12.0
12.0134
12.1072
12.1643
12.1836
12.2601
12.2774
12.2794
12.2804
12.2804
12.2998
12.3375
12.3752
12.3752
12.3936
12.4129
12.4129
12.4129
12.4486
12.4506
12.5241
12.5251
12.5261
12.5638
12.5638
12.6005
12.6392
12.73
12.732
12.8452
12.8645
12.8839
12.9563
12.9573
12.9941
13.0
13.0
13.0
13.0
13.0
13.0
13.0
13.0
13.0
13.0
13.0
13.0
13.0
13.0
13.0
13.0
13.0
13.0
13.0
13.0
13.0
13.0
13.0
13.0
13.0
13.0
13.0
13.0
13.0
13.1653
13.2213
13.261
13.261
13.2764
13.3375
13.3375
13.3712
13.3742
13.4129
13.4506
13.469
13.4844
13.4873
13.5221
13.5261
13.5638
13.5638
13.5802
13.6576
13.6913
13.732
13.7514
13.7524
13.8422
13.8829
13.8993
13.9563
13.9767
14.0
14.0
14.0
14.0
14.0
14.0
14.0
14.0
14.0
14.0
14.0
14.0
14.0
14.0
14.0
14.0
14.0
14.0
14.0
14.0
14.0
14.0
14.0
14.0
14.0
14.0154
14.0308
14.0531
14.1102
14.2998
14.3365
14.3539
14.3742
14.3926
14.4119
14.4119
14.4129
14.4506
14.4873
14.4883
14.5067
14.5261
14.5821
14.6005
14.6015
14.6199
14.6576
14.6913
14.6943
14.733
14.733
14.7494
14.7707
14.7901
14.9032
14.94
14.9593
14.9757
15.0
15.0
15.0
15.0
15.0
15.0
15.0
15.0
15.0
15.0
15.0
15.0
15.0
15.0
15.0
15.0154
15.0164
15.0308
15.0347
15.0715
15.1082
15.1479
15.2397
15.2764
15.2998
15.3142
15.3161
15.3181
15.4496
15.464
15.4864
15.5211
15.5638
15.5638
15.5985
15.6149
15.6199
15.6343
15.6382
15.6546
15.6933
15.731
15.731
15.7514
15.7524
15.7677
15.7871
15.7891
15.8268
15.8839
15.9022
15.9206
15.9216
15.9409
15.9409
15.9787
15.9931
15.996
16.0
16.0
16.0
16.0
16.0
16.0
16.0
16.0
16.0
16.0
16.0
16.0
16.0
16.0
16.0
16.0
16.0
16.0
16.0
16.0
16.0
16.0124
16.0675
16.0675
16.0705
16.0715
16.1072
16.1623
16.1836
16.1836
16.2427
16.261
16.2988
16.3181
16.3181
16.3355
16.3558
16.3916
16.4263
16.4313
16.4844
16.5261
16.6189
16.6392
16.671
16.674
16.6769
16.6769
16.6943
16.6943
16.7137
16.733
16.7474
16.7697
16.7697
16.8248
16.8829
16.9032
16.937
17.0
17.0
17.0
17.0
17.0
17.0
17.0
17.0
17.0
17.0
17.0
17.0
17.0
17.0
17.0
17.0
17.0
17.0481
17.0725
17.1439
17.1653
17.1826
17.2204
17.2417
17.3181
17.3181
17.3365
17.3529
17.4129
17.4486
17.4506
17.4883
17.5395
17.5638
17.5638
17.5821
17.673
17.6769
17.732
17.7494
17.8268
17.8615
17.8635
17.9022
17.9176
17.938
17.939
17.94
17.996
17.997
18.0
18.0
18.0
18.0
18.0
18.0
18.0
18.0
18.0104
18.0164
18.0541
18.1295
18.1449
18.1469
18.1816
18.1836
18.199
18.2213
18.2998
18.3509
18.3876
18.3896
18.3896
18.4506
18.4834
18.4873
18.5261
18.6005
18.6139
18.6333
18.6333
18.6526
18.6759
18.6953
18.7117
18.7137
18.731
18.7484
18.7494
18.7677
18.7841
18.8268
18.8402
18.8586
18.8819
18.9003
18.9012
18.9176
18.9216
19.0
19.0
19.0
19.0
19.0
19.0
19.0
19.0
19.0
19.0
19.0
19.0
19.0
19.0
19.0
19.0
19.0
19.0154
19.0511
19.2377
19.2591
19.2804
19.2988
19.3365
19.3365
19.3375
19.4476
19.4476
19.465
19.469
19.5261
19.5405
19.5434
19.5588
19.5638
19.6189
19.6546
19.67
19.6759
19.6769
19.7261
19.729
19.7524
19.7871
19.8218
19.8258
19.935
19.939
19.9409
20.0
20.0
20.0
20.0
20.0
20.0
20.0
20.1613
20.1672
20.1836
20.2184
20.2407
20.2581
20.2591
20.2998
20.3161
20.3722
20.405
20.469
20.5578
20.5792
20.6005
20.6343
20.6576
20.6883
20.6903
20.6943
20.7146
20.7464
20.8268
20.8829
20.8973
20.9032
20.94
20.9757
21.0
21.0
21.0
21.0
21.0
21.0084
21.0164
21.1032
21.1052
21.1102
21.1275
21.1469
21.1653
21.198
21.202
21.2427
21.2804
21.3151
21.3375
21.3558
21.3732
21.3886
21.4427
21.464
21.465
21.466
21.4844
21.5395
21.5588
21.5608
21.5628
21.5811
21.6392
21.6913
21.6923
21.6923
21.6953
21.7087
21.7687
21.8084
21.8258
21.9003
21.9032
21.9166
21.938
21.9514
21.9544
21.9757
22.0
22.0
22.0
22.0
22.0
22.0084
22.0511
22.0531
22.0918
22.1295
22.14
22.1459
22.1479
22.1653
22.2154
22.2223
22.2377
22.2407
22.2764
22.2784
22.2804
22.2804
22.2998
22.3539
22.3548
22.3682
22.4079
22.4303
22.5008
22.5017
22.5211
22.5241
22.5638
22.5772
22.6159
22.6933
22.7087
22.731
22.7504
22.7524
22.7668
22.7677
22.8452
22.8615
22.8819
22.8839
22.935
22.9787
23.0
23.0
23.0
23.0
23.0
23.0
23.0
23.0
23.0
23.0144
23.1613
23.1633
23.1653
23.1672
23.2338
23.2774
23.2804
23.2804
23.3132
23.3375
23.3519
23.3519
23.3558
23.3682
23.4283
23.4476
23.4486
23.5355
23.5752
23.6109
23.6392
23.674
23.6769
23.6943
23.733
23.8025
23.8045
23.8462
23.8625
23.9186
23.934
24.0
24.0
24.0134
24.0268
24.0338
24.0725
24.0859
24.1013
24.1082
24.1653
24.203
24.2213
24.2397
24.2427
24.2998
24.3132
24.3132
24.3519
24.3529
24.3752
24.406
24.4089
24.4129
24.4496
24.464
24.4844
24.4978
24.5995
24.6323
24.6759
24.6769
24.7146
24.7241
24.7677
24.7831
24.8248
24.8372
24.8809
25.0
25.0
25.0
25.0347
25.0839
25.1439
25.1856
25.2427
25.2591
25.2804
25.2938
25.3171
25.3181
25.3325
25.3325
25.3365
25.3519
25.3539
25.3936
25.4263
25.469
25.4883
25.5598
25.5965
25.6179
25.6392
25.6392
25.67
25.6759
25.7137
25.73
25.7514
25.8005
25.8045
25.8228
25.8362
25.8392
25.8442
25.8442
25.8615
25.8655
25.939
25.9553
25.9737
25.9757
25.9777
25.9931
26.0
26.0511
26.0665
26.1275
26.1479
26.1643
26.196
26.2521
26.2958
26.2968
26.3132
26.3752
26.407
26.4467
26.463
26.4883
26.5152
26.5221
26.5231
26.5385
26.5385
26.5568
26.5732
26.5802
26.6139
26.6576
26.673
26.6759
26.6854
26.7464
26.8035
26.8218
26.8392
26.8953
26.8993
26.93
26.937
26.9534
27.0
27.0
27.0075
27.0094
27.0541
27.1072
27.1082
27.1563
27.2764
27.2928
27.3112
27.3345
27.3509
27.3692
27.3876
27.3876
27.4089
27.4496
27.4581
27.4854
27.4864
27.4864
27.5008
27.5598
27.5722
27.5732
27.5946
27.6169
27.6343
27.6536
27.666
27.673
27.7037
27.73
27.7494
27.7648
27.7881
27.8218
27.8432
27.8635
27.873
27.8819
27.9137
27.9196
27.934
27.9787
27.9861
28.0
28.0
28.0
28.0
28.0134
28.0298
28.0635
28.0685
28.1449
28.1951
28.198
28.2164
28.2213
28.2213
28.2357
28.3151
28.3295
28.3355
28.3479
28.3712
28.4253
28.4844
28.5201
28.5251
28.5444
28.6283
28.6323
28.6769
28.7047
28.7484
28.7504
28.7831
28.7861
28.8402
28.8596
28.8973
28.9107
28.933
28.937
28.94
28.9504
28.9891
28.9891
29.0288
29.0481
29.0616
29.0809
29.0888
29.1062
29.1419
29.202
29.2213
29.2551
29.3062
29.3181
29.3266
29.3479
29.3692
29.405
29.4293
29.4506
29.463
29.464
29.5365
29.5549
29.5926
29.6392
29.674
29.728
29.7504
29.8074
29.8362
29.8586
29.936
29.9534
29.9593
29.9727
30.0809
30.1032
30.1236
30.1266
30.1266
30.199
30.2184
30.2541
30.2705
30.2715
30.2754
30.2928
30.2948
30.3142
30.3529
30.3539
30.3682
30.3817
30.3876
30.4
30.405
30.4089
30.4611
30.467
30.4883
30.5047
30.5414
30.5424
30.5752
30.5821
30.672
30.6769
30.6913
30.7464
30.7494
30.8526
30.8943
30.9137
30.931
30.94
30.9534
30.9901
31.0288
31.0472
31.0491
31.0655
31.0809
31.1196
31.136
31.2154
31.2348
31.2591
31.2735
31.3132
31.3365
31.3702
31.3712
31.3836
31.3906
31.4223
31.5017
31.5261
31.5395
31.5405
31.5549
31.5782
31.5965
31.6486
31.6536
31.6576
31.671
31.6759
31.6854
31.7454
31.7792
31.8149
31.8402
31.8442
31.8576
31.9757
32.0035
32.0084
32.1246
32.141
32.2154
32.2164
32.2531
32.2908
32.3722
32.3807
32.4099
32.4506
32.4571
32.463
32.4824
32.5995
32.6139
32.6536
32.6556
32.6834
32.6883
32.6953
32.7077
32.7087
32.7117
32.7464
32.7464
32.7891
32.7975
32.8005
32.8228
32.9524
33.1285
33.1921
33.202
33.2491
33.2705
33.2705
33.2774
33.2869
33.3623
33.3797
33.3936
33.405
33.4437
33.4814
33.4948
33.4948
33.5946
33.5975
33.6129
33.6576
33.665
33.6864
33.7008
33.7087
33.7965
33.8362
33.8759
33.9077
33.9504
34.0075
34.0258
34.0869
34.1022
34.1186
34.2144
34.2377
34.2491
34.2561
34.3236
34.3499
34.3558
34.3702
34.3936
34.403
34.407
34.4774
34.4834
34.5171
34.5345
34.5539
34.5539
34.5712
34.6139
34.6352
34.6486
34.6536
34.6883
34.7067
34.7241
34.7251
34.73
34.7841
34.7956
34.8179
34.873
34.8923
34.9553
34.9573
34.9931
35.0606
35.2
35.2655
35.3171
35.3752
35.401
35.4591
35.467
35.5017
35.5132
35.6109
35.733
35.7405
35.7677
35.8422
35.8526
35.87
35.8923
35.9464
36.0065
36.0625
36.204
36.205
36.2288
36.2298
36.2655
36.2958
36.3266
36.3479
36.3613
36.3742
36.4184
36.5027
36.5152
36.5509
36.5529
36.5692
36.6486
36.6854
36.7474
36.7782
36.8526
36.8933
36.9117
36.9156
36.9707
37.0402
37.1032
37.1767
37.201
37.2308
37.2367
37.2571
37.2754
37.2888
37.2938
37.2978
37.3092
37.3256
37.3479
37.406
37.4476
37.469
37.4774
37.5191
37.5692
37.5722
37.6119
37.6159
37.6343
37.664
37.671
37.6943
37.7434
37.7648
37.7707
37.7792
37.7831
37.7946
37.7956
37.8129
37.8353
37.8536
37.873
37.8923
37.8953
37.9077
37.9127
37.9146
37.935
38.0015
38.0199
38.0576
38.1092
38.1593
38.1921
38.2144
38.2665
38.2745
38.2869
38.3052
38.3663
38.403
38.4834
38.4988
38.5469
38.5539
38.5762
38.5782
38.6313
38.6621
38.8005
38.8343
38.8412
38.8487
38.8615
38.871
38.875
38.8923
38.935
38.9911
39.0
39.0189
39.0616
39.0789
39.0849
39.1236
39.1553
39.1633
39.1767
39.1941
39.2075
39.2144
39.2561
39.2725
39.2938
39.3023
39.3072
39.3449
39.3499
39.3633
39.3633
39.3692
39.3866
39.4099
39.4263
39.463
39.5008
39.5132
39.5276
39.5529
39.6159
39.67
39.6804
39.6814
39.6874
39.6988
39.7037
39.7047
39.7568
39.7792
39.8179
39.8546
39.875
39.9553
39.9841
39.9881
39.9901
40.0238
40.0258
40.0596
40.0635
40.0635
40.1196
40.1266
40.1563
40.1787
40.1787
40.2134
40.2154
40.2258
40.2491
40.4
40.4253
40.4253
40.4551
40.4581
40.4784
40.4814
40.5057
40.5926
40.6263
40.7027
40.729
40.7405
40.7415
40.7424
40.7628
40.8129
40.8303
40.8596
40.874
40.8854
40.8923
40.9117
40.9454
40.9717
41.0
41.0586
41.14
41.1504
41.195
41.198
41.2521
41.2675
41.2715
41.3003
41.3052
41.3777
41.3886
41.397
41.4387
41.4571
41.4988
41.5375
41.5742
41.6447
41.6854
41.7241
41.7271
41.7385
41.8035
41.8209
41.8333
41.869
41.8789
41.8854
41.9077
41.9097
41.9831
41.9861
42.0134
42.0392
42.0462
42.0616
42.1678
42.2114
42.2308
42.2338
42.2849
42.3702
42.397
42.4194
42.4397
42.5171
42.5191
42.5519
42.5836
42.5886
42.6089
42.6089
42.7047
42.8035
42.8372
42.8864
42.8893
42.9107
42.9678
42.9995
43.0278
43.0382
43.0556
43.0963
43.135
43.136
43.1429
43.2898
43.3266
43.342
43.342
43.3787
43.3817
43.3846
43.4377
43.4407
43.4521
43.5201
43.5434
43.5489
43.601
43.6129
43.6764
43.7142
43.7385
43.8556
43.9127
43.9543
44.0422
44.074
44.196
44.3846
44.4
44.4174
44.4308
44.4367
44.4571
44.4581
44.5062
44.5499
44.5549
44.5772
44.5866
44.6099
44.6283
44.6571
44.666
44.7444
44.7752
44.7936
44.7965
44.8035
44.8129
44.9087
44.936
44.9588
45.0015
45.0189
45.0596
45.1196
45.141
45.1678
45.2318
45.2754
45.3206
45.3583
45.401
45.4184
45.4367
45.4774
45.4794
45.4948
45.5772
45.5836
45.5906
45.6387
45.6417
45.6467
45.6824
45.7008
45.7618
45.8209
45.868
45.8834
45.8844
45.8874
45.932
45.9494
45.9678
46.0606
46.0616
46.0725
46.075
46.14
46.2045
46.2328
46.2879
46.2898
46.3544
46.3613
46.3653
46.6
46.6224
46.6253
46.6273
46.6362
46.6496
46.6496
46.6506
46.7132
46.7936
46.808
46.8189
46.866
46.932
46.9415
46.9464
46.9464
47.0209
47.0238
47.0625
47.1474
47.1573
47.1668
47.1767
47.1787
47.195
47.2144
47.2789
47.3092
47.3573
47.3633
47.4144
47.4794
47.5459
47.6089
47.6224
47.6233
47.6467
47.7221
47.7956
47.7995
47.8496
48.0139
48.0809
48.0903
48.1013
48.3042
48.3072
48.3479
48.3573
48.397
48.4492
48.4898
48.5653
48.5866
48.6233
48.6854
48.6938
48.7802
48.7821
48.8119
48.8477
48.8893
48.9405
48.9484
48.9638
48.9841
49.0422
49.0943
49.1022
49.1022
49.1271
49.134
49.1807
49.2184
49.2655
49.3042
49.3315
49.339
49.3479
49.3489
49.4104
49.4124
49.4154
49.4174
49.4214
49.4367
49.4695
49.4725
49.5052
49.5132
49.5305
49.5499
49.5663
49.5692
49.599
49.606
49.608
49.6119
49.6447
49.6824
49.7027
49.8343
49.8586
49.874
49.8844
49.9037
49.9405
49.9514
49.9975
50.0228
50.0278
50.0536
50.1052
50.1097
50.1107
50.1166
50.2124
50.2879
50.3062
50.3826
50.5305
50.5772
50.5797
50.604
50.6253
50.7549
50.7638
50.7722
50.7752
50.7752
50.809
50.8099
50.8844
50.8854
50.9077
50.9097
51.0402
51.0556
51.076
51.132
51.2229
51.2392
51.4308
51.4755
51.4948
51.5052
51.5286
51.543
51.5702
51.6089
51.6427
51.6496
51.6551
51.7181
51.7559
51.8323
51.871
51.871
51.9077
51.9405
52.0526
52.1573
52.2134
52.2328
52.2685
52.2879
52.3092
52.3846
52.4164
52.4511
52.4889
52.4908
52.5817
52.5866
52.606
52.6437
52.6467
52.7345
52.7519
52.8129
52.8139
52.9524
53.0005
53.0179
53.0779
53.1097
53.1717
53.1851
53.1901
53.2377
53.276
53.2819
53.3757
53.3941
53.4551
53.4829
53.606
53.8209
53.8834
53.9047
53.9067
53.9211
53.9221
53.932
54.0323
54.1196
54.132
54.137
54.1435
54.2373
54.2482
54.2521
54.2789
54.3246
54.3747
54.399
54.4154
54.4745
54.4889
54.4908
54.5653
54.5797
54.6427
54.7628
54.7906
54.8025
54.8362
54.865
54.8854
54.9385
54.9841
55.0353
55.1196
55.1464
55.1747
55.2075
55.2154
55.2665
55.2675
55.2993
55.3013
55.397
55.4258
55.5787
55.6844
55.6988
55.7415
55.93
56.0616
56.073
56.075
56.0864
56.141
56.1449
56.1658
56.2898
56.4154
56.5633
56.5643
56.5886
56.6978
56.7047
56.868
56.9365
57.13
57.2213
57.2363
57.2983
57.335
57.3921
57.4571
57.4774
57.4869
57.603
57.603
57.6204
57.6581
57.6918
57.7325
57.7876
57.865
57.8834
57.9271
57.9385
57.9732
57.9792
58.1077
58.1668
58.1881
58.2422
58.2799
58.4134
58.4328
58.4472
58.4482
58.4655
58.5712
58.6184
58.6938
58.9792
58.9966
59.0566
59.0844
59.1271
59.1678
59.2645
59.4268
59.4616
59.4908
59.5102
59.5489
59.5564
59.6417
59.6804
59.808
59.8427
59.9559
60.008
60.0179
60.074
60.2531
60.2546
60.2829
60.331
60.3787
60.5013
60.5082
60.5112
60.536
60.5643
60.8
60.866
60.9975
61.0025
61.1628
61.2094
61.2268
61.4511
61.5052
61.5479
61.5846
61.6338
61.6387
61.6908
61.6938
61.7817
61.8273
61.8834
61.8938
61.9047
62.1956
62.2065
62.2189
62.2422
62.3206
62.4184
62.4606
62.4789
62.5092
62.5226
62.539
62.6233
62.809
62.8323
62.8611
63.1067
63.1608
63.1707
63.195
63.2258
63.3167
63.3449
63.3871
63.4839
63.5598
63.7345
63.804
63.9261
63.9648
64.0179
64.0824
64.1569
64.1841
64.1861
64.1975
64.3087
64.4492
64.4521
64.4675
64.4705
64.5003
64.601
64.603
64.7663
64.7742
64.7752
64.8397
64.9221
65.1028
65.1097
65.1291
65.1464
65.1504
65.1678
65.2546
65.2973
65.3737
65.5033
65.5206
65.5941
65.604
65.6879
65.7787
65.864
65.9544
66.0943
66.1668
66.1797
66.1812
66.1985
66.3062
66.3176
66.3583
66.4258
66.477
66.5817
66.7693
67.0874
67.1097
67.2025
67.2412
67.2626
67.2769
67.331
67.5459
67.602
67.7236
67.7405
67.8824
67.9142
67.9211
67.9385
68.0283
68.0343
68.1137
68.1926
68.2874
68.3911
68.4586
68.6407
68.7033
68.803
68.9395
69.0293
69.0645
69.1038
69.1832
69.2313
69.3678
69.4472
70.0333
70.0467
70.1261
70.134
70.1608
70.2045
70.2238
70.2353
70.2626
70.2809
70.341
70.4373
70.5941
70.741
70.7673
70.8844
71.342
71.4328
71.738
71.9683
71.9742
71.9881
72.1087
72.1802
72.2576
72.2894
72.4432
72.4963
72.5052
72.5971
72.6174
72.7335
72.8804
72.9211
72.9434
72.9529
72.9762
72.9966
73.0293
73.0894
73.1926
73.2055
73.4025
73.604
73.6928
73.7519
73.8551
73.9008
74.0477
74.1514
74.1519
74.1569
74.3042
74.536
74.5583
74.8467
74.87
74.9211
75.0526
75.1395
75.1713
75.2487
75.3861
75.4402
75.6154
75.7479
75.7519
75.7807
75.8814
75.9286
76.0353
76.065
76.5003
76.6328
77.0903
77.0903
77.2616
77.267
77.4104
77.5246
77.6249
77.6417
77.7613
77.7673
77.803
78.3593
78.3995
78.5574
78.6358
78.7142
78.7663
78.7727
79.0497
79.1896
79.6249
79.6809
79.7177
79.806
79.8144
79.8581
80.07
80.1762
80.3231
80.5003
80.5206
80.5777
80.7033
80.7702
81.0293
81.0397
81.3688
81.4884
81.5951
81.5951
81.7643
81.8085
81.8839
82.004
82.1529
82.275
82.3097
82.5216
82.5727
82.6035
82.6204
82.6571
82.6794
82.7807
83.0109
83.3038
83.3628
83.3638
83.3792
83.5564
83.5593
83.6626
83.6859
84.0467
84.0611
84.0854
84.1142
84.1415
84.6338
84.803
84.9489
85.1008
85.1241
85.1519
85.2586
85.2854
85.2933
85.3732
85.6646
85.7321
85.9594
85.9722
86.0978
86.1504
86.1956
86.2179
86.2248
86.2353
86.2487
86.2804
86.5658
86.5777
86.8378
86.94
86.9519
86.9633
87.0437
87.2437
87.2651
87.4045
87.4075
87.4169
87.5514
87.738
87.7539
87.8859
88.2045
88.2591
88.3032
88.3802
88.4199
88.4412
88.4526
88.543
88.6124
88.6363
88.8948
88.9598
89.0522
89.1142
89.4179
89.4576
89.5653
89.5842
89.6452
90.1231
90.1549
90.209
90.5196
90.6819
91.4248
91.4382
91.5107
91.7196
92.1722
92.1732
92.3201
92.4353
92.5464
92.9633
92.9846
93.003
93.1906
93.204
93.534
93.7747
93.9603
94.1067
94.1539
94.1822
94.3137
94.412
94.9231
95.1678
95.2353
95.3192
95.407
95.4894
96.2477
96.6993
97.003
97.0125
97.2159
97.3693
97.5167
97.7921
98.1261
98.3499
98.6943
98.7871
98.9196
99.1028
99.2184
99.3087
99.3688
99.9529
100.0115
100.2854
100.3028
100.3405
100.5261
100.8879
100.9102
101.8928
101.9013
102.0154
102.2328
102.4556
102.5891
102.7137
102.7206
102.7613
102.7727
102.8124
102.9594
103.207
103.2621
103.535
103.6864
103.7067
103.7291
103.8164
103.8278
103.8973
104.1807
104.2328
104.2532
104.4457
104.737
105.145
105.3886
105.934
107.3182
107.6412
108.1122
108.3132
108.6353
108.6373
108.8705
109.1886
109.7236
110.1574
110.2968
110.4224
110.6809
111.5976
111.6641
111.9613
111.9718
112.0963
112.2293
112.4189
113.3246
113.4641
113.676
113.9574
114.2288
114.4194
114.4234
115.9524
116.0944
116.5336
117.2785
117.3216
117.3276
117.7862
118.0134
118.1197
118.7038
118.8035
118.9425
119.1063
119.2864
119.7663
119.9534
120.2561
120.3847
120.5231
121.1837
121.3693
121.3807
121.7048
121.8383
122.1787
123.7936
125.3112
126.4601
126.608
126.6834
127.1341
127.34
128.0259
128.277
128.3559
128.6467
128.6864
129.9842
130.005
130.5509
130.676
131.0035
131.1425
131.61
132.0045
132.548
132.67
132.8834
133.4328
134.0566
134.87
135.3916
136.0556
137.1901
138.7569
139.3485
139.8363
141.0537
141.5742
141.5857
141.6611
142.3832
142.402
143.6621
143.9251
144.0874
144.3127
145.3643
145.3732
145.5951
147.0412
147.076
148.0616
148.2993
148.3594
150.0914
150.2651
150.3723
150.8293
152.8914
154.1986
154.4626
154.6839
157.1782
158.212
158.2512
158.6522
158.6532
159.6085
162.2006
164.205
165.1946
167.1172
167.2924
169.1415
169.4606
170.3802
171.0214
171.2914
175.1539
177.2279
177.8542
186.336
190.2309
200.6691
201.8199
201.8964
204.0175
204.0939
208.5286
217.7499
219.9778
221.3936
224.1951
224.8318
249.6939
256.1887
270.0785
279.6885
290.086
385.821
413.0374
460.1432
