3.0
3.0
3.0
3.0
3.0
3.0
3.0
3.0
3.0
3.0
3.0
3.0
3.0
3.0
3.0
3.0
3.0
3.0
3.0
3.0
3.0
3.0
3.0
3.0
3.0
3.0
3.0
3.0
3.0
3.0
3.0
3.0
3.0
3.0
3.0
3.0
3.0
3.0
3.0
3.0
3.0
3.0
3.0
3.0
3.0
3.0
3.0
3.0
3.0
3.0
3.0
3.0
3.0
3.0
3.0
3.0
3.0
3.0
3.0
3.0
3.0
3.0
3.0
3.0
3.0
3.0
3.0
3.0
3.0
3.0
3.0
3.0
3.0
3.0
3.0
3.0
3.0
3.0
3.0
3.0
3.0
3.0
3.0
3.0
3.0
3.0
3.0
3.0
3.0
3.0
3.0
3.0
3.0
3.0
3.0
3.0
3.0
3.0
3.0
3.0
3.0
3.0
3.0
3.0
3.0
3.0
3.0
3.0
3.0
3.0
3.0
3.0
3.0
4.0
4.0
4.0
4.0
4.0
4.0
4.0
4.0
4.0
4.0
4.0
4.0
4.0
4.0
4.0
4.0
4.0
4.0
4.0
4.0
4.0
4.0
4.0
4.0
4.0
4.0
4.0
4.0
4.0
4.0
4.0
4.0
4.0
4.0
4.0
4.0
4.0
4.0
4.0
4.0
4.0
4.0
4.0
4.0
4.0
4.0
4.0
4.0
4.0
4.0
4.0
4.0
4.0
4.0
4.3375
4.3752
4.4506
4.4506
4.4883
4.4883
4.5261
4.5638
4.6015
4.6015
4.9032
4.9032
4.9409
5.0
5.0
5.0
5.0
5.0
5.0
5.0
5.0
5.0
5.0
5.0
5.0
5.0
5.0
5.0
5.0
5.0
5.0
5.0
5.0
5.0
5.0
5.0
5.0
5.0
5.0
5.0
5.0
5.0
5.0
5.0
5.0
5.0
5.0
5.0164
5.0918
5.1672
5.205
5.205
5.2804
5.2998
5.3752
5.3752
5.3936
5.4313
5.4883
5.4883
5.5261
5.6392
5.6392
5.6392
5.6392
5.6953
5.7524
5.7901
5.8462
5.9409
5.9787
6.0
6.0
6.0
6.0
6.0
6.0
6.0
6.0
6.0
6.0
6.0
6.0
6.0541
6.1295
6.1856
6.205
6.205
6.2233
6.2233
6.2998
6.3742
6.3742
6.5251
6.5251
6.5638
6.5821
6.6015
6.6199
6.6199
6.6392
6.6953
6.7137
6.7514
6.7901
6.7901
6.8839
6.8839
6.9032
6.9032
6.9593
6.997
7.0
7.0
7.0
7.0
7.0
7.0
7.0
7.0
7.0
7.0164
7.0347
7.0725
7.1102
7.1672
7.2417
7.3558
7.4506
7.7697
7.7697
7.8839
7.9032
7.9787
7.9787
7.996
7.997
8.0
8.0
8.0
8.0
8.0
8.0
8.0
8.0918
8.204
8.2998
8.3936
8.4486
8.4506
8.469
8.4873
8.4873
8.5067
8.5251
8.5261
8.7514
8.8278
8.9206
8.9593
9.0
9.1856
9.2407
9.2417
9.3171
9.3936
9.4506
9.468
9.4864
9.6015
9.6179
9.7127
9.7524
9.7697
9.7707
9.7891
9.9196
9.9583
10.0
10.1082
10.1836
10.2213
10.4129
10.4476
10.5638
10.6005
10.8819
10.8829
10.9777
11.0328
11.1082
11.2804
11.3558
11.3558
11.3906
11.3906
11.4313
11.4496
11.469
11.5067
11.5067
11.5608
11.6382
11.6749
11.7494
11.8268
11.8625
11.8829
12.0
12.0328
12.0531
12.1479
12.202
12.2581
12.2774
12.3345
12.3916
12.4864
12.5628
12.674
12.7687
12.995
13.0
13.0
13.0
13.0
13.0134
13.0888
13.1826
13.2204
13.2387
13.3335
13.3896
13.4089
13.5027
13.5231
13.5598
13.5792
13.7504
13.7677
13.8055
13.8238
13.8432
13.8615
13.8809
13.9176
13.9216
13.938
13.939
14.0
14.1816
14.1826
14.1836
14.2213
14.2213
14.3325
14.4854
14.5414
14.5792
14.7484
14.7881
14.8625
14.995
15.0114
15.0878
15.0878
15.1246
15.1633
15.1663
15.203
15.2204
15.3539
15.3558
15.3896
15.5221
15.5792
15.6536
15.8055
15.8789
15.8993
16.0695
16.2938
16.3365
16.5047
16.5782
16.6159
16.671
16.672
16.674
16.728
16.7707
16.9553
16.9747
16.9787
17.0695
17.1826
17.4447
17.5762
17.6169
17.6546
17.7107
17.8839
18.0
18.0859
18.1275
18.1449
18.2184
18.2551
18.261
18.2745
18.3142
18.3886
18.4079
18.4283
18.5975
18.6149
18.6333
18.8625
18.9156
18.9931
19.0298
19.0675
19.0695
19.1042
19.1603
19.2745
19.3509
19.3722
19.4253
19.4437
19.4834
19.7097
19.7668
19.9727
19.9777
20.0725
20.2571
20.2735
20.3489
20.4844
20.5191
20.8645
20.9003
20.9166
20.939
20.9524
21.2174
21.3886
21.4998
21.5936
21.8248
21.8402
22.0685
22.141
22.2735
22.3295
22.3539
22.4988
22.5742
22.5946
22.6149
22.6506
22.8228
22.8943
22.935
22.9757
23.0665
23.2735
23.3856
23.4233
23.4437
23.5191
23.6129
23.7261
23.7271
23.875
23.9717
23.9727
24.0452
24.139
24.141
24.3092
24.5008
24.5936
24.671
25.0268
25.1583
25.2715
25.2725
25.462
25.5375
25.6486
25.672
26.1573
26.1603
26.1951
26.2898
26.4794
26.6486
26.6854
26.7618
26.8362
26.875
26.932
26.9524
26.9881
27.0655
27.0819
27.2318
27.3122
27.4581
27.6864
27.7251
27.9127
28.0491
28.5519
28.5742
28.6883
28.7424
29.0065
29.0809
29.1022
29.137
29.1941
29.2134
29.2501
29.2695
29.3866
29.4233
29.5702
29.6273
29.8169
29.9911
30.0045
30.1429
30.3459
30.4755
30.5529
30.8189
30.9687
30.9687
30.9861
31.0045
31.0789
31.138
31.141
31.3836
31.5509
31.5519
31.608
31.7772
31.7975
32.2879
32.3102
32.3439
32.5325
32.5539
32.7985
32.8903
33.0402
33.0779
33.1003
33.1186
33.1186
33.5142
33.663
33.7628
34.0209
34.0228
34.0789
34.0963
34.1797
34.8884
34.9841
35.1911
35.403
35.4755
35.5692
35.7985
35.8516
35.9097
35.9281
35.9464
36.137
36.1911
36.2665
36.3797
36.9454
36.9628
37.0422
37.1137
37.2298
37.2655
37.4918
37.605
37.7549
37.7568
37.7956
37.8119
37.9444
38.1166
38.3023
38.3216
38.3603
38.398
38.4338
38.4551
38.7841
38.7975
38.9841
39.0382
39.2888
39.5112
39.9087
40.1727
40.3013
40.4174
40.4328
40.5092
40.5846
40.5856
40.604
40.6611
40.7936
40.9261
41.2635
41.3573
41.402
41.6611
41.664
41.7568
41.9425
41.9668
42.074
42.2055
42.5122
42.5266
42.604
42.6968
42.9047
42.9241
43.0963
43.133
43.1697
43.1861
43.8273
44.0372
44.3563
44.6581
44.866
44.869
45.0179
45.1668
45.5623
45.6204
46.4298
46.5246
46.8467
46.868
47.2085
47.3052
47.342
47.5469
47.7335
48.0392
49.2779
49.3573
49.4095
49.542
49.9018
50.0536
50.1648
50.2025
50.2675
50.6119
50.6551
50.9191
51.2779
51.3554
52.0313
52.2422
52.4685
52.8427
52.9181
53.332
53.4288
53.5033
53.804
53.8457
53.868
54.1668
54.2616
54.333
54.3747
54.5623
54.6908
54.8407
54.8978
55.0864
55.2566
55.4715
55.8621
55.9956
56.2179
56.4278
56.9171
56.9365
56.9588
56.9762
57.5564
58.4104
58.6144
58.8968
58.9008
58.9385
58.9722
59.5196
59.7827
60.6502
60.6511
61.6938
61.7817
61.8571
61.9752
62.072
62.1038
62.4045
62.6511
62.6521
62.9097
63.1822
63.4432
63.4973
63.7459
63.9906
64.0263
64.1995
64.5911
64.6105
64.9876
65.5583
65.7797
66.0273
66.2323
66.3117
66.8998
67.6462
68.0129
68.0139
68.2139
68.6482
69.1395
69.801
70.2497
70.6675
70.8928
70.9946
71.7226
72.1529
72.2854
73.1549
73.1792
73.4015
75.2477
75.739
75.9817
76.6422
77.5311
78.4005
79.0561
80.0824
80.678
82.2814
84.941
85.8502
86.0368
86.2417
86.3192
86.4507
87.2427
87.5048
87.674
88.4293
89.1082
89.5435
89.7291
89.8278
90.6799
91.0745
91.1916
91.5038
92.0988
92.8219
93.3723
93.4382
93.5008
93.5251
94.0482
94.5038
95.5425
97.0522
97.3693
97.9206
99.7435
99.8393
101.0889
103.141
105.4804
108.4571
109.2869
110.9638
111.6264
112.5162
113.668
114.9688
115.0646
115.2318
115.9678
117.4348
118.5122
119.9996
123.073
123.1475
124.3177
125.8844
126.4338
128.8507
129.8661
131.2606
134.0874
137.7122
139.0284
142.2537
144.2323
148.74
151.7584
153.1385
155.7023
156.5485
156.8542
157.5137
158.0978
159.9266
164.6964
171.5405
186.7167
187.3807
207.2859
223.2994
276.9118
335.6925
365.0682
