3.0
3.0
3.0
3.0
3.0
3.0
3.0
3.0
3.0
3.0
3.0
3.0
3.0
3.0
3.0
3.0
3.0
3.0
3.0
3.0
3.0
3.0
3.0
3.0
3.0
3.0
3.0
3.0
3.0
3.0
3.0
3.0
3.0
3.0
3.0
3.0
3.0
3.0
3.0
3.0
3.0
3.0
3.0
3.0
3.0
3.0
3.0
3.0
3.0
3.0
3.0
3.0
3.0
3.0
3.0
3.0
3.0
3.0
3.0
3.0
3.0
3.0
3.0
3.0
3.0
3.0
3.0
3.0
3.0
3.0
3.0
3.0
3.0
3.0
3.0
3.0
3.0
3.0
3.0
3.0
3.0
3.0
3.0
3.0
3.0
3.0
3.0
3.0
3.0
3.0
3.0
3.0
3.0
3.0
3.0
3.0
3.0
3.0
3.0
3.0
3.0
3.0
3.0
3.0
3.0
3.0
3.0
3.0
3.0
3.0
3.0
3.0
3.0
3.0
3.0
3.0
3.0
3.0
3.0
3.0
3.0
3.0
3.0
3.0
3.0
3.0
3.0
3.0
3.0
3.0
3.0
3.0
3.0
3.0
3.0
3.0
3.0
3.0
3.0
3.0
3.0
3.0
3.0
3.0
3.0
3.0
3.0
3.0
3.0
3.0
3.0
3.0
3.0
3.0
3.0
3.0
3.0
3.0
3.0
3.0
3.0
3.0
3.0
3.0
3.0
3.0
3.0
3.0
3.0
3.0
3.0
3.0
3.0
3.0
3.0
3.0
3.0
3.0
3.0
3.0
3.0
3.0
3.0
3.0
3.0
3.0
3.0
3.0
3.0
3.0
3.0
3.0
3.0
3.0
3.0
3.0
3.0
3.0
3.0
3.0
3.0
3.0
3.0
3.0
3.0
3.0
3.0
3.0
3.0
3.0
3.0
3.0
3.0
3.0
3.0
3.0
3.0
3.0
3.0
3.0
3.0
3.0
3.0
3.0
3.0
3.0
3.0
3.0
3.0
3.0
3.0
3.0
3.0
3.0
3.0
3.0
3.0
3.0
3.0
3.0
3.0
3.0
3.0
3.0
3.0
3.0
3.0
3.0
3.0
3.0
3.0
3.0
3.0
3.0
3.0
3.0
3.0
3.0
3.0
3.0
3.0
3.0
3.0
3.0
3.0
3.0
3.0
3.0
3.0
3.0
3.0
3.0
3.0
3.0
3.0
3.0
3.0
3.0
3.0
3.0
3.0
3.0
3.0
3.0
3.0
3.0
3.0
3.0
3.0
3.0
3.0
3.0
3.0
3.0
3.0
3.0
3.0
3.0
3.0
3.0
3.0
3.0
3.0
3.0
3.0
3.0
3.0
3.0
3.0
3.0
3.0
3.0
3.0
3.0
3.0
3.0
3.0
3.0
3.0
3.0
3.0
3.0
3.0
3.0
3.0
3.0
3.0
3.0
3.0
3.0
3.0
3.0
3.0
3.0
3.0
3.0
3.0
3.0
3.0
3.0
3.0
3.0
3.0
3.0
3.0
4.0
4.0
4.0
4.0
4.0
4.0
4.0
4.0
4.0
4.0
4.0
4.0
4.0
4.0
4.0
4.0
4.0
4.0
4.0
4.0
4.0
4.0
4.0
4.0
4.0
4.0
4.0
4.0
4.0
4.0
4.0
4.0
4.0
4.0
4.0
4.0
4.0
4.0
4.0
4.0
4.0
4.0
4.0
4.0
4.0
4.0
4.0
4.0
4.0
4.0
4.0
4.0
4.0
4.0
4.0
4.0
4.0
4.0
4.0
4.0
4.0
4.0
4.0
4.0
4.0
4.0
4.0
4.0
4.0
4.0
4.0
4.0
4.0
4.0
4.0
4.0
4.0
4.0
4.0
4.0
4.0
4.0
4.0
4.0
4.0
4.0
4.0
4.0
4.0
4.0
4.0
4.0
4.0
4.0
4.0
4.0
4.0
4.0
4.0
4.0
4.0
4.0
4.0
4.0
4.0
4.0
4.0
4.0
4.0
4.0
4.0
4.0
4.0
4.0
4.0
4.0
4.0
4.0
4.0
4.0
4.0
4.0
4.0
4.0
4.0
4.0
4.0
4.0
4.0
4.0
4.0
4.0
4.0
4.0
4.0
4.0
4.0
4.0
4.0
4.0
4.0
4.0
4.0
4.0
4.0
4.0
4.0
4.0
4.0
4.0
4.0
4.0
4.0
4.0
4.0
4.0
4.0
4.0
4.0
4.0
4.0
4.0
4.0
4.0
4.0
4.0
4.0
4.0
4.0
4.0
4.0
4.0
4.0
4.0
4.0
4.0
4.0
4.0
4.0
4.0
4.0
4.0
4.0
4.0
4.0
4.0
4.0
4.0
4.0
4.0
4.0
4.0
4.0
4.0
4.0
4.0
4.0
4.0
4.0
4.0
4.0
4.0
4.0
4.0
4.0
4.0
4.0
4.0
4.0
4.0
4.0
4.0
4.0
4.0
4.0
4.0
4.0
4.0
4.0
4.0
4.0
4.0
4.0
4.0
4.0
4.0
4.0
4.0
4.0
4.0
4.0
4.0
4.0
4.0
4.0
4.0
4.0
4.0
4.0
4.0
4.0
4.0
4.0
4.0
4.0
4.0
4.0
4.0
4.0
4.0
4.0
4.3375
4.3375
4.3752
4.4506
4.4506
4.4883
4.5638
4.6015
4.6392
4.6769
4.6769
4.6769
4.7146
4.7146
4.7524
4.7524
4.7524
4.7901
4.7901
4.7901
4.7901
4.9032
4.9409
4.9409
4.9787
4.9787
5.0
5.0
5.0
5.0
5.0
5.0
5.0
5.0
5.0
5.0
5.0
5.0
5.0
5.0
5.0
5.0
5.0
5.0
5.0
5.0
5.0
5.0
5.0
5.0
5.0
5.0
5.0
5.0
5.0
5.0
5.0
5.0
5.0
5.0
5.0
5.0
5.0
5.0
5.0
5.0
5.0
5.0
5.0
5.0
5.0
5.0
5.0
5.0
5.0
5.0
5.0
5.0
5.0
5.0
5.0
5.0
5.0
5.0
5.0
5.0
5.0
5.0
5.0
5.0
5.0
5.0
5.0
5.0
5.0
5.0
5.0
5.0
5.0
5.0
5.0
5.0
5.0
5.0
5.0
5.0
5.0
5.0
5.0
5.0
5.0
5.0
5.0
5.0
5.0
5.0
5.0
5.0
5.0
5.0
5.0
5.0
5.0
5.0
5.0
5.0
5.0
5.0
5.0
5.0
5.0
5.0
5.0
5.0
5.0
5.0
5.0
5.0
5.0
5.0
5.0
5.0
5.0
5.0
5.0
5.0
5.0
5.0
5.0
5.0
5.0
5.0
5.0
5.0
5.0
5.0
5.0
5.0
5.0
5.0
5.0
5.0
5.0
5.0
5.0
5.0
5.0
5.0
5.0
5.0
5.0
5.0
5.0
5.0
5.0
5.0
5.0
5.0
5.0
5.0
5.0
5.0
5.0
5.0
5.0
5.0
5.0
5.0
5.0
5.0
5.0
5.0
5.0
5.0
5.0
5.0
5.0
5.0
5.0
5.0
5.0
5.0
5.0
5.0
5.0
5.0
5.0
5.0
5.0
5.0918
5.0918
5.0918
5.1295
5.1295
5.1672
5.205
5.2427
5.2804
5.2804
5.2998
5.3181
5.3181
5.3375
5.3375
5.3558
5.3752
5.3752
5.4129
5.4129
5.4129
5.4129
5.4313
5.4313
5.4506
5.4506
5.469
5.469
5.4883
5.4883
5.4883
5.5067
5.5067
5.5261
5.5444
5.5444
5.5444
5.5444
5.5638
5.5821
5.5821
5.6199
5.6199
5.6199
5.6769
5.7146
5.7146
5.733
5.7524
5.7524
5.8462
5.8655
5.8655
5.8839
5.9593
5.9593
6.0
6.0
6.0
6.0
6.0
6.0
6.0
6.0
6.0
6.0
6.0
6.0
6.0
6.0
6.0
6.0
6.0
6.0
6.0
6.0
6.0
6.0
6.0
6.0
6.0
6.0
6.0
6.0
6.0
6.0
6.0
6.0
6.0
6.0
6.0
6.0
6.0
6.0
6.0
6.0
6.0
6.0
6.0
6.0
6.0
6.0
6.0
6.0
6.0
6.0
6.0
6.0
6.0
6.0
6.0
6.0
6.0
6.0
6.0
6.0
6.0
6.0
6.0
6.0
6.0
6.0
6.0
6.0
6.0
6.0
6.0
6.0
6.0
6.0
6.0
6.0
6.0
6.0
6.0
6.0
6.0
6.0
6.0
6.0
6.0
6.0
6.0
6.0
6.0
6.0
6.0
6.0
6.0
6.0
6.0
6.0
6.0
6.0
6.0
6.0
6.0
6.0
6.0
6.0
6.0
6.0
6.0
6.0
6.0
6.0
6.0
6.0
6.0
6.0
6.0
6.0
6.0
6.0
6.0
6.0
6.0
6.0
6.0
6.0
6.0
6.0
6.0
6.0
6.0
6.0
6.0
6.0
6.0
6.0
6.0
6.0
6.0
6.0347
6.0541
6.0541
6.0541
6.0725
6.1479
6.1479
6.1479
6.1856
6.205
6.2427
6.261
6.261
6.2804
6.2998
6.2998
6.3375
6.3752
6.3752
6.3936
6.4129
6.4129
6.4313
6.4873
6.4873
6.4873
6.4883
6.4883
6.5067
6.5067
6.5261
6.5261
6.5444
6.5638
6.5821
6.5821
6.5821
6.5821
6.6015
6.6015
6.6199
6.6199
6.6392
6.6759
6.7137
6.7146
6.7707
6.7707
6.7901
6.7901
6.8084
6.8084
6.8268
6.8278
6.8645
6.8655
6.8655
6.8839
6.9409
6.9777
6.9777
7.0
7.0
7.0
7.0
7.0
7.0
7.0
7.0
7.0
7.0
7.0
7.0
7.0
7.0
7.0
7.0
7.0
7.0
7.0
7.0
7.0
7.0
7.0
7.0
7.0
7.0
7.0
7.0
7.0
7.0
7.0
7.0
7.0
7.0
7.0
7.0
7.0
7.0
7.0
7.0
7.0
7.0
7.0
7.0
7.0
7.0
7.0
7.0
7.0
7.0
7.0
7.0
7.0
7.0
7.0
7.0
7.0
7.0
7.0
7.0
7.0
7.0
7.0
7.0
7.0
7.0
7.0
7.0
7.0
7.0
7.0
7.0
7.0
7.0
7.0
7.0
7.0
7.0
7.0
7.0
7.0
7.0
7.0
7.0
7.0
7.0
7.0
7.0
7.0
7.0154
7.0164
7.0347
7.0531
7.0541
7.0918
7.1295
7.1295
7.1295
7.1295
7.1295
7.1672
7.1672
7.2417
7.2794
7.2988
7.2998
7.3181
7.3375
7.3375
7.3375
7.3558
7.3742
7.3742
7.3742
7.3926
7.4313
7.468
7.469
7.5444
7.5444
7.5638
7.6199
7.6382
7.6566
7.6576
7.6576
7.6943
7.6943
7.6943
7.6953
7.7137
7.7146
7.7524
7.7524
7.7697
7.7707
7.7707
7.7891
7.7901
7.8084
7.8268
7.8268
7.9022
7.9022
7.9206
7.9216
7.9216
7.9593
7.997
8.0
8.0
8.0
8.0
8.0
8.0
8.0
8.0
8.0
8.0
8.0
8.0
8.0
8.0
8.0
8.0
8.0
8.0
8.0
8.0
8.0
8.0
8.0
8.0
8.0
8.0
8.0
8.0
8.0
8.0
8.0
8.0
8.0
8.0
8.0
8.0
8.0
8.0
8.0
8.0
8.0
8.0
8.0
8.0
8.0
8.0
8.0
8.0
8.0
8.0164
8.0164
8.0725
8.0725
8.1846
8.1856
8.204
8.205
8.2601
8.2794
8.2804
8.2804
8.2978
8.2988
8.2998
8.2998
8.3742
8.3742
8.3752
8.3752
8.3752
8.3752
8.3926
8.4129
8.4486
8.4496
8.4506
8.4506
8.4506
8.4506
8.468
8.469
8.469
8.4883
8.5261
8.5638
8.5821
8.6015
8.6015
8.6392
8.6392
8.6566
8.6943
8.7137
8.732
8.733
8.7524
8.7524
8.7697
8.8084
8.8258
8.8258
8.8655
8.8839
8.9022
8.9206
8.939
8.9583
8.9593
8.996
8.996
9.0
9.0
9.0
9.0
9.0
9.0
9.0
9.0
9.0
9.0
9.0
9.0
9.0
9.0
9.0
9.0
9.0
9.0
9.0
9.0
9.0
9.0
9.0
9.0
9.0
9.0
9.0
9.0
9.0
9.0
9.0
9.0
9.0
9.0
9.0
9.0
9.0
9.0
9.0
9.0
9.0
9.0
9.0
9.0
9.0
9.0
9.0
9.0
9.0
9.0
9.0144
9.0154
9.0541
9.0715
9.0725
9.1102
9.1275
9.1285
9.1672
9.1672
9.1856
9.2223
9.261
9.261
9.2784
9.2794
9.2988
9.3181
9.3539
9.3548
9.3558
9.3742
9.3916
9.3916
9.3926
9.4486
9.4496
9.4506
9.4873
9.5067
9.5251
9.5251
9.5251
9.5261
9.5434
9.5444
9.5444
9.5444
9.5628
9.5638
9.5811
9.5995
9.5995
9.6005
9.6005
9.6382
9.6392
9.6566
9.6769
9.7514
9.7697
9.8065
9.8074
9.8084
9.8084
9.8258
9.8462
9.8635
9.8645
9.8829
9.8829
9.9022
9.9196
9.939
9.9409
9.9767
9.9777
9.9787
9.995
9.996
9.997
10.0
10.0
10.0
10.0
10.0
10.0
10.0
10.0
10.0
10.0
10.0
10.0
10.0
10.0
10.0
10.0
10.0
10.0
10.0
10.0
10.0
10.0
10.0
10.0
10.0
10.0
10.0
10.0
10.0
10.0
10.0
10.0
10.0
10.0
10.0
10.0144
10.0154
10.0164
10.1102
10.1285
10.1285
10.1479
10.1672
10.1672
10.2233
10.2233
10.2407
10.2417
10.2591
10.2601
10.2784
10.2804
10.3181
10.3345
10.3375
10.3539
10.3732
10.3742
10.3926
10.4119
10.4313
10.4476
10.4486
10.4883
10.5241
10.5261
10.5638
10.5821
10.6015
10.6189
10.6372
10.6556
10.6566
10.6749
10.6769
10.6933
10.6953
10.6953
10.731
10.732
10.732
10.7494
10.7871
10.7881
10.8065
10.8074
10.8084
10.8278
10.8278
10.8442
10.8655
10.8819
10.8839
10.8839
10.9022
10.9032
10.9032
10.9206
10.939
10.94
10.9409
10.9573
10.996
11.0
11.0
11.0
11.0
11.0
11.0
11.0
11.0
11.0
11.0
11.0
11.0
11.0
11.0
11.0
11.0
11.0
11.0
11.0
11.0
11.0
11.0
11.0
11.0
11.0
11.0
11.0
11.0
11.0
11.0
11.0
11.0
11.0
11.0
11.0
11.0
11.0
11.0
11.0
11.0
11.0
11.0338
11.0521
11.0541
11.0715
11.0715
11.1082
11.1266
11.1275
11.1275
11.1459
11.203
11.2213
11.2223
11.2601
11.2794
11.2998
11.2998
11.3181
11.3355
11.3375
11.3529
11.3529
11.3558
11.3732
11.3752
11.3926
11.4119
11.4313
11.4506
11.4506
11.467
11.4854
11.5057
11.5057
11.5424
11.5618
11.5628
11.6005
11.6015
11.6576
11.6576
11.674
11.6769
11.6953
11.7117
11.7127
11.731
11.7524
11.7524
11.7687
11.7707
11.7707
11.7881
11.7901
11.7901
11.7901
11.8084
11.8268
11.8462
11.9022
11.9032
11.9196
11.9196
11.938
11.939
11.9563
11.9777
11.9941
11.996
12.0
12.0
12.0
12.0
12.0
12.0
12.0
12.0
12.0
12.0
12.0
12.0
12.0
12.0
12.0
12.0
12.0
12.0
12.0
12.0
12.0
12.0144
12.0318
12.0511
12.0541
12.0695
12.0725
12.1092
12.1295
12.1295
12.1663
12.1672
12.1672
12.1856
12.1856
12.205
12.2407
12.2591
12.2774
12.2784
12.2794
12.2794
12.2804
12.2958
12.2978
12.3151
12.3161
12.3181
12.3345
12.3345
12.3355
12.3722
12.3742
12.3906
12.3936
12.4129
12.4486
12.466
12.4883
12.5047
12.5057
12.5241
12.5261
12.5261
12.5444
12.5444
12.5792
12.5802
12.5821
12.6005
12.6362
12.6372
12.6566
12.674
12.6749
12.6759
12.733
12.7524
12.7687
12.7697
12.7707
12.7901
12.8065
12.8074
12.8084
12.8258
12.8442
12.8442
12.8809
12.8829
12.8829
12.8839
12.8839
12.9216
12.9216
12.9409
12.9767
12.9777
13.0
13.0
13.0
13.0
13.0
13.0
13.0
13.0
13.0
13.0
13.0
13.0
13.0
13.0347
13.0695
13.0918
13.1082
13.1092
13.1102
13.1295
13.1826
13.2204
13.2407
13.2591
13.2764
13.2978
13.2998
13.3171
13.3558
13.3558
13.3752
13.4129
13.4129
13.4129
13.4273
13.4467
13.4496
13.4883
13.5037
13.5067
13.5241
13.5434
13.5598
13.5638
13.5995
13.6015
13.6015
13.6199
13.6382
13.6576
13.6769
13.6769
13.6923
13.733
13.7484
13.7524
13.8084
13.8442
13.9186
13.9573
13.9757
13.9941
13.995
14.0
14.0
14.0
14.0
14.0
14.0
14.0
14.0
14.0
14.0
14.0
14.0
14.0
14.0
14.0134
14.0541
14.0725
14.0888
14.1072
14.1082
14.1092
14.1102
14.1479
14.1633
14.1633
14.1826
14.1826
14.204
14.2407
14.2591
14.2804
14.2988
14.3161
14.3355
14.3355
14.3702
14.3712
14.4119
14.4119
14.4129
14.4303
14.4313
14.4506
14.468
14.4854
14.5241
14.5414
14.5628
14.5638
14.5638
14.5792
14.6382
14.673
14.6953
14.6953
14.7107
14.7127
14.7504
14.7707
14.7871
14.8055
14.8074
14.8278
14.8432
14.8462
14.8606
14.8829
14.8839
14.9176
14.9593
14.9757
14.9757
14.9777
14.9777
14.9931
14.9931
14.996
15.0
15.0
15.0
15.0
15.0
15.0
15.0
15.0
15.0
15.0
15.0124
15.0164
15.0521
15.0541
15.0725
15.0869
15.0869
15.1062
15.1102
15.1256
15.1275
15.1275
15.1285
15.1633
15.1826
15.1856
15.201
15.261
15.2958
15.2978
15.2998
15.2998
15.3142
15.3142
15.3548
15.3712
15.3712
15.3722
15.3722
15.3906
15.4099
15.4263
15.4467
15.4834
15.5037
15.5047
15.5057
15.5231
15.5241
15.5251
15.5261
15.5424
15.5434
15.5608
15.5792
15.5965
15.5975
15.5985
15.6015
15.673
15.674
15.6923
15.733
15.7484
15.7514
15.7514
15.7524
15.7871
15.8035
15.8422
15.8635
15.8635
15.9022
15.9196
15.9196
15.938
15.9553
15.9553
15.9563
15.9737
16.0
16.0
16.0
16.0
16.0
16.0
16.0
16.0
16.0
16.0521
16.0898
16.1256
16.1672
16.1672
16.202
16.205
16.2213
16.2223
16.2571
16.2804
16.3142
16.3151
16.3161
16.3529
16.3539
16.3752
16.3906
16.3936
16.4263
16.4293
16.4447
16.4873
16.5221
16.5424
16.5618
16.5618
16.6179
16.6352
16.6392
16.673
16.6933
16.6933
16.7097
16.7107
16.7117
16.7137
16.729
16.732
16.7504
16.7697
16.7861
16.8238
16.8248
16.8462
16.8789
16.8809
16.8839
16.9032
16.9206
16.939
16.9553
16.9737
16.9787
17.0
17.0
17.0
17.0
17.0134
17.0134
17.0308
17.0501
17.0511
17.0918
17.1092
17.203
17.2377
17.2377
17.2784
17.2794
17.2958
17.2968
17.2968
17.2968
17.3181
17.3315
17.3365
17.3509
17.3722
17.3742
17.3752
17.3752
17.3752
17.3936
17.4313
17.4486
17.463
17.5027
17.5047
17.5067
17.5424
17.5598
17.5792
17.5965
17.6149
17.6159
17.6159
17.6392
17.6526
17.6913
17.6933
17.6943
17.7087
17.7087
17.7117
17.7271
17.728
17.728
17.7484
17.7524
17.7658
17.7841
17.7841
17.7901
17.7901
17.8065
17.8268
17.8596
17.8625
17.9012
17.9166
17.9186
17.9216
17.94
17.9553
17.9727
17.9747
17.9777
18.0
18.0
18.0
18.0
18.0124
18.0521
18.0541
18.0675
18.1246
18.1256
18.1633
18.1672
18.1807
18.1816
18.1826
18.1846
18.2
18.2571
18.2988
18.3181
18.3181
18.3345
18.3345
18.3375
18.3519
18.3558
18.3558
18.3916
18.4313
18.4467
18.4496
18.464
18.4814
18.5385
18.5395
18.5811
18.6149
18.6159
18.6179
18.6362
18.6566
18.672
18.6769
18.6893
18.6943
18.6943
18.7097
18.7494
18.7514
18.7524
18.8035
18.8065
18.8065
18.8238
18.8258
18.8625
18.8819
18.8973
18.9176
18.934
18.9757
18.9941
18.996
19.0
19.0114
19.0114
19.0308
19.0318
19.0511
19.1266
19.1459
19.1672
19.1826
19.202
19.2561
19.2591
19.2968
19.3375
19.3539
19.3539
19.3886
19.3906
19.407
19.4293
19.4496
19.4873
19.5211
19.5444
19.5782
19.5792
19.6139
19.6149
19.6169
19.6323
19.6362
19.6372
19.6566
19.672
19.673
19.6893
19.7107
19.7524
19.7861
19.8045
19.8065
19.8615
19.8983
19.9003
19.9032
19.9166
19.9534
19.9544
19.9573
19.9921
19.997
19.997
20.0
20.0164
20.0278
20.0318
20.0695
20.0869
20.0918
20.1295
20.141
20.1459
20.1643
20.198
20.198
20.2387
20.2387
20.2591
20.2804
20.2928
20.2988
20.3122
20.3132
20.3161
20.3305
20.3315
20.3375
20.3519
20.3529
20.3692
20.4079
20.4079
20.4273
20.4467
20.4496
20.5008
20.5017
20.5385
20.5578
20.5578
20.5618
20.6005
20.6159
20.6323
20.6333
20.6343
20.67
20.674
20.6903
20.6943
20.7097
20.7648
20.8228
20.8228
20.8779
20.9012
20.9022
20.9156
20.9553
20.9737
20.9757
21.0
21.0278
21.0859
21.1042
21.1449
21.1593
21.2561
21.261
21.2928
21.3102
21.3112
21.3375
21.3742
21.3906
21.405
21.406
21.4099
21.466
21.4854
21.5434
21.5638
21.5985
21.5995
21.6015
21.6139
21.6169
21.6362
21.6372
21.67
21.7077
21.7097
21.7628
21.7658
21.7677
21.7871
21.8422
21.8576
21.8606
21.8625
21.8829
21.8963
21.8993
21.9166
21.9583
21.9727
21.9921
22.0
22.0
22.0084
22.0298
22.0308
22.0318
22.0472
22.0491
22.0531
22.0859
22.0918
22.141
22.1419
22.1429
22.1603
22.1672
22.1797
22.2
22.201
22.2204
22.2213
22.2377
22.2551
22.2581
22.2998
22.3489
22.3499
22.3519
22.3752
22.406
22.4417
22.4427
22.4457
22.4998
22.5414
22.5568
22.5578
22.5752
22.5762
22.5762
22.5772
22.5965
22.6169
22.6536
22.671
22.731
22.7658
22.7697
22.8218
22.8248
22.8615
22.8625
22.8779
22.8819
22.8943
22.936
22.937
22.9409
22.9514
22.9544
22.9573
23.0144
23.0888
23.1032
23.1216
23.1226
23.1246
23.141
23.1439
23.1459
23.1643
23.1653
23.1787
23.196
23.2
23.2
23.203
23.2154
23.2164
23.2233
23.2357
23.2357
23.2561
23.2725
23.2745
23.2948
23.3712
23.407
23.4079
23.4293
23.4467
23.462
23.4824
23.5385
23.5578
23.5762
23.6149
23.6313
23.6883
23.7057
23.8035
23.8209
23.8209
23.8412
23.8412
23.8655
23.939
23.9544
23.9787
23.9891
23.9941
23.9941
23.9941
24.0094
24.0481
24.0655
24.1022
24.1266
24.1439
24.2531
24.3509
24.3663
24.3846
24.3866
24.4506
24.4611
24.4784
24.4988
24.4998
24.5027
24.5578
24.5578
24.5752
24.6149
24.668
24.7077
24.731
24.8025
24.8055
24.8065
24.9504
25.0065
25.0084
25.0104
25.0278
25.0278
25.0328
25.0501
25.1072
25.1429
25.1439
25.1593
25.1613
25.1777
25.1816
25.2338
25.2367
25.2531
25.2551
25.2745
25.3539
25.3906
25.403
25.464
25.465
25.4804
25.5201
25.5414
25.5792
25.5946
25.6343
25.6506
25.668
25.7097
25.7821
25.8015
25.8025
25.8228
25.8392
25.8759
25.8953
25.9127
25.9166
25.9697
25.995
26.0075
26.0084
26.0298
26.0705
26.0859
26.14
26.1429
26.1593
26.1777
26.196
26.197
26.2144
26.2377
26.2715
26.2725
26.2725
26.2764
26.3295
26.4099
26.4968
26.5008
26.5231
26.5345
26.5365
26.5385
26.5926
26.6293
26.6323
26.673
26.6883
26.6903
26.7087
26.7812
26.7831
26.8199
26.8382
26.8789
26.8943
26.8963
26.9206
26.937
26.9727
27.0094
27.1003
27.1042
27.1052
27.1439
27.2377
27.2531
27.2928
27.2968
27.3092
27.3276
27.3886
27.4784
27.4968
27.5191
27.5211
27.5385
27.5762
27.5762
27.671
27.6903
27.6923
27.7231
27.728
27.7444
27.7464
27.7802
27.8015
27.8169
27.8199
27.8353
27.8566
27.8606
27.8839
27.8953
27.935
27.9747
27.9757
27.9787
27.9901
28.0
28.0065
28.0481
28.0491
28.0705
28.0829
28.1082
28.1206
28.199
28.2134
28.2134
28.2357
28.2695
28.2715
28.3499
28.4214
28.4427
28.4611
28.4784
28.4968
28.5221
28.5365
28.5906
28.6129
28.7598
28.7638
28.7792
28.7841
28.8392
28.8556
28.8596
28.9484
28.9901
29.0114
29.0635
29.0665
29.0819
29.0859
29.1206
29.1573
29.1583
29.1747
29.1797
29.1941
29.2338
29.2715
29.2898
29.2948
29.3142
29.3449
29.3499
29.3702
29.4407
29.4968
29.4978
29.5722
29.5732
29.6313
29.6506
29.6864
29.7097
29.7618
29.7985
29.8412
29.8933
29.8943
30.0065
30.1022
30.1563
30.1797
30.2377
30.3122
30.3276
30.3285
30.4253
30.4377
30.4407
30.4611
30.462
30.4794
30.5549
30.5558
30.5702
30.5712
30.5886
30.6119
30.6119
30.6486
30.665
30.671
30.6864
30.7474
30.7658
30.8759
30.936
30.9484
30.9717
31.0084
31.0278
31.0308
31.0829
31.1797
31.2134
31.2213
31.2377
31.2695
31.2958
31.3072
31.4263
31.4263
31.465
31.4854
31.4968
31.4988
31.5315
31.5732
31.5916
31.6109
31.7628
31.8353
31.8362
31.8903
31.9147
32.0045
32.0084
32.0219
32.0789
32.139
32.1593
32.2174
32.2685
32.2774
32.2918
32.3052
32.3459
32.3489
32.3836
32.3836
32.3856
32.4214
32.4968
32.4988
32.5008
32.5722
32.5742
32.6119
32.6447
32.6486
32.67
32.7424
32.7424
32.7434
32.7782
32.7792
32.7985
32.7995
32.8179
32.875
32.8943
32.9146
32.9474
32.9494
33.0219
33.1613
33.1941
33.2144
33.2367
33.2869
33.2888
33.3082
33.3817
33.402
33.4204
33.4397
33.5405
33.5722
33.5876
33.668
33.6903
33.7047
33.7047
33.7415
33.8412
33.87
33.9117
33.9484
33.9494
33.9494
33.9658
33.9678
34.1013
34.136
34.14
34.14
34.1941
34.195
34.2104
34.2124
34.2298
34.2357
34.2675
34.3712
34.404
34.4764
34.4814
34.5171
34.5702
34.6467
34.663
34.665
34.7221
34.7375
34.7772
34.7995
34.7995
34.8536
34.8546
34.875
34.929
34.9454
35.0238
35.0422
35.0799
35.0829
35.0829
35.1052
35.1176
35.1593
35.1747
35.2338
35.2888
35.3256
35.3449
35.4764
35.4774
35.5171
35.5345
35.5499
35.5722
35.6263
35.6303
35.6506
35.6804
35.7018
35.7792
35.7946
35.7946
35.7995
35.8139
35.9117
36.0655
36.0829
36.0993
36.135
36.2288
36.2288
36.2377
36.2462
36.2695
36.3439
36.401
36.4129
36.4194
36.4204
36.4397
36.5305
36.667
36.6854
36.7221
36.7395
36.7424
36.8139
36.8566
36.872
36.8893
36.9271
36.9638
36.9658
37.0219
37.0268
37.0596
37.0779
37.1514
37.1514
37.1514
37.2134
37.3052
37.3246
37.3643
37.4908
37.4948
37.4948
37.5142
37.5152
37.5395
37.5499
37.608
37.6447
37.6447
37.7405
37.7782
37.8586
37.9077
37.9281
38.0094
38.0655
38.1082
38.1137
38.1166
38.137
38.141
38.1563
38.2104
38.2104
38.2288
38.2367
38.398
38.401
38.4427
38.4561
38.4745
38.4755
38.5345
38.5519
38.5549
38.6417
38.7752
38.7762
38.7946
38.7995
38.8179
38.8313
38.8432
38.8516
38.872
38.872
38.9127
38.9638
38.9822
38.9831
39.0134
39.0248
39.0819
39.0819
39.2695
39.2879
39.2898
39.399
39.4174
39.4755
39.5181
39.5315
39.5315
39.5936
39.6253
39.6526
39.6814
39.7008
39.7018
39.7171
39.7191
39.7221
39.7578
39.7985
39.8119
39.8129
39.8139
39.8323
39.9271
39.9504
39.9737
40.0372
40.0382
40.0616
40.1072
40.135
40.136
40.1544
40.2085
40.2675
40.2869
40.2869
40.34
40.398
40.4214
40.5102
40.5286
40.5673
40.5683
40.5946
40.6109
40.6427
40.6988
40.7742
40.8516
40.8864
40.8963
40.9658
41.0005
41.0372
41.0616
41.0625
41.1127
41.1524
41.1563
41.1816
41.2308
41.2452
41.2482
41.2645
41.3499
41.4144
41.4561
41.5122
41.5355
41.5469
41.5683
41.5692
41.7742
41.7772
41.8323
41.8536
41.9648
42.0219
42.0586
42.0596
42.1697
42.2055
42.3013
42.341
42.3777
42.3807
42.5325
42.5856
42.6099
42.6243
42.6263
42.6988
42.7191
42.7395
42.7772
42.7906
42.8313
42.8874
42.9444
42.9812
43.0035
43.0392
43.0576
43.1157
43.1697
43.1871
43.2328
43.2462
43.6874
43.7355
43.8333
43.8382
43.9037
43.9137
43.9678
43.9792
44.0238
44.0258
44.0422
44.0596
44.0616
44.075
44.1127
44.2665
44.3072
44.3206
44.4928
44.5092
44.5181
44.5266
44.5702
44.6119
44.6457
44.7906
44.8323
44.8467
44.866
44.9067
44.9434
44.9598
44.9628
45.1494
45.1514
45.1747
45.2065
45.2278
45.2809
45.3003
45.3032
45.3246
45.3573
45.4144
45.4377
45.5286
45.6601
45.7018
45.7568
45.7588
45.7936
45.9117
45.9588
45.9588
45.9608
45.9792
45.9812
46.0402
46.0566
46.0809
46.2055
46.2452
46.2452
46.3439
46.4308
46.4308
46.4521
46.5643
46.6397
46.6591
46.6804
46.7896
46.868
46.874
46.9047
46.9792
46.9995
47.0209
47.0333
47.0933
47.131
47.198
47.2472
47.2491
47.3951
47.4501
47.4571
47.5092
47.5266
47.5449
47.5643
47.6204
47.6407
47.6774
47.6804
47.6958
47.7211
47.8099
47.8273
47.9221
47.9405
47.9444
47.9464
48.0343
48.0422
48.0596
48.13
48.133
48.1851
48.2258
48.2983
48.3563
48.3593
48.5286
48.5856
48.6804
48.7618
48.7722
48.869
48.9057
48.9271
48.9658
48.9658
49.07
49.2442
49.2839
49.3186
49.3573
49.3717
49.4144
49.4298
49.4348
49.4397
49.4928
49.6253
49.7345
49.7732
49.8119
49.866
49.869
49.8824
49.9241
50.0159
50.074
50.076
50.2229
50.2983
50.3216
50.3727
50.3797
50.3921
50.4501
50.5062
50.543
50.5529
50.5653
50.6214
50.6263
50.7732
50.8119
50.8283
50.8313
50.93
51.0546
51.073
51.1087
51.1147
51.1911
51.339
51.4104
51.4501
51.4675
51.6214
51.6214
51.6243
51.6387
51.7112
51.7132
51.7142
51.7335
51.866
51.9047
51.9946
52.0228
52.0402
52.069
52.1077
52.1504
52.1668
52.277
52.3583
52.3727
52.398
52.4482
52.4551
52.5042
52.5092
52.5459
52.6784
52.7181
52.7296
52.7355
52.7856
52.7886
52.864
52.866
52.8804
52.9057
52.9415
52.9578
52.9792
52.9802
53.1271
53.2045
53.2606
53.3593
53.3787
53.4492
53.4591
53.5286
53.6377
53.9181
53.9201
53.9782
53.9985
54.1812
54.2412
54.2626
54.3747
54.4124
54.6184
54.6224
54.6958
54.7896
54.8427
54.8794
54.9936
55.1077
55.1107
55.2993
55.3514
55.3951
55.4124
55.5206
55.6204
55.6214
55.6551
55.6784
55.7519
55.7965
55.809
55.8804
55.8844
55.8864
55.9628
56.0313
56.0323
56.2392
56.3003
56.3544
56.3554
56.4745
56.4839
56.5603
56.605
56.6725
56.7956
56.8243
56.8333
56.8631
57.1281
57.131
57.2392
57.2626
57.2789
57.2809
57.333
57.6204
57.7102
57.8467
57.8467
57.8834
57.8968
57.9762
57.9916
58.0576
58.067
58.0874
58.0963
58.3216
58.3698
58.4442
58.4809
58.6387
58.6725
58.6948
58.7459
58.7886
58.8581
58.8814
58.9926
59.0497
59.1241
59.2819
59.4258
59.4819
59.5023
59.5023
59.7112
59.7325
59.7499
59.7519
59.9162
60.07
60.1435
60.1658
60.274
60.2943
60.2943
60.2993
60.4258
60.54
60.5439
60.5449
60.6318
60.8273
60.864
60.8824
60.8968
60.9162
61.1057
61.3301
61.336
61.4472
61.4665
61.4869
61.5807
61.5827
61.7489
61.8571
61.8864
61.9569
61.9966
62.0333
62.071
62.0864
62.1047
62.1608
62.1628
62.1772
62.1841
62.2238
62.2402
62.3717
62.3881
62.542
62.5544
62.6511
62.6715
62.7489
62.8496
63.01
63.0834
63.2526
63.2566
63.2596
63.536
63.7072
63.7837
63.9896
64.131
64.1688
64.1985
64.4829
64.536
64.7052
64.8214
64.8571
64.9067
64.9365
65.1395
65.1618
65.3474
65.4055
65.5246
66.271
66.2953
66.3042
66.335
66.3851
66.4239
66.4645
66.5737
66.5777
67.1812
67.3454
67.4973
67.5216
67.54
67.5583
67.6124
67.6308
67.6695
67.7062
67.798
67.8765
67.8874
67.9315
68.1018
68.1038
68.1415
68.1598
68.2884
68.2913
68.2973
68.4566
68.4576
68.4799
68.542
68.7062
68.7092
68.7817
68.9152
68.9172
68.9181
69.1985
69.2432
69.2526
69.2566
69.539
69.5534
69.5708
70.006
70.1028
70.1648
70.2576
70.2904
70.3454
70.3648
70.3871
70.4239
70.478
70.4973
70.5216
70.5574
70.6462
70.6482
70.9846
71.1762
71.2526
71.332
71.4104
71.4626
71.4983
71.5033
71.536
71.8968
72.005
72.0631
72.0834
72.2884
72.6849
72.7033
72.7072
72.802
72.9082
72.9132
73.1241
73.4015
73.4983
73.5554
73.5747
73.7643
73.8164
73.8378
73.8725
73.9122
74.004
74.1752
74.1956
74.2025
74.2179
74.3048
74.3067
74.3077
74.3717
74.3792
74.4462
74.7246
74.864
74.9568
75.0204
75.0998
75.4199
75.6735
75.7013
75.7797
75.798
76.0631
76.1211
76.1375
76.1742
76.2313
76.2477
76.3137
76.4353
76.4412
76.5157
76.6268
76.6646
76.7013
76.7052
76.8194
77.1271
77.1946
77.7757
77.7931
77.7961
77.7971
78.0204
78.0988
78.1703
78.1742
78.1782
78.2129
78.2273
78.2313
78.5033
78.6154
78.6258
78.6789
79.0427
79.2923
79.5688
79.6124
79.8705
79.8879
79.9296
79.944
80.1008
80.1375
80.3832
80.3995
80.5311
80.6035
80.6035
80.6432
80.8765
81.1142
81.1519
81.3087
81.8879
81.9876
82.1703
82.2874
82.3251
82.3966
82.474
82.6422
82.6432
82.7226
82.8095
82.8978
83.1683
83.2814
83.2998
83.4517
83.4616
83.7757
83.8879
84.1703
84.211
84.27
84.6462
84.6646
84.8725
84.8869
85.0581
85.2516
85.2651
85.3792
85.4323
85.5852
85.6189
85.6626
85.6646
85.7033
85.7167
85.7951
86.0214
86.1316
86.2437
86.2785
87.0407
87.0417
87.5698
87.6209
87.7698
87.8298
87.9023
88.5638
88.5638
88.9246
89.0735
89.6482
89.9827
90.1866
90.205
90.2253
90.3782
90.6596
90.9837
90.999
91.1673
91.4412
91.4864
91.9846
91.999
92.1673
92.1866
92.2214
92.4333
92.7698
92.7747
92.9757
93.2437
93.2447
93.4914
93.5241
93.6412
93.8606
93.9226
94.0745
94.1896
94.2447
94.3365
94.3742
94.3752
94.4373
94.5038
94.6993
94.7474
94.7757
94.7911
94.8442
94.8462
94.8502
94.9177
94.9653
94.9737
95.0725
95.1256
95.5018
95.8859
96.0144
96.0879
96.7281
96.8606
97.2397
97.47
97.6005
97.9167
97.936
98.2457
98.5668
98.6139
99.4323
99.5871
99.8819
99.9167
100.1266
100.2978
100.3673
100.8953
101.4437
101.5425
101.6799
101.8809
102.1767
102.408
102.5589
102.5956
102.7628
102.88
103.1971
103.4244
103.7231
104.0571
104.735
104.8983
105.0125
105.2695
105.6536
105.7251
105.8462
106.0259
106.1787
106.1827
106.2785
106.3345
106.934
106.9891
107.0134
107.0675
107.2919
107.7147
107.9291
108.0626
108.1276
108.2234
108.2388
108.2958
108.4234
108.4398
108.668
108.8249
109.4382
109.5762
109.5976
109.8393
110.1043
110.2909
110.3723
110.41
110.4804
111.3797
111.613
112.0512
112.6457
112.6621
113.144
113.669
113.8993
114.3643
114.4735
115.0229
115.137
115.4601
115.5152
115.6497
115.7395
115.9911
116.1023
116.1157
116.3643
116.869
116.8924
116.8983
116.9494
117.937
117.9862
118.5916
119.3023
119.3643
119.4437
119.7465
121.3623
121.6447
121.7251
121.8373
122.3941
123.079
123.8323
124.0566
124.1107
124.4532
124.6477
125.1485
125.3177
125.5936
126.3167
126.5266
127.4472
128.0239
128.2229
128.5663
129.4502
129.9465
131.0373
131.073
131.1842
131.9251
132.8467
132.8978
133.1331
133.2839
133.9162
133.9395
134.1475
134.2025
134.3901
134.4512
134.6795
135.077
135.5286
136.6358
136.9678
138.014
138.2944
138.7753
139.4899
139.6184
139.6254
141.4095
141.7847
141.9068
142.481
142.6308
143.9782
144.0661
144.277
145.2353
145.3207
146.1087
146.745
148.3445
148.8224
148.8775
150.3455
152.1946
152.9827
153.949
154.6686
154.68
154.7063
154.8571
155.6229
157.6472
158.8001
160.0437
160.5718
162.7718
162.9306
163.8591
164.5678
165.0378
165.1599
167.1723
169.8993
170.0194
170.8462
170.9043
171.4864
172.7738
172.7951
172.8125
174.6006
174.6904
175.3202
175.8462
176.9594
177.5271
180.0939
180.2274
180.8229
180.8954
183.5425
190.4194
191.2358
191.5346
194.4016
194.5629
204.4611
208.1138
209.9192
212.7277
234.1723
234.3728
238.3599
260.5649
288.7376
310.0131
319.0518
