4.6838
4.6838
5.7415
5.986
6.5904
6.648
6.7991
7.3458
8.4611
12.8428
13.0873
13.145
13.8428
14.5048
14.7493
16.2384
16.469
16.6559
17.0734
17.5266
17.6341
17.9799
18.9004
19.1886
19.7712
20.131
21.5485
21.793
22.6637
23.2105
23.5703
23.7214
24.5703
24.8725
25.117
25.2323
25.6279
25.6856
25.8367
25.8367
25.8367
25.9659
26.1389
29.103
29.4052
29.9161
30.0672
30.1607
30.5205
31.1607
31.3118
31.4052
31.5563
32.1825
32.4847
32.6358
33.5423
33.938
34.8009
34.9022
34.9022
35.0314
35.5423
35.6
37.1467
37.1467
37.6576
37.8087
37.9022
37.924
38.1109
38.1467
38.6795
38.7153
39.586
40.0174
40.0393
40.1904
40.5284
41.1109
41.2262
41.3991
41.4349
41.5502
41.6436
41.7013
42.6078
42.6078
43.1546
43.3633
43.5284
43.5502
43.8166
43.91
44.0035
44.2698
44.4209
44.5144
44.572
44.6655
45.2698
45.6297
45.6655
45.8166
46.1188
46.7808
46.8166
47.6873
47.7013
48.1764
48.1982
48.1982
48.2917
48.5004
48.6515
48.896
49.2559
49.407
49.5581
50.0393
50.1188
50.6515
51.2201
51.3712
51.5581
51.6733
51.7091
51.8602
52.1266
52.1624
52.2559
52.2777
52.5222
52.5581
52.6733
52.6733
52.731
53.1843
53.1843
53.5222
53.5581
53.6157
53.731
53.7886
54.0332
54.2419
54.393
54.731
55.1843
55.2419
55.4288
55.4506
55.4506
55.6952
55.7668
56.0908
56.2419
56.4506
56.5441
56.5441
56.7528
56.7886
57.2637
57.3572
57.5083
57.5659
57.731
57.7886
57.8681
57.8681
57.8681
57.9615
58.2061
58.4864
58.6594
58.6594
58.731
58.9974
59.055
59.0768
59.379
59.4725
59.717
59.8681
60.0768
60.1345
60.2856
60.379
60.379
60.9834
61.0768
61.1345
61.2279
61.4725
61.7388
62.1345
62.1921
62.1921
62.4943
62.6454
62.7388
62.8541
62.9476
63.0987
63.1126
63.2497
63.2497
63.2497
63.3074
63.4585
63.9118
64.0052
64.4008
64.6812
64.7607
64.9257
65.2497
65.2716
65.6672
65.9834
66.2716
66.365
66.365
66.7825
67.0847
67.1563
67.2279
67.2358
67.4227
67.5738
67.689
67.8401
68.0847
68.2139
68.2358
68.2716
68.4227
68.4803
68.6672
69.027
69.365
69.4445
69.4445
69.5021
69.5021
69.538
69.6454
69.6532
69.689
70.0489
70.4445
70.538
70.6096
70.6672
70.689
70.8978
70.8978
71.1642
71.1781
71.5598
71.5598
71.8978
72.0847
72.2
72.2218
72.2576
72.538
72.6174
72.9196
72.9773
73.1283
73.2218
73.2218
73.3292
73.3729
73.6751
73.6751
73.862
73.8838
73.8978
74.0707
74.6393
74.7327
74.8838
74.9196
74.9414
75.0131
75.2358
75.848
76.0349
76.4305
76.6393
76.7904
76.8262
76.9414
77.3589
77.6969
77.7904
77.848
77.9414
78.1144
78.2078
78.5676
78.7327
78.8698
78.9633
78.9773
78.9991
79.0131
79.0209
79.6035
79.6174
79.6611
79.7467
79.7764
79.848
79.9275
80.1144
80.3013
80.4165
80.5676
80.6829
80.6829
80.9056
80.9851
81.0786
81.0786
81.3807
81.5318
81.5676
81.8122
81.834
81.834
81.9633
82.0428
82.0786
82.2297
82.6253
82.6611
82.6611
82.6829
82.7406
82.8917
83.1004
83.1144
83.2515
83.5318
83.6471
83.6829
83.7048
83.7406
83.8559
83.9493
84.1362
84.1938
84.496
84.5895
84.6035
84.7187
84.7624
84.8122
84.8559
84.8559
85.0646
85.6611
85.7624
85.8559
85.9851
86.1938
86.2515
86.2733
86.4524
86.5755
86.9135
87.1222
87.1222
87.2157
87.2157
87.331
87.6113
87.7842
88.2078
88.2515
88.3091
88.4384
88.5179
88.5397
88.9633
89.1222
89.5397
89.669
89.8419
90.0288
90.2017
90.3528
90.3528
90.3886
90.3886
90.5039
90.5397
90.7842
90.8061
90.8419
90.8777
91.2593
91.4244
91.4742
91.7484
91.8061
91.8777
91.9572
92.0148
92.1082
92.4742
92.482
92.5615
92.5973
92.7842
93.4104
93.4681
93.5039
93.8279
94.1222
94.1659
94.1659
94.6192
95.2733
95.3746
95.5834
96.0943
96.1301
96.3886
96.4899
96.641
96.6768
96.8279
97.0008
97.0148
97.0943
97.1659
97.1877
97.2812
97.7345
97.9074
97.9213
97.9432
98.0943
98.2096
98.4541
98.4541
98.5475
98.8855
99.1161
99.1519
99.2672
99.2812
99.303
99.3746
99.4183
99.5475
99.8139
99.8139
100.0008
100.3388
100.5117
100.7781
100.9074
100.965
101.1737
101.1737
101.1877
101.2672
101.5336
101.6768
101.8139
101.965
101.965
101.9868
102.0227
102.1379
102.2672
102.303
102.4759
102.4759
102.5694
102.6847
102.6847
102.6986
102.7205
102.9432
103.289
103.289
103.3467
103.4401
103.4759
103.5694
103.5912
103.5912
103.6489
103.6489
103.6847
103.8934
104.1956
104.1956
104.3467
104.6489
104.7205
105.1021
105.1598
105.1737
105.4759
105.5554
105.613
105.6489
105.6489
105.6986
105.7065
105.7065
105.7999
105.7999
105.7999
105.8576
105.951
106.0087
106.0087
106.5554
106.5694
106.6707
106.8218
106.8576
106.8576
106.951
107.0087
107.0087
107.0445
107.0663
107.124
107.1598
107.2174
107.3685
107.3825
107.4043
107.5196
107.5196
107.6489
107.6707
107.7283
107.7283
107.7999
107.8218
107.8794
108.1021
108.1598
108.2751
108.2751
108.3109
108.5772
108.6349
108.9371
109.2392
109.4261
109.4838
109.4838
109.4978
109.5196
109.7641
109.9152
109.9947
110.0087
110.0882
110.1816
110.3109
110.3903
110.3903
110.4261
110.448
110.448
110.6349
110.8218
110.8436
111.1021
111.2174
111.2392
111.2751
111.2969
111.3327
111.4401
111.5056
111.6567
111.786
111.9013
111.9729
112.0523
112.2034
112.3545
112.4122
112.5414
112.5414
112.7502
112.9589
113.11
113.2751
113.3327
113.5056
113.5991
113.5991
113.7502
113.7502
113.9589
114.0165
114.1021
114.11
114.2034
114.2611
114.3903
114.4122
114.5633
114.6567
114.6785
114.8078
114.8296
115.0165
115.11
115.1318
115.2611
115.4698
115.5275
115.5275
115.7362
115.9807
116.3406
116.3406
116.4122
116.4838
116.8873
116.9449
116.9449
117.1318
117.3327
118.1895
118.4698
118.4916
118.8515
119.1536
119.1895
119.2113
119.3982
119.434
119.8515
119.9668
120.0026
120.2392
120.3047
120.3406
120.3982
120.5135
120.5135
120.7004
120.9668
121.096
121.1178
121.1755
121.4777
121.6288
121.6288
121.6646
121.8733
121.9309
121.9807
122.4558
123.1755
123.3982
123.5353
123.9668
124.0602
124.3484
124.4419
124.5493
124.8733
124.8951
125.2331
125.6506
125.8515
126.0104
126.082
126.2331
126.4419
126.4995
126.8017
126.8593
126.9309
127.1615
127.1755
127.255
127.3702
127.4419
127.4637
127.5213
127.7659
128.1615
128.2331
128.2908
128.3842
128.42
128.6288
128.6506
128.7004
128.8017
128.8235
128.8235
129.082
129.2191
129.3484
129.5929
130.0322
130.0899
130.5571
130.6148
130.7222
130.7659
130.9746
130.9964
131.1973
131.2768
131.3921
131.4419
131.5432
131.917
132.3344
133.1117
133.4139
133.5432
134.1694
134.2768
134.3126
135.1475
135.2628
135.7519
135.7737
135.8095
135.9388
136.3702
136.7519
136.889
137.4139
137.4357
137.7379
138.0401
138.1117
138.8095
138.8454
139.0183
139.0401
139.0541
139.4576
139.4855
139.5292
140.3641
140.3999
141.0619
141.2707
141.3781
141.5728
142.0261
142.1196
142.1554
143.0619
143.3283
143.5152
143.6663
143.9903
144.2707
144.3065
144.386
144.9108
144.9903
145.3283
145.3501
145.4436
146.0838
146.1772
146.8034
146.8611
147.1772
147.2925
147.537
147.7816
147.9327
148.5012
148.5231
149.1414
149.1632
149.5807
149.6165
149.9763
150.2209
150.4436
150.6305
150.9405
151.1274
151.1851
151.372
151.5807
152.875
153.358
153.696
153.8113
154.0121
154.7178
154.8689
154.8829
155.1711
155.4296
155.4733
155.4873
155.6602
155.9047
156.358
156.4514
156.6244
156.8331
156.8331
157.1711
157.4375
157.696
157.7755
158.2645
158.7397
158.8689
158.9842
159.034
159.1711
160.2069
160.344
160.4017
161.0418
161.3082
161.5886
161.668
161.7397
161.9484
162.0637
162.1353
162.4593
162.7973
163.2287
163.5886
163.668
164.7257
164.7397
165.2148
165.517
165.9702
166.179
166.517
166.7257
166.9126
167.4811
167.9344
168.2366
168.2724
169.0855
169.2148
169.4095
169.6541
169.7693
170.5964
170.6899
170.8052
171.0139
171.6401
171.6541
171.7693
172.2942
172.3737
172.3737
173.2148
173.3379
173.3955
174.2444
175.4314
175.489
176.0576
176.7335
176.9065
177.475
177.9283
177.9999
178.0217
179.1292
179.2305
179.5903
180.4174
180.7554
180.9065
181.2305
182.1152
182.4174
182.8209
182.9501
183.2523
184.0078
184.0436
184.0654
184.1152
184.3676
184.7056
185.4969
185.6916
185.7056
185.785
185.785
185.9501
186.137
186.3894
187.2025
187.4969
187.9003
188.461
188.5187
188.634
188.8069
189.1807
189.4471
189.8069
190.0156
190.0514
190.1091
190.3894
190.4113
190.7711
190.7711
191.2025
191.4689
192.1091
192.1309
192.9938
193.2462
193.3178
193.6418
194.1667
194.8287
195.5126
195.7353
196.296
197.6558
197.9658
198.0593
198.4331
198.5842
199.4331
201.1527
202.1169
202.1606
202.6139
203.7431
204.765
207.9021
208.9021
208.9379
210.1824
211.2977
211.4706
211.6357
212.1824
213.2837
213.413
213.7728
215.9597
217.4566
218.8086
218.8523
219.3414
220.6654
220.6654
220.9676
221.2121
221.2837
221.3274
222.385
222.8165
222.896
223.8025
224.6872
224.7588
224.9318
225.8025
225.9178
227.1623
227.1623
227.4863
227.6872
228.0689
228.5798
228.723
229.5361
229.8462
230.1483
230.2916
232.6374
233.4785
233.7169
234.7527
235.0549
235.4724
235.5518
236.0549
236.3073
237.1344
239.9117
240.9973
242.3868
244.9553
245.2217
247.9911
251.0348
251.9195
253.7545
254.1143
256.661
257.9274
264.0863
264.9492
265.144
267.9789
268.2951
270.3745
270.7702
273.8854
274.3029
275.8715
276.2671
276.3029
279.3824
287.8654
289.3544
294.6068
295.0881
296.8951
300.7937
301.9169
308.8234
310.2269
312.9963
314.5291
314.5431
316.7378
322.1631
323.861
325.0479
326.2566
326.5946
328.6024
331.5308
338.861
340.4234
341.8051
343.4453
346.0278
346.8985
347.5465
348.3954
358.0217
358.2522
365.3317
382.5919
384.6714
463.1596
667.8171
