3.0
3.0
3.0
3.0
3.0
3.0
3.0
3.0
3.0
3.0
3.0
3.0
3.0
3.0
3.0
3.0
3.0
3.0
3.0
3.0
3.0
3.0
3.0
3.0
3.0
3.0
3.0
3.0
3.0
3.0
3.0
3.0
3.0
3.0
3.0
3.0
3.0
3.0
3.0
3.0
3.0
3.0
3.0
3.0
3.0
3.0
3.0
3.0
3.0
3.0
3.0
3.0
3.0
3.0
3.0
3.0
3.0
3.0
3.0
3.0
3.0
3.0
3.0
3.0
3.0
3.0
3.0
3.0
3.0
3.0
3.0
3.0
3.0
3.0
3.0
3.0
3.0
3.0
3.0
3.0
3.0
3.0
3.0
3.0
3.0
3.0
3.0
3.0
3.0
3.0
3.0
3.0
3.0
3.0
3.0
3.0
3.0
3.0
3.0
3.0
3.0
3.0
3.0
3.0
3.0
3.0
3.0
3.0
3.0
3.0
3.0
3.0
3.0
3.0
3.0
3.0
3.0
3.0
3.0
3.0
3.0
3.0
3.0
3.0
3.0
3.0
3.0
3.0
3.0
3.0
3.0
3.0
3.0
3.0
3.0
3.0
3.0
3.0
3.0
3.0
3.0
3.0
3.0
3.0
3.0
3.0
3.0
3.0
3.0
3.0
3.0
3.0
3.0
3.0
3.0
3.0
3.0
3.0
3.0
3.0
3.0
3.0
3.0
3.0
3.0
3.0
3.0
3.0
3.0
3.0
3.0
3.0
3.0
3.0
3.0
3.0
3.0
3.0
3.0
3.0
3.0
3.0
3.0
3.0
3.0
3.0
3.0
3.0
3.0
3.0
3.0
3.0
3.0
3.0
3.0
3.0
3.0
3.0
3.0
3.0
3.0
3.0
3.0
3.0
3.0
3.0
3.0
3.0
3.0
3.0
3.0
3.0
3.0
3.0
3.0
3.0
3.0
3.0
3.0
3.0
3.0
3.0
3.0
3.0
3.0
3.0
3.0
3.0
3.0
3.0
3.0
3.0
3.0
3.0
3.0
3.0
3.0
3.0
3.0
3.0
3.0
3.0
3.0
3.0
3.0
3.0
3.0
3.0
3.0
3.0
3.0
3.0
3.0
3.0
3.0
3.0
3.0
3.0
3.0
3.0
3.0
3.0
3.0
3.0
3.0
3.0
3.0
3.0
3.0
3.0
3.0
3.0
3.0
3.0
3.0
3.0
3.0
3.0
3.0
3.0
3.0
3.0
3.0
3.0
3.0
3.0
3.0
3.0
3.0
3.0
3.0
3.0
3.0
3.0
3.0
3.0
3.0
3.0
3.0
3.0
3.0
3.0
3.0
3.0
3.0
3.0
3.0
3.0
3.0
4.0
4.0
4.0
4.0
4.0
4.0
4.0
4.0
4.0
4.0
4.0
4.0
4.0
4.0
4.0
4.0
4.0
4.0
4.0
4.0
4.0
4.0
4.0
4.0
4.0
4.0
4.0
4.0
4.0
4.0
4.0
4.0
4.0
4.0
4.0
4.0
4.0
4.0
4.0
4.0
4.0
4.0
4.0
4.0
4.0
4.0
4.0
4.0
4.0
4.0
4.0
4.0
4.0
4.0
4.0
4.0
4.0
4.0
4.0
4.0
4.0
4.0
4.0
4.0
4.0
4.0
4.0
4.0
4.0
4.0
4.0
4.0
4.0
4.0
4.0
4.0
4.0
4.0
4.0
4.0
4.0
4.0
4.0
4.0
4.0
4.0
4.0
4.0
4.0
4.0
4.0
4.0
4.0
4.0
4.0
4.0
4.0
4.0
4.0
4.0
4.0
4.0
4.0
4.0
4.0
4.0
4.0
4.0
4.0
4.0
4.0
4.0
4.0
4.0
4.0
4.0
4.0
4.0
4.0
4.0
4.0
4.0
4.0
4.0
4.0
4.0
4.0
4.0
4.0
4.0
4.0
4.0
4.0
4.0
4.0
4.0
4.0
4.0
4.0
4.0
4.0
4.0
4.0
4.0
4.0
4.0
4.0
4.0
4.0
4.0
4.0
4.0
4.0
4.0
4.0
4.0
4.0
4.0
4.0
4.0
4.0
4.0
4.0
4.0
4.0
4.0
4.0
4.0
4.0
4.0
4.0
4.0
4.0
4.0
4.0
4.0
4.0
4.0
4.0
4.0
4.0
4.0
4.0
4.0
4.0
4.0
4.0
4.0
4.0
4.0
4.0
4.0
4.0
4.0
4.0
4.0
4.0
4.0
4.0
4.0
4.0
4.0
4.0
4.0
4.0
4.0
4.0
4.0
4.0
4.0
4.0
4.0
4.0
4.0
4.0
4.0
4.0
4.0
4.0
4.0
4.0
4.0
4.0
4.0
4.0
4.0
4.0
4.0
4.0
4.0
4.0
4.0
4.0
4.0
4.0
4.0
4.0
4.0
4.0
4.0
4.0
4.0
4.0
4.0
4.0
4.0
4.0
4.0
4.0
4.0
4.0
4.0
4.0
4.0
4.0
4.0
4.0
4.0
4.0
4.0
4.0
4.0
4.0
4.0
4.0
4.3374
4.4506
4.4883
4.526
4.5637
4.6392
4.7146
5.0
5.0
5.0
5.0
5.0
5.0
5.0
5.0
5.0
5.0
5.0
5.0
5.0
5.0
5.0
5.0
5.0
5.0
5.0
5.0
5.0
5.0
5.0
5.0
5.0
5.0
5.0
5.0
5.0
5.0
5.0
5.0
5.0
5.0
5.0
5.0
5.0
5.0
5.0
5.0
5.0
5.0
5.0
5.0
5.0
5.0
5.0
5.0
5.0
5.0
5.0
5.0
5.0
5.0
5.0
5.0
5.0
5.0
5.0
5.0
5.0
5.0
5.0
5.0
5.0
5.0
5.0
5.0
5.0
5.0
5.0
5.0
5.0
5.0
5.0
5.0
5.0
5.0
5.0
5.0
5.0
5.0
5.0
5.0
5.0
5.0
5.0
5.0
5.0
5.0
5.0
5.0
5.0
5.0
5.0
5.0
5.0
5.0
5.0
5.0
5.0
5.0
5.0
5.0
5.0
5.0
5.0
5.0
5.0
5.0
5.0
5.0
5.0
5.0
5.0
5.0
5.0
5.0
5.0
5.0
5.0
5.0
5.0
5.0
5.0
5.0
5.0
5.0
5.0
5.0
5.0
5.0
5.0
5.0
5.0
5.0
5.0
5.0
5.0
5.0
5.0
5.0
5.0
5.0
5.0
5.0
5.0
5.0
5.0
5.0
5.0
5.0
5.0
5.0
5.0
5.0
5.0
5.0
5.0
5.0
5.0
5.0
5.0
5.0
5.0
5.0
5.0
5.0
5.0
5.0
5.0
5.0
5.0
5.0
5.0
5.0
5.0
5.0
5.0
5.0
5.0
5.0
5.0
5.0
5.0
5.0
5.0
5.0
5.0
5.0
5.0
5.0
5.0
5.0
5.0
5.0
5.0
5.0
5.0
5.0
5.0
5.0
5.0
5.0
5.0
5.0
5.0
5.0
5.0
5.0
5.0
5.0
5.0
5.0
5.0
5.0
5.0
5.0
5.0
5.0
5.0
5.0
5.0
5.0
5.0
5.0
5.0
5.0
5.0
5.0
5.0
5.0
5.0
5.0
5.0
5.0
5.0
5.0
5.0
5.0
5.0
5.0
5.0
5.0
5.0
5.0
5.0
5.0
5.0
5.0
5.0
5.0
5.0
5.0
5.0541
5.2997
5.3181
5.3374
5.3752
5.3935
5.4129
5.5067
5.6392
5.6769
5.6952
5.7146
5.7146
5.7707
5.8655
5.8655
5.9032
5.9032
5.9215
6.0
6.0
6.0
6.0
6.0
6.0
6.0
6.0
6.0
6.0
6.0
6.0
6.0
6.0
6.0
6.0
6.0
6.0
6.0
6.0
6.0
6.0
6.0
6.0
6.0
6.0
6.0
6.0
6.0
6.0
6.0
6.0
6.0
6.0
6.0
6.0
6.0
6.0
6.0
6.0
6.0
6.0
6.0
6.0
6.0
6.0
6.0
6.0
6.0
6.0
6.0
6.0
6.0
6.0
6.0
6.0
6.0
6.0
6.0
6.0
6.0
6.0
6.0
6.0
6.0
6.0
6.0
6.0
6.0
6.0
6.0
6.0
6.0
6.0
6.0
6.0
6.0
6.0
6.0
6.0
6.0
6.0
6.0
6.0
6.0
6.0
6.0
6.0
6.0
6.0
6.0
6.0
6.0
6.0
6.0
6.0
6.0
6.0
6.0
6.0
6.0
6.0
6.0
6.0
6.0
6.0
6.0
6.0
6.0
6.0
6.0
6.0
6.0
6.0
6.0
6.0
6.0
6.0
6.0
6.0
6.0
6.0
6.0
6.0
6.0
6.0
6.0
6.0
6.0
6.0
6.0
6.0
6.0
6.0
6.0
6.0
6.0
6.0
6.0
6.0
6.0
6.0
6.0
6.0
6.0
6.0
6.0
6.0
6.0
6.0
6.0
6.0
6.0
6.0
6.0
6.0
6.0
6.0
6.0
6.0
6.0
6.0
6.0
6.0
6.0
6.0
6.0
6.0
6.0
6.0
6.0
6.0
6.0
6.0
6.0
6.0
6.0
6.0
6.0
6.0
6.0
6.0
6.0
6.0
6.0
6.0
6.0
6.0
6.0
6.0
6.0
6.0
6.0
6.0
6.0
6.0
6.0
6.0
6.0
6.0
6.0
6.0
6.0
6.0
6.0
6.0
6.0
6.0
6.0
6.0
6.0
6.0
6.0
6.0
6.0541
6.0724
6.0918
6.0918
6.1479
6.2426
6.2997
6.2997
6.2997
6.2997
6.3742
6.3752
6.3752
6.4129
6.4506
6.4506
6.4883
6.4883
6.4883
6.525
6.5444
6.6392
6.6392
6.6392
6.6769
6.7146
6.733
6.733
6.733
6.7513
6.7523
6.7523
6.79
6.79
6.79
6.8084
6.8084
6.8461
6.8655
6.8838
7.0
7.0
7.0
7.0
7.0
7.0
7.0
7.0
7.0
7.0
7.0
7.0
7.0
7.0
7.0
7.0
7.0
7.0
7.0
7.0
7.0
7.0
7.0
7.0
7.0
7.0
7.0
7.0
7.0
7.0
7.0
7.0
7.0
7.0
7.0
7.0
7.0
7.0
7.0
7.0
7.0
7.0
7.0
7.0
7.0
7.0
7.0
7.0
7.0
7.0
7.0
7.0
7.0
7.0
7.0
7.0
7.0
7.0
7.0
7.0
7.0
7.0
7.0
7.0
7.0
7.0
7.0
7.0
7.0
7.0
7.0
7.0
7.0
7.0
7.0
7.0
7.0
7.0
7.0
7.0
7.0
7.0
7.0
7.0
7.0
7.0
7.0
7.0
7.0
7.0
7.0
7.0
7.0
7.0
7.0
7.0
7.0
7.0
7.0
7.0
7.0
7.0
7.0
7.0
7.0
7.0
7.0
7.0
7.0
7.0
7.0
7.0
7.0
7.0
7.0
7.0
7.0
7.0
7.0
7.0
7.0
7.0
7.0
7.0
7.0
7.0
7.0
7.0
7.0
7.0
7.0
7.0
7.0
7.0
7.0
7.0
7.0
7.0
7.0
7.0
7.0
7.0
7.0
7.0
7.0
7.0
7.0
7.0
7.0
7.0
7.0
7.0
7.0
7.0
7.0
7.0
7.0
7.0
7.0
7.0
7.0
7.0
7.0
7.0
7.0
7.0
7.0
7.0
7.0
7.0
7.0
7.0
7.0
7.0
7.0
7.0
7.0
7.0
7.0
7.0
7.0
7.0
7.0
7.0
7.0
7.0
7.0
7.0
7.0
7.0
7.0
7.0
7.0
7.0
7.0
7.0
7.0
7.0
7.0
7.0
7.0163
7.0163
7.0163
7.0541
7.0541
7.1295
7.1295
7.1662
7.1672
7.1672
7.1672
7.2039
7.2049
7.2997
7.2997
7.2997
7.2997
7.2997
7.2997
7.3181
7.3558
7.3752
7.3752
7.3925
7.3935
7.4129
7.4129
7.4496
7.4506
7.5067
7.5067
7.525
7.5627
7.5627
7.5627
7.5637
7.5637
7.6198
7.6198
7.6392
7.6392
7.6392
7.6392
7.6575
7.6769
7.6769
7.6952
7.7146
7.7146
7.7146
7.733
7.7513
7.7523
7.8461
7.8461
7.8461
7.9022
7.9215
7.9593
7.997
8.0
8.0
8.0
8.0
8.0
8.0
8.0
8.0
8.0
8.0
8.0
8.0
8.0
8.0
8.0
8.0
8.0
8.0
8.0
8.0
8.0
8.0
8.0
8.0
8.0
8.0
8.0
8.0
8.0
8.0
8.0
8.0
8.0
8.0
8.0
8.0
8.0
8.0
8.0
8.0
8.0
8.0
8.0
8.0
8.0
8.0
8.0
8.0
8.0
8.0
8.0
8.0
8.0
8.0
8.0
8.0
8.0
8.0
8.0
8.0
8.0
8.0
8.0
8.0
8.0
8.0
8.0
8.0
8.0
8.0
8.0
8.0
8.0
8.0
8.0
8.0
8.0
8.0
8.0
8.0
8.0
8.0
8.0
8.0
8.0
8.0
8.0
8.0
8.0
8.0
8.0
8.0
8.0
8.0
8.0
8.0
8.0
8.0
8.0
8.0
8.0
8.0
8.0
8.0
8.0
8.0
8.0
8.0
8.0
8.0
8.0
8.0
8.0
8.0
8.0
8.0
8.0
8.0
8.0
8.0
8.0
8.0
8.0
8.0
8.0
8.0
8.0
8.0
8.0
8.0
8.0
8.0
8.0
8.0
8.0
8.0
8.0
8.0
8.0
8.0
8.0
8.0
8.0
8.0
8.0
8.0
8.0
8.0
8.0
8.0
8.0
8.0
8.0
8.0
8.0
8.0
8.0
8.0
8.0
8.0
8.0
8.0
8.0
8.0
8.0
8.0
8.0
8.0
8.0
8.0
8.0
8.0
8.0
8.0
8.0
8.0
8.0
8.0
8.0
8.0
8.0
8.0
8.0
8.0
8.0
8.0
8.0
8.0
8.0
8.0
8.0
8.0347
8.0541
8.0541
8.0918
8.0918
8.1295
8.1295
8.1295
8.1479
8.1672
8.2049
8.2416
8.2426
8.261
8.2987
8.2987
8.2997
8.2997
8.2997
8.3171
8.3181
8.3374
8.3374
8.3752
8.3752
8.3935
8.4129
8.4302
8.4506
8.4506
8.4679
8.4689
8.4883
8.4883
8.4883
8.5067
8.5067
8.526
8.6015
8.6198
8.6392
8.6392
8.6565
8.6769
8.6769
8.6769
8.6769
8.6769
8.7136
8.7146
8.7503
8.7523
8.7523
8.7707
8.7707
8.788
8.79
8.8084
8.8257
8.8278
8.8645
8.8655
8.8828
8.9409
8.9409
8.9786
8.9786
8.9786
8.996
8.997
9.0
9.0
9.0
9.0
9.0
9.0
9.0
9.0
9.0
9.0
9.0
9.0
9.0
9.0
9.0
9.0
9.0
9.0
9.0
9.0
9.0
9.0
9.0
9.0
9.0
9.0
9.0
9.0
9.0
9.0
9.0
9.0
9.0
9.0
9.0
9.0
9.0
9.0
9.0
9.0
9.0
9.0
9.0
9.0
9.0
9.0
9.0
9.0
9.0
9.0
9.0
9.0
9.0
9.0
9.0
9.0
9.0
9.0
9.0
9.0
9.0
9.0
9.0
9.0
9.0
9.0
9.0
9.0
9.0
9.0
9.0
9.0
9.0
9.0
9.0
9.0
9.0
9.0
9.0
9.0
9.0
9.0
9.0
9.0
9.0
9.0
9.0
9.0
9.0
9.0
9.0
9.0
9.0
9.0
9.0
9.0
9.0
9.0
9.0
9.0
9.0
9.0
9.0
9.0
9.0
9.0
9.0
9.0
9.0
9.0
9.0
9.0
9.0
9.0
9.0
9.0
9.0
9.0
9.0
9.0
9.0
9.0
9.0
9.0
9.0
9.0
9.0
9.0
9.0
9.0
9.0
9.0
9.0
9.0
9.0
9.0
9.0
9.0
9.0
9.0
9.0
9.0
9.0
9.0
9.0
9.0
9.0
9.0
9.0
9.0
9.0
9.0
9.0
9.0
9.0
9.0
9.0
9.0
9.0
9.0
9.0
9.0
9.0
9.0
9.0
9.0
9.0
9.0
9.0
9.0
9.0
9.0163
9.052
9.0541
9.0541
9.0541
9.0714
9.0714
9.0918
9.1295
9.1479
9.2029
9.2049
9.2223
9.2426
9.2426
9.2997
9.2997
9.2997
9.3181
9.3181
9.3181
9.3354
9.3374
9.3374
9.3558
9.3558
9.3558
9.3752
9.3915
9.4129
9.4129
9.4486
9.4496
9.4506
9.4506
9.4669
9.4873
9.4873
9.4883
9.4883
9.5057
9.5067
9.525
9.525
9.526
9.526
9.5444
9.5637
9.5637
9.5637
9.5801
9.5821
9.5821
9.6015
9.6392
9.6392
9.6575
9.6575
9.6769
9.6769
9.6769
9.7146
9.7146
9.7146
9.732
9.733
9.733
9.733
9.7503
9.7523
9.7523
9.7707
9.7707
9.79
9.79
9.79
9.8074
9.8257
9.8268
9.8461
9.8838
9.9032
9.9032
9.9215
9.9409
9.9593
9.9776
9.9786
9.997
10.0
10.0
10.0
10.0
10.0
10.0
10.0
10.0
10.0
10.0
10.0
10.0
10.0
10.0
10.0
10.0
10.0
10.0
10.0
10.0
10.0
10.0
10.0
10.0
10.0
10.0
10.0
10.0
10.0
10.0
10.0
10.0
10.0
10.0
10.0
10.0
10.0
10.0
10.0
10.0
10.0
10.0
10.0
10.0
10.0
10.0
10.0
10.0
10.0
10.0
10.0
10.0
10.0
10.0
10.0
10.0
10.0
10.0
10.0
10.0
10.0
10.0
10.0
10.0
10.0
10.0
10.0
10.0
10.0
10.0
10.0
10.0
10.0
10.0
10.0
10.0
10.0
10.0
10.0
10.0
10.0
10.0
10.0
10.0
10.0
10.0
10.0
10.0
10.0
10.0
10.0
10.0
10.0
10.0
10.0
10.0
10.0
10.0
10.0
10.0
10.0
10.0
10.0
10.0
10.0
10.0
10.0
10.0
10.0
10.0
10.0163
10.0163
10.0337
10.0347
10.0541
10.0541
10.0918
10.1285
10.1295
10.1479
10.1662
10.1672
10.1672
10.2049
10.2426
10.2426
10.2426
10.2794
10.2804
10.2804
10.2987
10.2997
10.2997
10.3161
10.3181
10.3364
10.3374
10.3374
10.3374
10.3374
10.3374
10.3548
10.3752
10.3752
10.3935
10.3935
10.3935
10.3935
10.4129
10.4129
10.4129
10.4302
10.4312
10.4496
10.4496
10.4506
10.4506
10.4506
10.4689
10.4689
10.4853
10.4883
10.4883
10.5067
10.5067
10.523
10.524
10.526
10.526
10.5434
10.5444
10.5637
10.5637
10.5821
10.5821
10.6015
10.6015
10.6015
10.6178
10.6198
10.6382
10.6392
10.6749
10.6769
10.7126
10.7146
10.7146
10.732
10.732
10.7523
10.7523
10.7523
10.7707
10.7707
10.79
10.8064
10.8064
10.8074
10.8268
10.8268
10.8278
10.8278
10.8451
10.8461
10.8828
10.8838
10.9022
10.9032
10.9032
10.9032
10.9409
10.9776
10.9786
11.0
11.0
11.0
11.0
11.0
11.0
11.0
11.0
11.0
11.0
11.0
11.0
11.0
11.0
11.0
11.0
11.0
11.0
11.0
11.0
11.0
11.0
11.0
11.0
11.0
11.0
11.0
11.0
11.0
11.0
11.0
11.0
11.0
11.0
11.0
11.0
11.0
11.0
11.0
11.0
11.0
11.0
11.0
11.0
11.0
11.0
11.0
11.0
11.0
11.0
11.0
11.0
11.0
11.0
11.0
11.0
11.0
11.0
11.0
11.0
11.0
11.0
11.0
11.0
11.0
11.0
11.0
11.0
11.0
11.0
11.0
11.0
11.0
11.0
11.0
11.0
11.0
11.0
11.0
11.0
11.0
11.0
11.0
11.0
11.0
11.0
11.0
11.0
11.0
11.0
11.0
11.0
11.0
11.0
11.0
11.0
11.0
11.0
11.0
11.0153
11.0163
11.052
11.0531
11.0714
11.0714
11.0918
11.1091
11.1285
11.1295
11.1295
11.1468
11.1479
11.1479
11.1672
11.1672
11.1856
11.1856
11.2029
11.2039
11.2233
11.2233
11.2396
11.2406
11.2416
11.261
11.2804
11.2997
11.3161
11.3171
11.3171
11.3374
11.3528
11.3742
11.3742
11.3742
11.3752
11.3752
11.3935
11.3935
11.3935
11.4129
11.4129
11.4312
11.4476
11.4506
11.4506
11.4506
11.4506
11.4506
11.4689
11.4689
11.4689
11.4689
11.4863
11.4883
11.4883
11.4883
11.5047
11.5067
11.5067
11.524
11.526
11.5444
11.5627
11.5637
11.5637
11.6005
11.6015
11.6198
11.6198
11.6392
11.6392
11.6392
11.6392
11.6769
11.6769
11.6769
11.6942
11.7126
11.7136
11.7146
11.7146
11.731
11.733
11.7513
11.7513
11.7523
11.7523
11.7707
11.79
11.79
11.79
11.79
11.8064
11.8084
11.8084
11.8247
11.8278
11.8451
11.8645
11.8655
11.8655
11.8655
11.8655
11.8838
11.9032
11.9032
11.9032
11.9215
11.9409
11.9409
11.9409
11.9593
11.9786
11.9786
11.995
12.0
12.0
12.0
12.0
12.0
12.0
12.0
12.0
12.0
12.0
12.0
12.0
12.0
12.0
12.0
12.0
12.0
12.0
12.0
12.0
12.0
12.0
12.0
12.0
12.0
12.0
12.0
12.0
12.0
12.0
12.0
12.0
12.0
12.0
12.0
12.0
12.0
12.0
12.0
12.0
12.0
12.0
12.0
12.0
12.0
12.0
12.0
12.0
12.0
12.0
12.0
12.0
12.0
12.0
12.0
12.0
12.0
12.0
12.0
12.0
12.0
12.0
12.0
12.0
12.0
12.0
12.0
12.0
12.0
12.0
12.0
12.0
12.0
12.0
12.0
12.0
12.0
12.0
12.0
12.0
12.0
12.0
12.0
12.0
12.0
12.0
12.0
12.0
12.0
12.0
12.0163
12.0317
12.0347
12.052
12.0531
12.0541
12.0541
12.0724
12.1295
12.1295
12.1295
12.1672
12.1672
12.1846
12.1856
12.2049
12.2049
12.2406
12.2426
12.2426
12.261
12.261
12.2804
12.2997
12.3171
12.3181
12.3344
12.3364
12.3364
12.3374
12.3374
12.3374
12.3374
12.3528
12.3558
12.3752
12.3752
12.3905
12.3905
12.3925
12.3925
12.3935
12.4129
12.4302
12.4302
12.4486
12.4669
12.4883
12.4883
12.4883
12.5067
12.5067
12.5067
12.5067
12.5067
12.526
12.526
12.5414
12.5424
12.5434
12.5637
12.5637
12.5801
12.5811
12.5811
12.5821
12.6198
12.6372
12.6392
12.6392
12.6392
12.6392
12.6392
12.6565
12.6729
12.6769
12.6769
12.6769
12.6922
12.6932
12.6952
12.7126
12.7146
12.7146
12.7146
12.7146
12.7513
12.7523
12.7523
12.7697
12.7707
12.787
12.788
12.789
12.8268
12.8278
12.8278
12.8278
12.8451
12.8625
12.8808
12.8838
12.9032
12.9032
12.9032
12.9032
12.9185
12.9205
12.9389
12.9399
12.9409
12.9409
12.9409
12.9562
12.9786
12.9786
12.9786
13.0
13.0
13.0
13.0
13.0
13.0
13.0
13.0
13.0
13.0
13.0
13.0
13.0
13.0
13.0
13.0
13.0
13.0
13.0
13.0
13.0
13.0
13.0
13.0
13.0
13.0
13.0
13.0
13.0
13.0
13.0
13.0
13.0
13.0
13.0
13.0
13.0
13.0
13.0
13.0
13.0
13.0
13.0
13.0
13.0
13.0
13.0
13.0
13.0
13.0
13.0
13.0
13.0
13.0
13.0
13.0
13.0
13.0
13.0
13.0
13.0
13.0
13.0
13.0
13.0123
13.0133
13.0347
13.051
13.0531
13.0704
13.0704
13.0724
13.1101
13.1255
13.1295
13.1448
13.1458
13.1672
13.2019
13.2029
13.2039
13.2049
13.2233
13.2233
13.2426
13.2426
13.261
13.2784
13.2784
13.2794
13.2804
13.2977
13.2997
13.3161
13.3344
13.3354
13.3364
13.3374
13.3548
13.3558
13.3558
13.3731
13.3742
13.3752
13.3752
13.3752
13.4089
13.4119
13.4496
13.4506
13.4649
13.4679
13.4689
13.4689
13.4689
13.4873
13.4883
13.4883
13.4883
13.5057
13.5057
13.523
13.524
13.526
13.526
13.5617
13.5617
13.5637
13.5637
13.5637
13.5637
13.5637
13.5637
13.5994
13.6005
13.6015
13.6015
13.6168
13.6198
13.6382
13.6382
13.6382
13.6392
13.6392
13.6555
13.6575
13.6739
13.6749
13.6769
13.6769
13.6912
13.6912
13.6932
13.6932
13.6952
13.7126
13.7126
13.7136
13.7146
13.7299
13.732
13.7513
13.7523
13.7667
13.7687
13.7707
13.788
13.79
13.79
13.79
13.8278
13.8278
13.8441
13.8655
13.8655
13.8838
13.9012
13.9022
13.9022
13.9195
13.9215
13.9409
13.9573
13.9573
13.9756
13.9786
13.994
13.997
14.0
14.0
14.0
14.0
14.0
14.0
14.0
14.0
14.0
14.0
14.0
14.0
14.0
14.0
14.0
14.0
14.0
14.0
14.0
14.0
14.0
14.0
14.0
14.0
14.0
14.0
14.0
14.0
14.0
14.0
14.0
14.0
14.0
14.0
14.0
14.0
14.0
14.0
14.0
14.0
14.0
14.0
14.0
14.0
14.0
14.0
14.0
14.0
14.0
14.0
14.0
14.0133
14.0143
14.0143
14.0163
14.0307
14.0317
14.0327
14.0347
14.0347
14.0531
14.0531
14.0541
14.0724
14.0724
14.0888
14.0888
14.0898
14.0918
14.1071
14.1285
14.1285
14.1295
14.1438
14.1458
14.1479
14.1672
14.1672
14.1815
14.2213
14.2233
14.2406
14.2426
14.2426
14.2426
14.258
14.259
14.261
14.2773
14.2794
14.2957
14.2977
14.2987
14.2997
14.2997
14.2997
14.3151
14.3161
14.3181
14.3344
14.3354
14.3364
14.3374
14.3374
14.3374
14.3374
14.3558
14.3558
14.3558
14.3711
14.3935
14.4119
14.4302
14.4312
14.4312
14.4456
14.4506
14.4659
14.4659
14.4689
14.4689
14.4873
14.4883
14.4883
14.4883
14.5026
14.525
14.526
14.5444
14.5444
14.5444
14.5587
14.5607
14.5627
14.5811
14.5821
14.5821
14.5984
14.6015
14.6168
14.6178
14.6188
14.6372
14.6382
14.6392
14.6392
14.6392
14.6545
14.6555
14.6575
14.6719
14.6769
14.6769
14.6942
14.6942
14.6952
14.6952
14.7116
14.7126
14.7126
14.7136
14.7146
14.7146
14.7146
14.7146
14.7299
14.7707
14.787
14.79
14.79
14.79
14.8064
14.8227
14.8257
14.8278
14.8451
14.8828
14.8838
14.9022
14.9022
14.9205
14.9205
14.9389
14.9409
14.9409
14.9776
14.9776
14.9786
14.994
14.994
14.995
15.0
15.0
15.0
15.0
15.0
15.0
15.0
15.0
15.0
15.0
15.0
15.0
15.0
15.0
15.0
15.0
15.0
15.0
15.0
15.0
15.0
15.0
15.0
15.0
15.0
15.0
15.0
15.0
15.0
15.0
15.0
15.0
15.0
15.0
15.0
15.0
15.0
15.0
15.0
15.0113
15.0163
15.0163
15.0327
15.0327
15.0327
15.0327
15.0347
15.052
15.0531
15.0694
15.0694
15.0724
15.0724
15.0724
15.0888
15.0918
15.0918
15.1081
15.1091
15.1255
15.1285
15.1285
15.1295
15.1632
15.1662
15.1836
15.1856
15.1856
15.1856
15.2049
15.2396
15.2426
15.259
15.2773
15.2804
15.2987
15.3151
15.3151
15.3181
15.3181
15.3344
15.3354
15.3508
15.3558
15.3701
15.3752
15.3752
15.3905
15.3905
15.3935
15.4129
15.4129
15.4129
15.4496
15.4496
15.4506
15.4649
15.4669
15.4873
15.4883
15.521
15.526
15.526
15.5414
15.5424
15.5444
15.5597
15.5617
15.5637
15.5781
15.5791
15.5801
15.5811
15.5964
15.6005
15.6015
15.6015
15.6015
15.6015
15.6168
15.6178
15.6352
15.6352
15.6382
15.6392
15.6392
15.6545
15.6545
15.6739
15.6749
15.6759
15.6759
15.6942
15.6952
15.7126
15.7136
15.7146
15.7299
15.733
15.733
15.733
15.7473
15.7483
15.7503
15.7523
15.7523
15.7523
15.789
15.8064
15.8074
15.8257
15.8278
15.8278
15.8278
15.8441
15.8625
15.8635
15.8655
15.8655
15.8808
15.8818
15.8838
15.9002
15.9032
15.9032
15.9185
15.9195
15.9205
15.9205
15.9379
15.9409
15.9593
15.9736
15.9736
15.9786
15.994
16.0
16.0
16.0
16.0
16.0
16.0
16.0
16.0
16.0
16.0
16.0
16.0
16.0
16.0
16.0
16.0
16.0
16.0
16.0
16.0
16.0
16.0
16.0
16.0
16.0113
16.0133
16.0153
16.0163
16.0163
16.0327
16.0337
16.0347
16.0541
16.0541
16.0704
16.0878
16.0918
16.1081
16.1101
16.1101
16.1295
16.1438
16.1458
16.1652
16.1672
16.1999
16.2029
16.2039
16.2213
16.2223
16.2406
16.2426
16.261
16.261
16.2784
16.2784
16.2794
16.2937
16.2967
16.2997
16.3171
16.3324
16.3344
16.3364
16.3374
16.3374
16.3374
16.3374
16.3518
16.3528
16.3528
16.3742
16.3752
16.3752
16.3752
16.3915
16.3915
16.3935
16.3935
16.4119
16.4129
16.4129
16.4302
16.4312
16.4312
16.4312
16.4476
16.4506
16.4659
16.4669
16.4669
16.4689
16.5047
16.5067
16.523
16.525
16.526
16.5424
16.5434
16.5444
16.5587
16.5637
16.5781
16.5781
16.5811
16.5974
16.5974
16.6015
16.6015
16.6178
16.6188
16.6392
16.6555
16.6575
16.6575
16.6575
16.6575
16.6575
16.6739
16.6759
16.6769
16.6769
16.7096
16.7116
16.7116
16.7126
16.7126
16.7136
16.7146
16.7146
16.7289
16.7503
16.7513
16.7523
16.7523
16.7523
16.7697
16.7707
16.787
16.789
16.79
16.79
16.8084
16.8247
16.8594
16.8594
16.8635
16.8655
16.8655
16.8838
16.8982
16.9002
16.9002
16.9215
16.9369
16.9409
16.9409
16.9552
16.9562
16.9573
16.9593
16.9756
16.994
16.994
16.994
16.995
17.0
17.0
17.0
17.0
17.0
17.0
17.0
17.0
17.0
17.0
17.0
17.0
17.0
17.0
17.0
17.0
17.0
17.0
17.0
17.0
17.0
17.0113
17.0163
17.0317
17.051
17.0541
17.0541
17.0541
17.0694
17.0724
17.0888
17.0918
17.0918
17.0918
17.1071
17.1091
17.1255
17.1295
17.1458
17.1815
17.1836
17.1846
17.1999
17.2233
17.2366
17.2406
17.2426
17.259
17.261
17.2763
17.2784
17.2957
17.2977
17.2997
17.3151
17.3181
17.3314
17.3374
17.3721
17.3752
17.3752
17.4119
17.4129
17.4129
17.4252
17.4292
17.4292
17.4446
17.4456
17.4456
17.4496
17.4506
17.4629
17.4649
17.4669
17.4689
17.4833
17.4843
17.4853
17.5016
17.5016
17.5036
17.5067
17.521
17.526
17.526
17.526
17.5404
17.5414
17.5414
17.5607
17.5607
17.5607
17.5801
17.6015
17.6015
17.6198
17.6198
17.6198
17.6352
17.6352
17.6352
17.6392
17.6392
17.6392
17.6515
17.6575
17.6729
17.6749
17.6902
17.6922
17.6922
17.6932
17.6942
17.6952
17.7116
17.7126
17.7136
17.7269
17.7299
17.7503
17.7503
17.7513
17.7523
17.7667
17.7677
17.7697
17.7707
17.79
17.8044
17.8084
17.8278
17.8278
17.8411
17.8431
17.8615
17.8655
17.8778
17.8992
17.9032
17.9032
17.9409
17.9409
17.9562
17.9726
17.9756
17.9766
17.9786
17.992
17.994
18.0
18.0
18.0
18.0
18.0
18.0
18.0
18.0
18.0
18.0
18.0
18.0
18.0
18.0
18.0
18.0
18.0
18.0
18.0
18.0153
18.0163
18.0307
18.0317
18.0327
18.0337
18.0347
18.0347
18.052
18.0541
18.0674
18.0704
18.0724
18.0888
18.0918
18.1041
18.1061
18.1071
18.1081
18.1101
18.1235
18.1479
18.1836
18.1846
18.2203
18.2406
18.2406
18.2416
18.255
18.259
18.259
18.261
18.2784
18.3181
18.3344
18.3364
18.3374
18.3518
18.3528
18.3558
18.3731
18.3752
18.3885
18.3885
18.3915
18.4119
18.4119
18.4129
18.4252
18.4272
18.4282
18.4486
18.4629
18.4649
18.4679
18.4853
18.4873
18.5036
18.523
18.524
18.525
18.5394
18.5434
18.5627
18.5637
18.5791
18.5944
18.5974
18.5974
18.5984
18.6158
18.6168
18.6168
18.6352
18.6392
18.6515
18.6545
18.6555
18.6709
18.6719
18.6719
18.6739
18.6739
18.6759
18.6932
18.6932
18.6952
18.7106
18.733
18.7473
18.7473
18.7503
18.7503
18.7523
18.7523
18.7657
18.7677
18.7687
18.7687
18.7707
18.784
18.785
18.787
18.787
18.79
18.8034
18.8237
18.8247
18.8411
18.8431
18.8431
18.8461
18.8461
18.8645
18.8838
18.8838
18.9012
18.9022
18.9155
18.9215
18.9215
18.9379
18.9552
18.9552
18.9736
18.9746
18.9766
18.994
19.0
19.0
19.0
19.0
19.0
19.0
19.0
19.0
19.0
19.0
19.0
19.0
19.0
19.0
19.0
19.0
19.0
19.0163
19.0163
19.0163
19.0297
19.0327
19.0531
19.0541
19.0724
19.0867
19.0918
19.1235
19.1265
19.1285
19.1662
19.1662
19.1815
19.1846
19.1856
19.2019
19.2019
19.2029
19.2029
19.2029
19.2039
19.2203
19.2203
19.2233
19.2386
19.2426
19.258
19.258
19.2733
19.2743
19.2784
19.313
19.3324
19.3354
19.3374
19.3528
19.3701
19.4068
19.4068
19.4089
19.4119
19.4129
19.4282
19.4456
19.4466
19.4466
19.4506
19.4649
19.4659
19.4669
19.4853
19.4873
19.4883
19.4883
19.5006
19.5036
19.5067
19.52
19.521
19.521
19.522
19.523
19.524
19.5394
19.5414
19.5424
19.5444
19.5781
19.5791
19.5944
19.5984
19.5984
19.6178
19.6178
19.6362
19.6392
19.6515
19.6575
19.6575
19.6699
19.6902
19.6922
19.6932
19.6952
19.7086
19.7146
19.7299
19.731
19.7523
19.7697
19.7707
19.79
19.79
19.79
19.79
19.8014
19.8024
19.8054
19.8064
19.8064
19.8461
19.8594
19.8604
19.8798
19.8818
19.8838
19.8972
19.8992
19.8992
19.9022
19.9032
19.9032
19.9349
19.9409
19.9593
19.9756
19.992
19.996
20.0
20.0
20.0
20.0
20.0
20.0
20.0
20.0
20.0
20.0
20.0
20.0
20.0153
20.0163
20.0317
20.0327
20.05
20.0531
20.0684
20.0704
20.0847
20.0878
20.0918
20.1051
20.1081
20.1295
20.1295
20.1418
20.1458
20.1458
20.1468
20.1468
20.1479
20.1612
20.1622
20.1622
20.1672
20.1846
20.1846
20.1846
20.2172
20.2203
20.2233
20.2396
20.2396
20.2426
20.2784
20.2804
20.2967
20.2997
20.3161
20.3161
20.3161
20.3324
20.3374
20.3518
20.3528
20.3538
20.3701
20.3711
20.3915
20.3935
20.3935
20.4099
20.4099
20.4099
20.4099
20.4129
20.4272
20.4272
20.4466
20.4803
20.4823
20.4853
20.4853
20.4863
20.4883
20.4996
20.5067
20.52
20.5404
20.5424
20.5637
20.5781
20.5801
20.5821
20.5821
20.5944
20.6525
20.6709
20.6719
20.6719
20.6739
20.6749
20.6902
20.6922
20.7146
20.7146
20.7146
20.7289
20.731
20.7473
20.7473
20.7503
20.7697
20.783
20.8014
20.8044
20.8054
20.8064
20.8431
20.8584
20.8604
20.8655
20.8818
20.8962
20.9012
20.9032
20.9155
20.9165
20.9165
20.9195
20.9369
20.9389
20.9409
20.9573
20.9573
20.994
20.995
20.996
21.0
21.0
21.0
21.0
21.0
21.0
21.0
21.0
21.0
21.0
21.0
21.0093
21.0143
21.0153
21.0297
21.0317
21.0347
21.0541
21.0654
21.0664
21.0664
21.0704
21.0704
21.0857
21.0908
21.1235
21.1458
21.1458
21.1622
21.1622
21.1672
21.1672
21.1805
21.2009
21.2193
21.2203
21.2203
21.2203
21.2213
21.2376
21.2426
21.2426
21.2997
21.2997
21.3151
21.3161
21.3161
21.3354
21.3374
21.3701
21.3701
21.3721
21.3742
21.3752
21.3935
21.4068
21.4068
21.4129
21.4282
21.4292
21.4436
21.4649
21.4669
21.4996
21.5016
21.5016
21.5026
21.5597
21.5607
21.5637
21.5637
21.5791
21.5984
21.6148
21.6158
21.6168
21.6198
21.6362
21.6699
21.6709
21.6729
21.6739
21.6912
21.6932
21.7259
21.7493
21.7687
21.784
21.785
21.8014
21.8014
21.8034
21.8257
21.8421
21.8461
21.8604
21.8625
21.8645
21.8655
21.8838
21.8951
21.8992
21.8992
21.9195
21.9379
21.9389
21.9746
21.9899
21.997
22.0
22.0
22.0
22.0
22.0
22.0
22.0
22.0
22.0083
22.0267
22.0277
22.0297
22.0297
22.0317
22.0347
22.052
22.0541
22.1081
22.1275
22.1805
22.1826
22.1826
22.1999
22.1999
22.2019
22.2049
22.2049
22.2213
22.2356
22.253
22.257
22.2753
22.2784
22.2804
22.2804
22.2947
22.2997
22.2997
22.3151
22.3314
22.3334
22.3334
22.3488
22.3671
22.3691
22.3721
22.3752
22.3935
22.4038
22.4068
22.4089
22.4099
22.4129
22.4312
22.4506
22.4679
22.4689
22.4813
22.4833
22.4833
22.5047
22.52
22.526
22.5414
22.5424
22.5547
22.5587
22.5607
22.5637
22.5741
22.5801
22.5821
22.5954
22.5954
22.6015
22.6198
22.6331
22.6341
22.6341
22.6341
22.6515
22.6525
22.6545
22.6545
22.6545
22.6545
22.6555
22.6769
22.6892
22.6922
22.6932
22.7096
22.7096
22.7116
22.7279
22.7443
22.7523
22.785
22.789
22.79
22.8034
22.8044
22.8054
22.8064
22.8074
22.8084
22.8187
22.8217
22.8237
22.8421
22.8461
22.8645
22.8778
22.8818
22.9002
22.9002
22.9165
22.9359
22.9359
22.9379
22.9409
22.9552
22.9593
22.9726
22.9746
22.9756
22.9909
22.9909
23.0
23.0
23.0
23.0
23.0
23.0103
23.0277
23.0307
23.0327
23.0327
23.0327
23.0724
23.0837
23.0867
23.1051
23.1101
23.1235
23.1408
23.1418
23.1438
23.1448
23.1592
23.1602
23.1602
23.1602
23.1632
23.1795
23.1846
23.1989
23.2029
23.2049
23.2193
23.2193
23.2366
23.2406
23.256
23.261
23.2723
23.2753
23.2773
23.2957
23.2967
23.3151
23.3161
23.3181
23.3334
23.3538
23.3681
23.3752
23.4068
23.4078
23.4282
23.4312
23.4506
23.4599
23.4619
23.4639
23.4659
23.4679
23.4679
23.4883
23.4986
23.5036
23.519
23.521
23.523
23.525
23.5363
23.5557
23.5567
23.5577
23.5627
23.5741
23.5781
23.5781
23.5791
23.5964
23.6015
23.6118
23.6128
23.6178
23.6311
23.6729
23.6729
23.6759
23.6922
23.7086
23.7249
23.7453
23.7503
23.8064
23.8227
23.8237
23.8431
23.8594
23.8604
23.8655
23.8768
23.8778
23.8818
23.8962
23.9002
23.9012
23.9185
23.9195
23.9215
23.9552
23.9562
24.0
24.0
24.0
24.0
24.0
24.0
24.0
24.0103
24.0153
24.0674
24.0674
24.0898
24.1225
24.1235
24.1235
24.1265
24.1622
24.1642
24.1662
24.1836
24.1979
24.1999
24.2203
24.2213
24.2336
24.2406
24.2416
24.255
24.256
24.256
24.2927
24.3558
24.3681
24.3681
24.3691
24.3752
24.3845
24.3845
24.3895
24.4099
24.4312
24.4649
24.4843
24.4986
24.4996
24.5026
24.5047
24.516
24.523
24.526
24.526
24.526
24.526
24.5404
24.5444
24.5557
24.5587
24.5597
24.5751
24.5954
24.6118
24.6118
24.6148
24.6158
24.6178
24.6188
24.6372
24.6668
24.6709
24.6902
24.7096
24.7146
24.7299
24.7443
24.7453
24.7697
24.7707
24.784
24.789
24.8004
24.8004
24.8044
24.8054
24.8207
24.8217
24.8247
24.8278
24.8391
24.8625
24.8625
24.8982
24.8992
24.9125
24.9155
24.9155
24.9319
24.9329
24.9359
24.9409
24.9409
24.9552
24.9573
24.9736
24.997
25.0
25.0
25.0
25.0083
25.0123
25.052
25.0724
25.0867
25.1081
25.1101
25.1265
25.1295
25.1388
25.1408
25.1408
25.1582
25.1592
25.1672
25.1785
25.1826
25.1836
25.1999
25.2233
25.2366
25.258
25.2743
25.2763
25.2927
25.2967
25.2987
25.2997
25.312
25.312
25.312
25.313
25.3161
25.3294
25.3294
25.3344
25.3538
25.3681
25.4038
25.4078
25.4099
25.4232
25.4292
25.4599
25.4813
25.4883
25.4996
25.5006
25.5016
25.516
25.517
25.518
25.5353
25.5414
25.5637
25.573
25.5761
25.5781
25.5821
25.5914
25.6128
25.6138
25.6178
25.6198
25.6331
25.6382
25.6535
25.6555
25.6575
25.6769
25.6872
25.6922
25.7066
25.7096
25.7116
25.7259
25.7433
25.7636
25.7657
25.783
25.787
25.8024
25.8381
25.8421
25.8615
25.8655
25.8768
25.9155
25.9185
25.9195
25.9215
25.9309
25.9379
25.9542
25.9573
25.9889
25.9889
25.9909
25.993
26.0
26.0
26.0
26.0113
26.0123
26.0287
26.0307
26.0634
26.0644
26.0684
26.0684
26.1275
26.1418
26.1418
26.1448
26.1448
26.1582
26.1642
26.1652
26.1785
26.1805
26.1815
26.1959
26.1979
26.1999
26.2019
26.2386
26.255
26.256
26.2723
26.2907
26.3304
26.3304
26.3334
26.3374
26.3477
26.3518
26.3845
26.3855
26.3935
26.4038
26.4262
26.4272
26.4436
26.4599
26.4629
26.4639
26.4649
26.4659
26.4669
26.4793
26.4833
26.4976
26.5047
26.521
26.5353
26.5383
26.5557
26.5751
26.5761
26.5924
26.5934
26.5964
26.6118
26.6321
26.6688
26.6739
26.6902
26.6922
26.7056
26.7096
26.7249
26.7279
26.7299
26.7473
26.7493
26.785
26.785
26.787
26.788
26.8014
26.8054
26.8217
26.8361
26.8441
26.8584
26.8738
26.8788
26.8788
26.8808
26.8828
26.8972
26.8982
26.9135
26.9135
26.9175
26.9542
26.9716
26.9756
26.994
27.0
27.0
27.0133
27.0133
27.0163
27.0277
27.049
27.05
27.052
27.0644
27.0644
27.0664
27.0704
27.0807
27.0817
27.0847
27.0867
27.0888
27.0888
27.1428
27.1448
27.1448
27.1592
27.1592
27.1652
27.1765
27.1836
27.1989
27.2927
27.3324
27.3467
27.3498
27.3681
27.3701
27.3721
27.3855
27.3885
27.4099
27.4262
27.4506
27.4589
27.5026
27.5067
27.5404
27.5557
27.5607
27.5924
27.5924
27.5944
27.5954
27.6015
27.6658
27.6719
27.6729
27.6739
27.6882
27.7066
27.7066
27.7076
27.7076
27.7116
27.7453
27.7473
27.7503
27.7687
27.7687
27.781
27.8227
27.8361
27.8584
27.8655
27.9002
27.9195
27.9215
27.9309
27.9329
27.9676
27.9726
27.9766
27.9879
27.9889
27.993
27.995
27.997
28.0
28.0123
28.0123
28.0287
28.045
28.052
28.0624
28.0634
28.0644
28.0674
28.0878
28.0878
28.0888
28.1061
28.1061
28.1255
28.1572
28.1642
28.1652
28.1959
28.1999
28.2162
28.2172
28.2183
28.2203
28.2346
28.2499
28.2519
28.256
28.258
28.2723
28.2733
28.2784
28.2917
28.2967
28.308
28.309
28.312
28.3314
28.3334
28.3334
28.3498
28.3508
28.3528
28.3671
28.3691
28.3701
28.3855
28.3885
28.4048
28.4058
28.4089
28.4099
28.4232
28.4302
28.4486
28.4639
28.4639
28.4649
28.4783
28.516
28.518
28.523
28.5557
28.5597
28.5984
28.6678
28.6688
28.6739
28.7096
28.7136
28.7259
28.7443
28.778
28.784
28.8024
28.8187
28.8371
28.8748
28.8798
28.9032
28.9105
28.9165
28.9339
28.9706
29.0
29.0
29.0063
29.0277
29.0287
29.0307
29.043
29.046
29.051
29.0614
29.0634
29.0837
29.0847
29.0878
29.0898
29.0908
29.1051
29.1225
29.1378
29.1398
29.1408
29.1418
29.1438
29.1582
29.1612
29.1805
29.1959
29.2019
29.2346
29.3488
29.3508
29.3651
29.3701
29.3825
29.3875
29.3885
29.3905
29.4038
29.4058
29.4252
29.4272
29.4446
29.4476
29.4609
29.4649
29.5057
29.52
29.521
29.5537
29.571
29.5954
29.5964
29.6148
29.6341
29.6392
29.6495
29.6862
29.6892
29.7076
29.7076
29.7086
29.7096
29.7229
29.7279
29.7443
29.7473
29.7616
29.7636
29.7707
29.785
29.79
29.7983
29.8034
29.8034
29.8564
29.8748
29.8778
29.9155
29.9502
29.9869
30.0113
30.0287
30.05
30.0664
30.0674
30.0817
30.0837
30.0847
30.1041
30.1275
30.1428
30.1458
30.1458
30.1582
30.1602
30.1765
30.1765
30.1805
30.1949
30.1989
30.1989
30.2019
30.2183
30.2193
30.2213
30.2316
30.2499
30.255
30.2753
30.309
30.3304
30.3344
30.3374
30.3374
30.3457
30.3488
30.3855
30.3855
30.4242
30.4436
30.4569
30.4783
30.4813
30.4956
30.515
30.517
30.5394
30.5637
30.5771
30.6118
30.6128
30.6128
30.6281
30.6362
30.6475
30.6485
30.6749
30.6862
30.6882
30.7086
30.7219
30.7239
30.7483
30.783
30.8187
30.8257
30.8401
30.8524
30.8524
30.8554
30.8584
30.8625
30.8982
30.9155
30.9349
30.9379
30.9532
30.9573
30.9593
30.9716
30.9889
30.994
31.0
31.0043
31.0073
31.0083
31.0163
31.0277
31.044
31.0644
31.0654
31.0674
31.1184
31.1428
31.1468
31.1572
31.1582
31.1592
31.1795
31.2019
31.2132
31.254
31.256
31.258
31.2683
31.2743
31.2877
31.2917
31.311
31.3264
31.3488
31.3508
31.3661
31.4068
31.4078
31.4089
31.4089
31.4212
31.4262
31.4609
31.5373
31.5974
31.6077
31.6118
31.6168
31.6301
31.6321
31.6341
31.6495
31.6535
31.6709
31.6719
31.7239
31.7259
31.7279
31.7463
31.7646
31.7646
31.8014
31.8167
31.8167
31.8227
31.8237
31.8391
31.8461
31.8972
31.8982
31.9032
31.9125
31.9135
31.9155
31.9319
31.9349
31.9482
31.9532
31.9666
31.9686
31.9716
31.992
31.994
32.0
32.0073
32.0133
32.0267
32.043
32.044
32.0634
32.0837
32.1021
32.1031
32.1041
32.1051
32.1184
32.1214
32.1368
32.1388
32.1561
32.1785
32.1979
32.2019
32.2213
32.2366
32.2366
32.2499
32.26
32.2713
32.2917
32.2917
32.2917
32.2947
32.311
32.3324
32.3457
32.3467
32.3711
32.3721
32.3915
32.4058
32.4089
32.4436
32.4649
32.4803
32.4813
32.5006
32.5036
32.519
32.521
32.5333
32.5363
32.5373
32.5527
32.5741
32.5741
32.5894
32.5894
32.5954
32.6067
32.6301
32.6331
32.6455
32.6495
32.6505
32.7056
32.7219
32.7229
32.7279
32.7443
32.7586
32.7596
32.7616
32.781
32.784
32.8167
32.8197
32.8554
32.8584
32.8808
32.9135
32.9185
32.9185
32.9298
32.9298
32.9349
32.9492
32.9656
32.9676
32.9706
32.9869
33.0083
33.0267
33.0287
33.046
33.048
33.0857
33.0878
33.0981
33.1041
33.1194
33.1551
33.1592
33.1745
33.2112
33.2346
33.2683
33.2877
33.2907
33.2957
33.313
33.3304
33.3334
33.3752
33.4048
33.4486
33.4579
33.4782
33.4803
33.4966
33.515
33.519
33.5537
33.5904
33.5914
33.5954
33.5964
33.6098
33.6118
33.6495
33.6495
33.6628
33.6842
33.6932
33.7035
33.7066
33.7086
33.7259
33.7269
33.7403
33.7423
33.7453
33.7677
33.79
33.8014
33.8227
33.834
33.8351
33.9135
33.9145
33.9185
33.9409
33.9542
33.9786
33.9839
33.9849
33.9869
33.9869
33.9909
34.0
34.0023
34.0053
34.0093
34.0103
34.0123
34.0317
34.043
34.0654
34.0674
34.0807
34.0817
34.0827
34.0857
34.1041
34.1622
34.1642
34.2132
34.2183
34.2296
34.258
34.2866
34.2907
34.3274
34.3314
34.3417
34.3691
34.3804
34.3835
34.3845
34.4058
34.4058
34.4119
34.4212
34.4252
34.4476
34.4609
34.4609
34.4659
34.4742
34.4752
34.4956
34.4976
34.4996
34.513
34.523
34.5557
34.6251
34.6291
34.6311
34.6311
34.6455
34.6485
34.6648
34.6648
34.7025
34.7076
34.7596
34.784
34.7963
34.8217
34.8391
34.8544
34.8604
34.8625
34.8748
34.8911
34.9075
34.9155
34.9379
34.9859
34.9869
34.9879
34.993
34.995
35.0053
35.0256
35.0297
35.042
35.047
35.0634
35.0704
35.0767
35.0827
35.0847
35.0847
35.0868
35.0898
35.0961
35.0991
35.1825
35.1949
35.1989
35.2112
35.2162
35.2183
35.2346
35.256
35.2723
35.3447
35.3671
35.3895
35.4008
35.4202
35.4232
35.4252
35.4365
35.4375
35.4405
35.4446
35.4456
35.4549
35.4569
35.4619
35.4803
35.4996
35.515
35.517
35.521
35.5343
35.5404
35.5924
35.5984
35.6362
35.6565
35.6688
35.6699
35.6719
35.6872
35.7239
35.7453
35.7586
35.7657
35.783
35.8207
35.8534
35.8554
35.8594
35.8698
35.9095
35.9869
36.0073
36.0113
36.0123
36.0236
36.0236
36.05
36.0573
36.0583
36.0624
36.0684
36.0767
36.1174
36.1184
36.1194
36.1204
36.1428
36.1561
36.1602
36.1715
36.1735
36.1765
36.1898
36.1939
36.2276
36.257
36.2753
36.2907
36.305
36.307
36.3181
36.3621
36.3641
36.3814
36.3825
36.4028
36.4171
36.4222
36.4425
36.4986
36.5119
36.5323
36.5383
36.5557
36.5557
36.57
36.571
36.5751
36.5771
36.6098
36.6108
36.6291
36.6525
36.7963
36.8014
36.8127
36.8227
36.8401
36.8554
36.8911
36.8921
36.9095
36.9268
36.9319
36.9452
36.9452
36.9482
36.9666
36.9909
37.0073
37.0093
37.043
37.1021
37.1144
37.1214
37.1368
37.1551
37.1561
37.1959
37.2122
37.2152
37.2723
37.3671
37.3814
37.3978
37.4312
37.4405
37.4506
37.4629
37.4936
37.4996
37.5293
37.5353
37.5487
37.5874
37.5924
37.5934
37.6608
37.6658
37.6668
37.6688
37.7005
37.7249
37.7463
37.7707
37.781
37.7973
37.8381
37.8687
37.8891
37.8931
37.9095
37.9268
37.9502
37.9696
37.9849
38.0206
38.0226
38.0593
38.0807
38.1011
38.1245
38.1338
38.1368
38.1408
38.1428
38.1592
38.1612
38.1735
38.1775
38.1919
38.1939
38.2092
38.2102
38.2703
38.2917
38.3651
38.4048
38.4171
38.4996
38.5067
38.519
38.5466
38.5537
38.57
38.6495
38.6822
38.6952
38.7239
38.7382
38.7403
38.7423
38.787
38.8004
38.834
38.8728
38.8881
38.8972
38.9238
38.9542
38.9666
38.9909
39.0083
39.048
39.1011
39.1041
39.1164
39.1265
39.1378
39.1378
39.1939
39.2266
39.2519
39.2693
39.2866
39.2877
39.304
39.313
39.3294
39.3764
39.4018
39.4192
39.4752
39.4823
39.4976
39.521
39.5914
39.6098
39.6261
39.6435
39.6535
39.6638
39.6658
39.6822
39.7189
39.7229
39.7249
39.7453
39.7606
39.7626
39.777
39.78
39.7943
39.8554
39.8708
39.8951
39.9115
39.9309
39.9482
39.9819
39.9889
40.0206
40.0216
40.0267
40.047
40.0553
40.0593
40.0603
40.0807
40.1225
40.1521
40.1795
40.2152
40.2276
40.2336
40.2703
40.312
40.3224
40.3508
40.3671
40.3784
40.3814
40.3855
40.3988
40.4365
40.4405
40.4559
40.4793
40.4906
40.4936
40.5006
40.5497
40.5497
40.571
40.5854
40.5904
40.6067
40.6108
40.6291
40.6331
40.6485
40.777
40.78
40.7943
40.8107
40.8137
40.8217
40.8361
40.8504
40.8514
40.8524
40.8584
40.9095
40.9095
40.9482
40.9512
40.9859
40.9909
40.9982
41.0043
41.0277
41.051
41.0737
41.0961
41.1124
41.1551
41.2316
41.253
41.2673
41.2713
41.2887
41.3681
41.4529
41.4539
41.4976
41.513
41.513
41.5373
41.5557
41.5587
41.568
41.57
41.5844
41.5864
41.6087
41.6118
41.6648
41.6832
41.7005
41.7219
41.7993
41.8107
41.8177
41.8351
41.8391
41.8911
41.9145
41.9329
41.9442
41.9512
42.0023
42.0246
42.0593
42.0624
42.1368
42.1541
42.1541
42.1785
42.2062
42.2683
42.2917
42.3203
42.3244
42.3244
42.3397
42.3467
42.4018
42.4028
42.4192
42.4312
42.4385
42.4609
42.4692
42.4732
42.4793
42.4896
42.4996
42.5487
42.5884
42.6057
42.6098
42.6261
42.6261
42.6291
42.6311
42.6588
42.6618
42.6985
42.7035
42.8187
42.8351
42.8381
42.8718
42.8921
42.8951
42.9298
42.9512
43.0196
43.0307
43.039
43.04
43.0603
43.0757
43.0807
43.2082
43.254
43.2703
43.2733
43.303
43.304
43.3417
43.3427
43.3498
43.3591
43.3611
43.3651
43.3661
43.3988
43.4121
43.4121
43.4589
43.4926
43.4986
43.513
43.5527
43.5823
43.5834
43.5894
43.5934
43.6435
43.6638
43.7189
43.7259
43.7362
43.7362
43.7933
43.8177
43.8411
43.9135
43.9268
43.9349
43.9605
43.9656
43.9859
44.0176
44.0226
44.0236
44.04
44.04
44.0583
44.1001
44.1021
44.1245
44.1408
44.1868
44.1969
44.2092
44.2489
44.2613
44.2846
44.2866
44.303
44.3244
44.3794
44.5323
44.5343
44.5854
44.6158
44.6241
44.6251
44.6495
44.6668
44.7169
44.7526
44.78
44.7943
44.7983
44.8494
44.8584
44.9329
44.9462
44.9522
44.9625
44.9666
44.9849
44.9992
45.0013
45.0297
45.0918
45.1695
45.1765
45.1765
45.1939
45.2235
45.2316
45.2376
45.2439
45.2713
45.2846
45.308
45.3183
45.3254
45.3407
45.3621
45.4109
45.4375
45.4395
45.5109
45.515
45.5751
45.5914
45.6261
45.6271
45.6291
45.7393
45.7576
45.7709
45.7933
45.7993
45.8117
45.834
45.8931
45.9298
46.0073
46.0807
46.0971
46.1501
46.1878
46.1939
46.2072
46.2102
46.2509
46.2887
46.3488
46.3928
46.4121
46.4549
46.4549
46.4559
46.4692
46.4793
46.4793
46.4976
46.5006
46.5119
46.5293
46.566
46.5844
46.6455
46.7219
46.7709
46.781
46.8137
46.831
46.9055
46.9135
46.9482
46.9829
47.041
47.0757
47.0787
47.1348
47.1725
47.1765
47.2409
47.2459
47.306
47.3244
47.3244
47.3417
47.3427
47.4141
47.4182
47.4192
47.4335
47.4682
47.4865
47.5069
47.5243
47.5333
47.5426
47.57
47.572
47.6047
47.6465
47.7332
47.7413
47.7953
47.834
47.8748
47.8891
47.9442
47.9666
47.9809
47.9952
47.9962
48.0206
48.0329
48.092
48.0971
48.1174
48.1318
48.1408
48.1979
48.2092
48.2142
48.2162
48.2255
48.3734
48.4212
48.4876
48.5253
48.5904
48.6495
48.7443
48.8217
48.827
48.8708
48.9065
48.9115
49.0196
49.0196
49.041
49.0603
49.0634
49.095
49.1134
49.1164
49.2062
49.2092
49.2102
49.2306
49.2856
49.3591
49.4048
49.4285
49.4355
49.4498
49.4966
49.5273
49.5303
49.5383
49.5436
49.6271
49.6435
49.6975
49.6985
49.7393
49.774
49.832
49.9248
50.0196
50.047
50.0583
50.1124
50.1644
50.1695
50.1959
50.2429
50.2693
50.2836
50.298
50.3611
50.3641
50.3814
50.4508
50.4772
50.4865
50.5293
50.5864
50.6067
50.6221
50.6251
50.6404
50.7015
50.7159
50.779
50.9055
50.9595
50.9859
50.9952
51.0136
51.0767
51.1074
51.1164
51.1501
51.2826
51.3367
51.4365
51.4672
51.516
51.5283
51.5456
51.5487
51.569
51.6211
51.6568
51.6945
51.7035
51.7342
51.7393
51.7893
51.7943
51.8137
51.8647
51.9014
51.9769
52.0033
52.038
52.0707
52.1114
52.1174
52.2796
52.356
52.3571
52.3571
52.3784
52.4192
52.4518
52.4896
52.5049
52.5527
52.564
52.6017
52.6231
52.7576
52.8768
52.8818
52.8841
52.8881
52.9014
52.9085
52.9085
52.9208
52.9288
53.1031
53.1164
53.1481
53.1959
53.2245
53.2266
53.3784
53.4121
53.6414
53.6525
53.7149
53.7546
53.7699
53.7699
53.8371
53.8994
54.0146
54.0543
54.0553
54.0563
54.0563
54.1144
54.1471
54.1551
54.2215
54.2907
54.3193
54.3437
54.3754
54.3877
54.4436
54.5293
54.5436
54.6027
54.6802
54.6842
54.7086
54.7312
54.829
54.8464
54.8494
54.9329
54.9452
55.039
55.2062
55.2917
55.3367
55.3938
55.4539
55.5069
55.5497
55.5854
55.6291
55.6588
55.7853
56.0256
56.0593
56.089
56.1064
56.2122
56.2255
56.2306
56.2379
56.2766
56.302
56.304
56.3571
56.3591
56.4539
56.5446
56.5834
56.5904
56.7098
56.7159
56.8016
56.9686
56.9799
56.9869
57.035
57.0737
57.0737
57.1685
57.2653
57.2856
57.3153
57.3327
57.4091
57.4101
57.5253
57.569
57.5753
57.5854
57.7352
57.9024
58.0553
58.0717
58.1745
58.1991
58.297
58.3
58.353
58.3591
58.3887
58.3918
58.3958
58.4171
58.4375
58.513
58.558
58.5894
58.5937
58.6007
58.6077
58.6191
58.6495
58.6578
58.6638
58.7546
58.776
58.8097
58.9605
58.9992
59.1297
59.1461
59.1908
59.2389
59.3143
59.3286
59.3948
59.4182
59.4815
59.4865
59.5763
59.5874
59.6404
59.7382
59.7843
59.7863
59.8647
59.9575
60.0126
60.0146
60.0513
60.0543
60.0767
60.1338
60.1511
60.1655
60.2235
60.2489
60.301
60.4345
60.4539
60.6211
60.6875
60.6905
60.8097
60.827
61.041
61.0757
61.0787
61.088
61.1247
61.1451
61.1695
61.3173
61.4121
61.4448
61.558
61.5823
61.6201
61.6875
61.7802
61.8851
61.8974
61.9044
61.9749
62.1461
62.2949
62.296
62.299
62.3377
62.4335
62.4639
62.4732
62.4916
62.5049
62.5323
62.6271
62.7486
62.7669
62.828
62.8667
62.8891
62.8964
63.0523
63.2766
63.3123
63.3317
63.3427
63.3794
63.3794
63.4458
63.4936
63.5917
63.7659
63.8036
64.1023
64.1655
64.2399
64.4182
64.5446
64.569
64.6364
64.7086
64.7893
64.819
64.9779
64.9882
65.1104
65.1124
65.1971
65.2112
65.2266
65.3173
65.4031
65.4051
65.4458
65.4845
65.4979
65.5109
65.5283
65.5997
65.612
65.6171
65.6701
65.8373
65.875
66.1554
66.2125
66.2929
66.299
66.4101
66.5059
66.5824
66.7169
66.8413
66.876
66.8984
67.1675
67.1858
67.2165
67.3163
67.3296
67.4234
67.557
67.561
67.6221
67.6364
67.6558
67.7078
67.7629
67.9208
67.9412
68.0299
68.1705
68.2072
68.2796
68.4508
68.5937
68.611
68.6641
68.7048
68.7455
68.7609
68.7739
68.82
68.8577
69.0065
69.2235
69.2502
69.4121
69.6558
69.7098
69.7729
70.0146
70.0339
70.0779
70.089
70.1961
70.2359
70.2509
70.4285
70.5132
70.566
70.6854
70.7139
70.8127
70.83
71.0513
71.0737
71.4192
71.4672
71.5519
71.609
71.6721
71.7649
71.8547
71.874
71.876
71.9321
72.2012
72.2032
72.2359
72.3998
72.5233
72.5529
72.5743
72.6925
72.8086
72.824
72.9128
72.9158
72.9261
72.9728
72.9821
73.09
73.1594
73.2889
73.297
73.3938
73.7558
73.7812
74.1391
74.2602
74.2633
74.3387
74.4835
74.7956
74.8557
75.2359
75.297
75.6334
75.6608
76.1277
76.1584
76.4682
76.559
76.7476
76.7986
77.0045
77.1033
77.4632
77.613
77.8076
77.8333
77.871
77.8964
77.9535
78.0797
78.4632
78.7415
79.1748
79.3827
79.4348
79.7191
79.7262
79.8159
79.9077
79.9495
80.0392
80.2766
80.2819
80.9281
81.0543
81.0759
81.084
81.1584
81.778
81.8506
82.0206
82.0299
82.1788
82.3674
82.5773
82.5824
82.8099
83.3266
84.0075
84.1921
84.2288
84.2308
84.3226
84.343
84.7131
84.87
85.1227
85.3623
85.5305
85.6223
85.6651
85.8567
86.0443
86.2258
86.3073
86.3593
86.4154
86.8434
87.1054
87.3736
87.5132
87.5663
87.6917
88.134
88.1871
88.3767
88.4214
88.4654
88.6548
89.1463
89.2034
89.4622
89.6173
89.8069
89.9281
90.2034
90.3073
90.3563
90.6477
90.9801
91.0352
91.7976
91.9668
92.2809
92.6988
92.7171
92.9354
92.9354
93.339
93.4408
93.6417
93.9384
94.1534
95.0566
96.1687
96.3289
96.6734
97.1921
97.3329
97.6
97.8884
98.177
98.5356
98.5753
98.7312
98.8036
99.8099
99.8506
99.9394
100.0475
100.8446
101.0759
101.4461
101.7652
101.9047
102.604
103.2238
103.649
104.9965
105.0669
105.5195
106.5368
108.4174
109.3236
109.4023
109.9474
110.0639
110.7131
111.2064
112.866
113.2952
113.4828
114.3593
114.5225
114.9497
115.4348
115.5532
116.1209
116.9221
118.7438
119.3666
124.0915
124.8816
126.8192
135.8112
136.4911
142.2884
142.3445
146.3382
146.428
151.3382
168.2914
169.0541
176.9786
183.1956
192.8278
214.9351
216.0226
286.4584
