3.0
3.0
3.0
3.0
3.0
3.0
3.0
3.0
3.0
3.0
3.0
3.0
3.0
3.0
3.0
3.0
3.0
3.0
3.0
3.0
3.0
3.0
3.0
3.0
3.0
3.0
3.0
3.0
3.0
3.0
3.0
3.0
3.0
3.0
3.0
3.0
3.0
3.0
3.0
3.0
3.0
3.0
3.0
3.0
3.0
3.0
3.0
3.0
3.0
3.0
3.0
3.0
3.0
3.0
3.0
3.0
3.0
3.0
3.0
3.0
3.0
3.0
3.0
3.0
3.0
3.0
3.0
3.0
3.0
3.0
3.0
3.0
4.0
4.0
4.0
4.0
4.0
4.0
4.0
4.0
4.0
4.0
4.0
4.0
4.0
4.0
4.0
4.0
4.0
4.0
4.0
4.0
4.0
4.0
4.0
4.0
4.0
4.0
4.0
4.0
4.0
4.0
4.0
4.0
4.0
4.0
4.0
4.0
4.0
4.0
4.0
4.0
4.0
4.0
4.0
4.0
4.0
4.0
4.0
4.0
4.0
4.0
4.0
4.0
4.0
4.0
4.0
4.0
4.0
4.0
4.0
4.0
4.0
4.0
4.0
4.0
4.0
4.0
4.0
4.4129
4.4506
4.9032
5.0
5.0
5.0
5.0
5.0
5.0
5.0
5.0
5.0
5.0
5.0
5.0
5.0
5.0
5.0
5.0
5.0
5.0
5.0
5.0
5.0
5.0
5.0
5.0
5.0
5.0
5.0
5.0
5.0
5.0
5.0
5.0
5.0
5.0
5.0
5.0
5.0
5.0
5.0
5.0
5.0
5.0
5.0
5.0
5.0
5.0
5.0
5.0
5.0
5.0
5.0
5.0
5.0
5.0
5.0
5.4129
5.6392
5.733
5.9409
6.0
6.0
6.0
6.0
6.0
6.0
6.0
6.0
6.0
6.0
6.0
6.0
6.0
6.0
6.0
6.0
6.0
6.0
6.0
6.0
6.0
6.0
6.0
6.0
6.0
6.0
6.0
6.0
6.0
6.0
6.0
6.0
6.0
6.0
6.0
6.0
6.0
6.0
6.0
6.0
6.0
6.0
6.0
6.2997
6.2997
6.2997
6.3935
6.6198
7.0
7.0
7.0
7.0
7.0
7.0
7.0
7.0
7.0
7.0
7.0
7.0
7.0
7.0
7.0
7.0
7.0
7.0
7.0
7.0
7.0
7.0
7.0
7.0
7.0
7.0
7.0
7.0
7.0
7.0
7.0
7.0
7.0
7.0
7.0
7.0
7.0
7.0
7.0
7.0
7.0
7.0
7.0
7.0
7.0
7.0724
7.0918
7.2049
7.2427
7.2427
7.5638
7.6769
7.732
7.9786
8.0
8.0
8.0
8.0
8.0
8.0
8.0
8.0
8.0
8.0
8.0
8.0
8.0
8.0
8.0
8.0
8.0
8.0
8.0
8.0
8.0
8.0
8.0
8.0
8.0
8.0
8.0
8.0
8.0
8.0
8.0
8.0
8.0
8.0
8.0
8.0
8.0
8.0
8.0
8.2427
8.2427
8.3375
8.3558
8.3935
8.3935
8.4129
8.4506
8.5638
8.6382
8.6392
8.6953
9.0
9.0
9.0
9.0
9.0
9.0
9.0
9.0
9.0
9.0
9.0
9.0
9.0
9.0
9.0
9.0
9.0
9.0
9.0
9.0
9.0
9.0
9.0
9.0
9.0
9.0
9.0
9.0
9.0
9.0
9.0
9.0
9.0
9.0
9.0
9.0
9.0337
9.1672
9.1856
9.2407
9.2987
9.3752
9.4506
9.526
9.6198
9.6769
9.8645
9.9032
9.9399
10.0
10.0
10.0
10.0
10.0
10.0
10.0
10.0
10.0
10.0
10.0
10.0
10.0
10.0
10.0
10.0
10.0
10.0
10.0
10.0
10.0
10.0
10.0
10.0
10.0
10.0
10.0
10.0
10.0
10.0
10.0
10.0
10.0
10.0
10.0
10.0
10.0
10.0
10.0
10.0164
10.0337
10.0724
10.1672
10.2997
10.3752
10.4129
10.4506
10.6198
10.7126
10.733
10.7901
10.8461
10.9786
11.0
11.0
11.0
11.0
11.0
11.0
11.0
11.0
11.0
11.0
11.0
11.0
11.0
11.0
11.0
11.0
11.0
11.0
11.0
11.0
11.0
11.0
11.0164
11.0164
11.0918
11.1459
11.2417
11.2987
11.3548
11.3752
11.3905
11.5414
11.5821
11.6015
11.6392
11.6392
11.73
11.8441
11.9032
11.9216
12.0
12.0
12.0
12.0
12.0
12.0
12.0
12.0
12.0
12.0
12.0
12.0
12.0
12.0
12.0
12.0
12.0
12.0
12.0
12.0
12.0
12.0
12.0
12.0
12.0
12.0
12.0
12.0
12.0
12.0
12.0
12.0
12.0
12.0
12.0
12.0
12.0
12.0347
12.1285
12.1295
12.1672
12.3375
12.4129
12.4129
12.4506
12.469
12.5985
12.6015
12.6362
12.6769
12.7513
12.7523
12.8248
12.8461
12.9563
12.997
13.0
13.0
13.0
13.0
13.0
13.0
13.0
13.0
13.0
13.0
13.0
13.0
13.0
13.0
13.0
13.0
13.0
13.0
13.0
13.0
13.0
13.0
13.0
13.0
13.0
13.0
13.0
13.0
13.0
13.0134
13.0134
13.1295
13.1662
13.2049
13.3752
13.5067
13.5444
13.5638
13.6015
13.6556
13.6769
13.732
13.7707
13.9032
13.9196
14.0
14.0
14.0
14.0
14.0
14.0
14.0
14.0
14.0
14.0
14.0
14.0
14.0
14.0
14.0
14.0
14.0
14.0694
14.1092
14.1459
14.2407
14.259
14.2977
14.2997
14.469
14.5047
14.5444
14.6382
14.6392
14.6392
14.6769
14.7146
14.7513
14.8258
14.8615
14.8645
14.8655
14.9573
14.9766
14.9786
15.0
15.0
15.0
15.0
15.0
15.0
15.0
15.0
15.0
15.0
15.0
15.0
15.0
15.0
15.0
15.0
15.0
15.0
15.0
15.0
15.0
15.0347
15.0511
15.0541
15.0704
15.1856
15.2049
15.2997
15.4303
15.4486
15.466
15.4853
15.4853
15.5027
15.5067
15.5791
15.6392
15.6556
15.7146
15.7503
15.7523
16.0
16.0
16.0
16.0
16.0
16.0
16.0
16.0
16.0
16.0
16.0
16.0
16.0
16.0
16.0
16.0
16.0
16.0
16.0
16.0
16.0
16.0134
16.0541
16.1672
16.1836
16.3161
16.3161
16.3375
16.3375
16.3538
16.4119
16.4303
16.4506
16.5037
16.5434
16.6015
16.6739
16.6749
16.7707
16.8228
16.8258
16.8839
16.8839
16.9022
17.0
17.0
17.0
17.0
17.0
17.0
17.0
17.0
17.0
17.0
17.0
17.0
17.0
17.0
17.0
17.0317
17.0521
17.0704
17.1062
17.1479
17.202
17.2029
17.256
17.2977
17.2997
17.2997
17.3375
17.3538
17.4069
17.4129
17.4883
17.5201
17.5201
17.526
17.526
17.526
17.5414
17.5638
17.5791
17.6749
17.7523
17.8258
17.8789
17.9022
17.9379
17.9379
17.9563
17.9573
17.9756
17.9776
17.993
18.0
18.0
18.0
18.0
18.0
18.0
18.0
18.0
18.0
18.0
18.0
18.0
18.0
18.0
18.0
18.0
18.0
18.0
18.0
18.0511
18.0531
18.0908
18.0918
18.201
18.2233
18.3141
18.3305
18.3742
18.6526
18.6576
18.7126
18.7523
18.7707
18.8064
18.8248
18.8258
18.8829
18.9186
18.9206
18.9359
18.9573
18.9727
18.9786
18.997
19.0
19.0
19.0
19.0
19.0
19.0
19.0
19.0
19.0
19.0
19.0
19.0
19.0
19.0
19.0
19.0
19.0
19.0
19.0
19.0
19.0
19.0164
19.0724
19.1255
19.1459
19.1479
19.1622
19.1836
19.2173
19.2397
19.2804
19.3171
19.3181
19.3181
19.3345
19.4436
19.4506
19.464
19.469
19.5434
19.6015
19.6392
19.6576
19.6933
19.6933
19.7096
19.7493
19.7707
19.7901
19.8064
19.8278
19.8655
19.8809
19.8839
19.9032
19.9756
19.993
20.0
20.0
20.0
20.0
20.0
20.0
20.0
20.0
20.0
20.0
20.0094
20.0154
20.0164
20.0164
20.0471
20.0481
20.0511
20.0724
20.0858
20.0868
20.0898
20.1255
20.1265
20.1265
20.1836
20.2233
20.2233
20.2397
20.2417
20.2917
20.3375
20.3528
20.3722
20.3752
20.4129
20.463
20.465
20.5067
20.5424
20.5588
20.5638
20.5821
20.6392
20.6392
20.7454
20.7871
20.7901
20.8431
20.9032
20.9369
20.9409
20.9533
20.9717
21.0
21.0
21.0
21.0
21.0
21.0
21.0
21.0
21.0
21.0
21.0
21.0
21.0
21.0154
21.0481
21.0724
21.1265
21.1439
21.1632
21.1652
21.202
21.2223
21.2223
21.4119
21.4273
21.469
21.5047
21.5057
21.5444
21.5821
21.5985
21.5995
21.6188
21.6322
21.6392
21.6709
21.6769
21.6923
21.7146
21.733
21.7523
21.8278
21.8431
21.9012
21.9012
21.9186
21.9756
21.9776
22.0
22.0
22.0
22.0
22.0
22.0
22.0317
22.0898
22.1295
22.2417
22.256
22.3375
22.3518
22.3528
22.3722
22.4089
22.4446
22.5067
22.5201
22.524
22.5394
22.5821
22.6015
22.6198
22.6769
22.6769
22.6769
22.7106
22.729
22.731
22.8084
22.8278
22.8962
22.8962
22.9206
22.9563
22.9786
23.0
23.0
23.0
23.0
23.0
23.0
23.0
23.0
23.0
23.0
23.0
23.0
23.0
23.0
23.0
23.0
23.0
23.0114
23.0124
23.0541
23.0888
23.0918
23.1102
23.1235
23.1409
23.1459
23.1652
23.1672
23.1672
23.1806
23.2049
23.2957
23.2997
23.3181
23.4273
23.4283
23.4446
23.4506
23.467
23.469
23.4793
23.5608
23.5638
23.5821
23.6015
23.6128
23.6719
23.6719
23.6893
23.729
23.73
23.7454
23.7523
23.7861
23.7881
23.7901
23.8064
23.8064
23.8605
23.8615
23.9032
23.9409
24.0
24.0
24.0
24.0
24.0
24.0
24.0
24.0
24.0134
24.1062
24.1255
24.202
24.2997
24.2997
24.3375
24.3375
24.3742
24.3875
24.3895
24.4436
24.4506
24.5027
24.5181
24.525
24.5638
24.5801
24.6516
24.6536
24.6546
24.6699
24.6719
24.6769
24.6913
24.731
24.8064
24.8084
24.8258
24.8278
24.8982
24.9032
24.9379
24.996
25.0
25.0
25.0
25.0
25.0134
25.0144
25.0327
25.0347
25.0511
25.0908
25.0918
25.1052
25.1235
25.1255
25.1265
25.2029
25.2357
25.3181
25.3682
25.4426
25.467
25.4853
25.4853
25.4977
25.5017
25.5027
25.5047
25.5364
25.5821
25.5985
25.6392
25.7657
25.7667
25.7871
25.8014
25.8411
25.9002
25.9022
25.9369
25.9563
25.9727
25.9786
25.989
26.0
26.0
26.0
26.0337
26.0441
26.0531
26.0898
26.1062
26.1102
26.1632
26.1836
26.2183
26.2427
26.259
26.2754
26.2997
26.3161
26.3345
26.3498
26.3712
26.3752
26.4039
26.4099
26.4476
26.4853
26.4883
26.5434
26.5444
26.5638
26.5975
26.6148
26.6322
26.6516
26.6546
26.6769
26.6893
26.6903
26.73
26.7493
26.7523
26.8278
26.8371
26.8441
26.8461
26.8972
26.9196
26.9206
26.9776
26.988
27.0
27.0
27.0
27.0
27.0461
27.0511
27.0918
27.1786
27.1816
27.1826
27.1836
27.2153
27.258
27.2774
27.2947
27.3131
27.3285
27.3375
27.3508
27.3528
27.3895
27.4213
27.4283
27.461
27.464
27.4773
27.4833
27.4843
27.4977
27.4997
27.5424
27.6158
27.6496
27.6933
27.6943
27.6953
27.73
27.7503
27.8178
27.8441
27.8575
27.8605
27.8635
27.8819
27.9369
27.9573
27.9737
27.9786
28.0
28.0
28.0094
28.0094
28.0481
28.0724
28.0858
28.0888
28.0908
28.1012
28.1082
28.202
28.2407
28.3091
28.3355
28.3365
28.3518
28.3662
28.3712
28.4119
28.4263
28.4312
28.4506
28.461
28.469
28.4793
28.4883
28.6302
28.6302
28.6486
28.6699
28.6739
28.6853
28.6933
28.7076
28.7096
28.7116
28.728
28.73
28.7483
28.7667
28.7831
28.8074
28.8218
28.8655
28.8655
28.8799
28.8962
28.8972
28.9196
28.9747
28.996
29.0
29.0
29.0
29.0094
29.0317
29.0918
29.1062
29.1295
29.2049
29.2203
29.2337
29.2387
29.254
29.259
29.2714
29.2744
29.2804
29.3131
29.3335
29.3508
29.3558
29.3732
29.3752
29.4009
29.4129
29.4312
29.4456
29.4793
29.5007
29.5047
29.5047
29.6148
29.6148
29.6332
29.7637
29.7984
29.8064
29.8268
29.8371
29.8421
29.8625
29.8932
29.9012
29.9533
29.9543
29.9776
30.0
30.0
30.0
30.0
30.0
30.0134
30.0134
30.0227
30.0664
30.0918
30.1102
30.1205
30.1235
30.1245
30.1399
30.1449
30.1622
30.1632
30.1826
30.2143
30.2173
30.2397
30.257
30.2997
30.3161
30.3548
30.3722
30.4059
30.4079
30.4129
30.464
30.465
30.4803
30.4823
30.4987
30.5191
30.5628
30.6148
30.6302
30.6526
30.6769
30.724
30.7771
30.8238
30.8421
30.8799
30.8982
30.8992
30.9032
30.9319
30.9409
30.9533
30.9573
30.992
31.0
31.0
31.0
31.0114
31.0247
31.0431
31.0724
31.0898
31.1072
31.1295
31.1622
31.1796
31.1806
31.195
31.26
31.3275
31.3285
31.3345
31.3538
31.3642
31.3742
31.3935
31.4283
31.4813
31.4833
31.4967
31.523
31.526
31.5508
31.5781
31.6005
31.6506
31.6536
31.6689
31.724
31.73
31.7483
31.7523
31.7597
31.7901
31.8084
31.8168
31.8401
31.8595
31.8605
31.8809
31.9766
32.0
32.0
32.0114
32.0134
32.0307
32.0481
32.0704
32.0918
32.1295
32.1449
32.1632
32.196
32.2123
32.2213
32.251
32.259
32.3121
32.3265
32.3345
32.3682
32.3935
32.4233
32.4273
32.4386
32.4506
32.463
32.5007
32.5568
32.5801
32.5985
32.6118
32.6312
32.6536
32.6769
32.7106
32.7106
32.7116
32.7444
32.7831
32.7974
32.8014
32.8178
32.8248
32.8248
32.8278
32.8535
32.8789
32.8799
32.9319
32.9339
32.9369
32.9687
32.9717
32.9786
32.984
33.0
33.0
33.0
33.0
33.0
33.0134
33.0511
33.0858
33.1082
33.1215
33.1265
33.1265
33.1469
33.2193
33.2784
33.2794
33.2997
33.3295
33.3722
33.3752
33.4059
33.4193
33.4243
33.4476
33.4506
33.464
33.4997
33.5498
33.5538
33.5741
33.5801
33.5965
33.6178
33.6392
33.6576
33.6649
33.6679
33.6853
33.6933
33.733
33.7587
33.7667
33.7677
33.8535
33.8922
33.9319
33.9319
33.9717
34.0
34.0
34.0
34.0164
34.0227
34.0327
34.0401
34.0521
34.0521
34.0605
34.0898
34.1185
34.1195
34.1622
34.2049
34.2327
34.2337
34.2387
34.2868
34.2898
34.2917
34.3051
34.3285
34.3875
34.4039
34.4059
34.4129
34.457
34.458
34.5017
34.5047
34.5161
34.525
34.5801
34.6118
34.6198
34.6496
34.6536
34.6739
34.6883
34.6893
34.7066
34.7096
34.7096
34.7116
34.7146
34.7493
34.7677
34.7801
34.7954
34.8391
34.9126
34.9553
34.9573
34.986
34.988
35.0
35.0
35.0
35.0
35.0
35.0054
35.0074
35.0104
35.0144
35.0818
35.0878
35.1032
35.1449
35.1642
35.1786
35.19
35.2153
35.2317
35.258
35.3111
35.3111
35.3702
35.3752
35.3806
35.3835
35.4079
35.4119
35.4233
35.4243
35.4446
35.466
35.5037
35.5304
35.5344
35.5364
35.5424
35.5558
35.5761
35.6178
35.6352
35.6649
35.6679
35.6709
35.6719
35.6873
35.7066
35.7627
35.8014
35.8332
35.8545
35.8605
35.8635
35.8789
35.8972
35.9329
35.9463
35.9573
35.9707
35.991
36.0074
36.0227
36.0287
36.1012
36.1082
36.1102
36.1145
36.1215
36.192
36.2103
36.2367
36.2407
36.2417
36.256
36.2997
36.3265
36.3315
36.3458
36.3752
36.3835
36.4019
36.4129
36.4253
36.4416
36.4416
36.4456
36.46
36.5007
36.5111
36.5201
36.526
36.526
36.5985
36.6108
36.6262
36.6769
36.6843
36.6873
36.724
36.7384
36.7394
36.7493
36.7871
36.8168
36.8441
36.8779
36.8799
36.9339
36.9523
36.9553
36.9687
36.9717
36.9727
36.988
37.0
37.0114
37.0144
37.0164
37.0461
37.0471
37.0634
37.0704
37.0818
37.1205
37.1235
37.1439
37.1542
37.1612
37.1736
37.1756
37.196
37.2213
37.2297
37.2337
37.2367
37.3121
37.3285
37.4029
37.4303
37.458
37.469
37.4853
37.5384
37.5488
37.5731
37.5885
37.5885
37.5925
37.6098
37.6272
37.6719
37.6739
37.6913
37.7016
37.7056
37.726
37.7513
37.7821
37.7831
37.8024
37.8158
37.8168
37.8218
37.8625
37.8892
37.8952
37.9106
37.9136
37.9329
37.9717
37.987
38.0054
38.0267
38.0431
38.0694
38.1052
38.1339
38.1602
38.192
38.194
38.2397
38.252
38.2704
38.2764
38.2774
38.2927
38.3041
38.3101
38.3468
38.3518
38.3632
38.3682
38.4253
38.457
38.4753
38.4783
38.5191
38.523
38.5638
38.5771
38.5935
38.6178
38.6282
38.6322
38.6392
38.6536
38.6629
38.6689
38.7056
38.7116
38.7483
38.7557
38.7607
38.7964
38.8381
38.8411
38.8892
38.9319
38.9453
38.9483
38.989
39.0
39.0
39.0064
39.0114
39.0247
39.0277
39.0327
39.0381
39.0471
39.0511
39.0818
39.0992
39.1155
39.1205
39.1245
39.1275
39.1796
39.2103
39.2784
39.2804
39.2804
39.3448
39.3845
39.4029
39.4213
39.462
39.463
39.464
39.4803
39.4823
39.4907
39.5171
39.5181
39.5394
39.5424
39.6069
39.6078
39.6158
39.6158
39.6506
39.6576
39.6769
39.6853
39.6873
39.6913
39.7066
39.732
39.7647
39.7667
39.7891
39.7964
39.7984
39.8168
39.8178
39.8178
39.8248
39.8248
39.8679
39.9359
39.994
40.0
40.0004
40.0084
40.0491
40.0932
40.1135
40.1205
40.1205
40.1429
40.1672
40.1856
40.197
40.2083
40.2213
40.2937
40.2957
40.3081
40.3275
40.3285
40.3508
40.3875
40.4079
40.4446
40.4843
40.4853
40.4883
40.4927
40.5131
40.5151
40.5568
40.5701
40.6108
40.6138
40.6649
40.6649
40.6719
40.6823
40.6977
40.7006
40.7076
40.7126
40.727
40.7523
40.7577
40.7627
40.7761
40.7871
40.7984
40.8178
40.8278
40.8401
40.8605
40.8655
40.8972
40.9146
40.9359
40.9617
40.989
41.0
41.0054
41.0104
41.0227
41.0461
41.0481
41.0818
41.0818
41.0828
41.1042
41.1052
41.1836
41.202
41.2183
41.2377
41.254
41.259
41.2704
41.2967
41.3121
41.3255
41.3672
41.3692
41.3702
41.3835
41.3835
41.3845
41.4049
41.4129
41.459
41.5161
41.5284
41.5558
41.5661
41.5771
41.5781
41.6282
41.6362
41.6486
41.6739
41.7354
41.7454
41.7627
41.7657
41.7984
41.8064
41.8138
41.8198
41.8585
41.8669
41.8892
41.8962
41.9279
41.9677
41.9717
41.995
42.0114
42.0287
42.0481
42.0625
42.1082
42.1359
42.1369
42.1493
42.1746
42.1776
42.2
42.2073
42.254
42.255
42.26
42.2848
42.2908
42.3265
42.3345
42.3365
42.3418
42.3488
42.3498
42.3672
42.3806
42.3915
42.4426
42.451
42.461
42.467
42.4997
42.5027
42.5141
42.5141
42.5354
42.5508
42.6015
42.6049
42.6118
42.6352
42.6659
42.6783
42.6823
42.6863
42.6923
42.722
42.7851
42.8228
42.8258
42.8545
42.8585
42.8972
42.9086
42.9279
42.9289
42.9359
43.0257
43.0401
43.0511
43.0738
43.0768
43.0952
43.1185
43.1255
43.1429
43.1726
43.1836
43.193
43.201
43.2297
43.254
43.2804
43.2967
43.3101
43.3275
43.3335
43.3478
43.3508
43.3692
43.3786
43.4733
43.4773
43.5424
43.5761
43.5825
43.6178
43.6392
43.6436
43.6923
43.7036
43.7046
43.7801
43.8322
43.8555
43.8729
43.9002
43.9627
43.982
44.0
44.0024
44.0177
44.0247
44.0431
44.0471
44.0768
44.0798
44.0932
44.0992
44.1022
44.1052
44.1349
44.1642
44.2029
44.2063
44.2143
44.2674
44.2704
44.2754
44.2898
44.2967
44.3175
44.3295
44.3345
44.3498
44.3538
44.4059
44.4396
44.453
44.463
44.4957
44.5141
44.5254
44.5404
44.5518
44.5751
44.5935
44.6148
44.6202
44.6386
44.6406
44.7006
44.721
44.725
44.7771
44.7811
44.7944
44.8034
44.8228
44.8555
44.8655
44.8759
44.8819
44.8852
44.9022
44.9066
44.9727
44.979
44.983
44.985
45.0034
45.0227
45.0287
45.1002
45.1032
45.1072
45.1265
45.1562
45.1612
45.1612
45.1766
45.201
45.2103
45.2337
45.3121
45.3161
45.3632
45.3752
45.3806
45.3875
45.4346
45.461
45.4783
45.4803
45.4897
45.4907
45.4987
45.5061
45.5151
45.5374
45.5404
45.5518
45.5701
45.5835
45.6292
45.6332
45.6396
45.6396
45.6456
45.6679
45.7046
45.726
45.7364
45.7627
45.7914
45.8515
45.8729
45.9126
45.9279
45.9403
45.9413
45.9493
45.985
45.986
45.989
46.0381
46.0625
46.0694
46.0838
46.1105
46.1175
46.1359
46.1572
46.1632
46.1796
46.189
46.194
46.253
46.2704
46.3225
46.3378
46.3438
46.3786
46.4079
46.4129
46.4243
46.4346
46.4376
46.464
46.4793
46.4873
46.5007
46.5101
46.5498
46.5608
46.5631
46.5741
46.6476
46.6486
46.6609
46.7036
46.725
46.7627
46.7657
46.7851
46.8108
46.8168
46.8505
46.8719
46.8759
46.8872
46.8902
46.8922
46.8962
46.9096
46.9106
46.9483
46.9503
46.9513
46.9533
46.9573
46.9617
46.981
46.984
46.986
47.0004
47.0704
47.0818
47.1052
47.1185
47.1225
47.1309
47.1359
47.1726
47.1786
47.1836
47.186
47.191
47.195
47.197
47.201
47.2163
47.2277
47.2347
47.244
47.257
47.2714
47.3021
47.3091
47.3325
47.3468
47.3572
47.3786
47.3796
47.3915
47.4069
47.4233
47.4366
47.457
47.4793
47.5047
47.5131
47.5324
47.5588
47.5641
47.5835
47.5865
47.5895
47.6078
47.6168
47.6242
47.6506
47.7086
47.718
47.721
47.721
47.729
47.7463
47.7721
47.7761
47.7914
47.8168
47.8322
47.8352
47.8565
47.8902
47.8972
47.9096
47.9553
47.9697
47.9964
48.0104
48.0718
48.0982
48.1319
48.1369
48.1836
48.192
48.199
48.2307
48.2327
48.2337
48.2397
48.253
48.2674
48.2744
48.2838
48.3275
48.3285
48.3368
48.3388
48.3528
48.3672
48.3796
48.3815
48.463
48.4967
48.5151
48.5588
48.5651
48.5691
48.5771
48.6059
48.6059
48.6078
48.6342
48.6342
48.6669
48.6709
48.6947
48.7016
48.7046
48.7046
48.7096
48.7751
48.7761
48.7944
48.7964
48.8108
48.8371
48.8749
48.8759
48.9573
48.984
49.0034
49.0054
49.0217
49.0471
49.0902
49.0962
49.1082
49.1135
49.1135
49.1175
49.1359
49.1523
49.1696
49.1726
49.1756
49.194
49.257
49.2714
49.2927
49.3051
49.3295
49.3428
49.3528
49.3786
49.4019
49.4193
49.4203
49.4366
49.4366
49.4446
49.454
49.5324
49.5458
49.5631
49.5805
49.5895
49.6098
49.6556
49.6569
49.6639
49.6947
49.724
49.725
49.7577
49.7627
49.7944
49.8371
49.8585
49.8719
49.8862
49.8952
49.9116
49.988
50.0064
50.0327
50.0521
50.1155
50.1165
50.1215
50.1449
50.189
50.2113
50.2183
50.2347
50.2347
50.2584
50.2624
50.3165
50.3175
50.3235
50.3255
50.3572
50.3682
50.3702
50.4093
50.4366
50.4376
50.4396
50.4763
50.4773
50.5171
50.523
50.5751
50.5835
50.5835
50.5865
50.5895
50.5999
50.6009
50.6426
50.6569
50.6569
50.6579
50.6629
50.6689
50.717
50.723
50.7354
50.7557
50.7597
50.7904
50.7924
50.8088
50.8128
50.8138
50.8615
50.8709
50.8952
50.9016
50.9036
50.9096
50.9176
50.9186
50.923
50.9299
50.9473
50.985
51.0237
51.0421
51.0431
51.0768
51.0788
51.0828
51.0972
51.1145
51.1175
51.1205
51.1255
51.1483
51.1602
51.1612
51.1656
51.248
51.252
51.2634
51.2957
51.3315
51.3418
51.3855
51.3979
51.4009
51.4049
51.4436
51.456
51.4713
51.4723
51.4917
51.4927
51.5121
51.5191
51.5438
51.5518
51.5671
51.6019
51.6148
51.6162
51.6292
51.6699
51.6709
51.7056
51.713
51.716
51.722
51.724
51.725
51.7384
51.7473
51.7914
51.7984
51.8034
51.8272
51.8659
51.9086
51.9106
51.923
51.9259
51.9369
51.9637
51.9647
51.9657
51.988
52.0104
52.0167
52.0421
52.0421
52.0922
52.0962
52.1379
52.1389
52.1542
52.1766
52.2123
52.2237
52.248
52.3001
52.3021
52.3195
52.3358
52.3388
52.3949
52.4163
52.4376
52.451
52.4773
52.4947
52.4947
52.5284
52.5394
52.5508
52.5661
52.5671
52.5805
52.5875
52.5989
52.6049
52.6182
52.6202
52.6202
52.6396
52.7046
52.72
52.7304
52.7444
52.7487
52.7617
52.7731
52.7761
52.7771
52.7821
52.7884
52.7944
52.8188
52.8371
52.8495
52.8629
52.8629
52.9032
52.9056
52.9136
52.9339
52.9423
52.9677
52.976
52.983
53.0157
53.0421
53.0575
53.0585
53.0615
53.0838
53.1656
53.1666
53.2053
53.2123
53.245
53.25
53.2674
53.3235
53.3398
53.3572
53.3786
53.3806
53.3815
53.3815
53.3989
53.4183
53.4466
53.4723
53.4937
53.5304
53.5374
53.5374
53.5518
53.5651
53.5989
53.6282
53.6599
53.6917
53.6917
53.7026
53.7314
53.7791
53.7914
53.8188
53.8352
53.8739
53.8789
53.8962
53.8996
53.9393
53.9433
53.9543
53.9617
53.9617
54.0421
54.0708
54.0778
54.0952
54.1259
54.1409
54.1433
54.1582
54.1666
54.2073
54.2093
54.2133
54.2391
54.2624
54.2908
54.3081
54.3602
54.4446
54.456
54.4753
54.5181
54.5201
54.5701
54.5775
54.5945
54.6222
54.6783
54.6977
54.6996
54.7434
54.7444
54.7587
54.8098
54.8168
54.8495
54.8515
54.8689
54.8882
54.9026
54.9036
54.9166
54.9433
54.9637
54.9964
55.0094
55.0505
55.0694
55.0758
55.0982
55.0992
55.1022
55.1095
55.1339
55.1409
55.1433
55.1453
55.1513
55.1612
55.186
55.188
55.2377
55.249
55.2917
55.2971
55.3428
55.3512
55.3796
55.3815
55.3835
55.3889
55.4233
55.4446
55.446
55.451
55.457
55.4684
55.4703
55.4793
55.4867
55.5815
55.6202
55.6272
55.6436
55.6446
55.6589
55.6619
55.6743
55.6853
55.715
55.7463
55.7477
55.7517
55.7567
55.7761
55.8118
55.8232
55.8371
55.8465
55.8505
55.8769
55.9036
55.9076
55.9116
55.9259
55.9717
56.0511
56.0738
56.0778
56.0952
56.1022
56.1433
56.1532
56.25
56.259
56.2888
56.2927
56.3041
56.3101
56.3235
56.3245
56.3338
56.3398
56.3538
56.3562
56.3716
56.3796
56.3806
56.3879
56.3979
56.4039
56.4069
56.4133
56.445
56.446
56.4733
56.4783
56.4897
56.4907
56.5364
56.5711
56.5815
56.6282
56.6783
56.7056
56.719
56.7364
56.7711
56.7801
56.7864
56.7894
56.8168
56.8431
56.8625
56.9146
56.9269
56.9299
56.9353
56.9503
56.9617
57.0044
57.0114
57.0227
57.0461
57.0595
57.0698
57.0922
57.1359
57.1592
57.1746
57.1746
57.191
57.2013
57.2113
57.2133
57.245
57.2574
57.3235
57.3328
57.3378
57.3428
57.3532
57.3959
57.3979
57.4059
57.4286
57.4336
57.45
57.456
57.4813
57.5264
57.5875
57.5935
57.6392
57.6446
57.6773
57.6843
57.6927
57.7046
57.711
57.721
57.7394
57.8068
57.8232
57.8252
57.8262
57.8371
57.8609
57.8639
57.8872
57.917
57.9319
57.9433
57.9607
57.979
57.981
57.989
57.9964
58.0341
58.0555
58.1339
58.1413
58.1493
58.1523
58.1582
58.1642
58.2093
58.2153
58.2391
58.2724
58.2921
58.3061
58.3071
58.3121
58.3161
58.3542
58.3662
58.4123
58.4133
58.447
58.4823
58.5131
58.5141
58.5384
58.5895
58.5915
58.6539
58.6539
58.6556
58.6569
58.6599
58.6843
58.7036
58.711
58.718
58.7414
58.7771
58.7781
58.7894
58.8004
58.8342
58.8515
58.8729
58.916
58.921
58.9343
58.9513
58.9637
58.9924
59.0227
59.0351
59.0688
59.0818
59.0848
59.1022
59.1463
59.1572
59.2133
59.2421
59.251
59.2534
59.2594
59.2788
59.2858
59.2888
59.3021
59.3031
59.3245
59.3265
59.4213
59.4223
59.4266
59.4897
59.4947
59.5234
59.5498
59.5508
59.5775
59.5949
59.6192
59.6222
59.6232
59.6242
59.6262
59.6486
59.6529
59.6763
59.6783
59.6793
59.6793
59.7046
59.725
59.7517
59.7884
59.8034
59.8058
59.8068
59.8198
59.8228
59.8455
59.8639
59.8862
59.9363
60.0138
60.0207
60.0495
60.0545
60.0555
60.0768
60.0912
60.0942
60.1215
60.1319
60.1329
60.1369
60.1503
60.1523
60.1562
60.1602
60.1616
60.1616
60.19
60.2063
60.2377
60.2574
60.2664
60.3185
60.3195
60.3265
60.3482
60.3686
60.3815
60.3899
60.3899
60.4153
60.446
60.4957
60.4997
60.5418
60.5488
60.5528
60.5578
60.5582
60.5711
60.5845
60.5885
60.6049
60.6162
60.6426
60.6436
60.6549
60.6659
60.6823
60.7394
60.7454
60.7517
60.8058
60.8699
60.8872
60.8986
60.9393
60.9577
60.9597
60.974
60.98
60.9914
61.0004
61.0227
61.0321
61.1349
61.1513
61.1632
61.187
61.192
61.196
61.2207
61.2644
61.2788
61.2878
61.3001
61.3532
61.3592
61.4143
61.4153
61.4376
61.452
61.454
61.4743
61.4867
61.4887
61.5007
61.5458
61.5631
61.5661
61.5681
61.5969
61.6292
61.6336
61.6406
61.6466
61.6529
61.6559
61.6559
61.6629
61.6887
61.6903
61.718
61.722
61.726
61.7637
61.8038
61.8282
61.8342
61.8415
61.8569
61.8679
61.8719
61.8729
61.8882
61.9026
61.9076
61.9106
61.921
61.9249
61.985
61.9964
62.0511
62.0828
62.1085
62.1259
62.1279
62.1359
62.1389
62.1726
62.181
62.191
62.2277
62.244
62.2524
62.2574
62.3001
62.3051
62.3235
62.3338
62.3835
62.3879
62.4049
62.4123
62.462
62.4733
62.4847
62.5011
62.5151
62.5184
62.5314
62.5334
62.5448
62.5835
62.6009
62.6673
62.6683
62.6763
62.6813
62.711
62.7284
62.7394
62.7597
62.7711
62.7831
62.8058
62.8445
62.8455
62.8619
62.913
62.92
62.9443
62.9954
62.9974
63.0187
63.0738
63.0748
63.0832
63.1002
63.1269
63.1289
63.1299
63.2153
63.2177
63.249
63.2758
63.2981
63.3318
63.3318
63.3905
63.3959
63.4103
63.4123
63.446
63.4594
63.5121
63.523
63.5428
63.5601
63.5631
63.5835
63.6128
63.6152
63.6366
63.6376
63.6733
63.6803
63.6897
63.719
63.723
63.726
63.7577
63.7954
63.8038
63.8118
63.8535
63.8922
63.9066
63.9116
63.9289
63.9503
63.9503
63.978
64.0177
64.0698
64.0982
64.1379
64.192
64.2207
64.2347
64.2411
64.248
64.2644
64.2684
64.2738
64.2788
64.3378
64.3656
64.3889
64.448
64.456
64.4644
64.4654
64.4664
64.5244
64.5284
64.5418
64.5498
64.5905
64.5949
64.5989
64.6112
64.6222
64.6326
64.6326
64.6426
64.6649
64.6743
64.6813
64.6907
64.7274
64.7671
64.7894
64.7924
64.7954
64.8098
64.8128
64.8242
64.8699
64.8719
64.8819
64.9136
64.917
64.9323
64.9333
64.978
65.0341
65.0718
65.0768
65.0902
65.0942
65.1025
65.1135
65.1483
65.1626
65.1706
65.1756
65.2133
65.2137
65.2153
65.2227
65.2267
65.2361
65.249
65.2594
65.2778
65.3071
65.3125
65.3502
65.3582
65.3746
65.3756
65.3959
65.44
65.451
65.454
65.4704
65.4713
65.4753
65.5151
65.5234
65.5368
65.5498
65.5562
65.5611
65.5641
65.5801
65.5845
65.6182
65.6252
65.7066
65.711
65.7884
65.7904
65.8138
65.8198
65.8415
65.8753
65.8832
65.8976
65.9303
65.9497
65.9597
66.0555
66.1105
66.1463
66.1552
66.1963
66.1983
66.2237
66.2247
66.2411
66.2674
66.2971
66.3492
66.3562
66.3582
66.3726
66.4013
66.4023
66.446
66.5027
66.5468
66.5552
66.5785
66.5915
66.6276
66.6539
66.7264
66.7617
66.7751
66.8465
66.8495
66.8709
66.8956
66.9026
66.9116
66.918
66.9259
66.9453
66.9463
66.9497
66.9567
66.979
66.9934
67.1229
67.1413
67.183
67.187
67.1973
67.2554
67.2594
67.2614
67.2891
67.3095
67.3298
67.3338
67.3438
67.443
67.4733
67.5204
67.5214
67.5378
67.5522
67.5538
67.5775
67.5845
67.5929
67.6172
67.6222
67.6489
67.6599
67.6753
67.6793
67.714
67.7244
67.7621
67.7651
67.7711
67.7904
67.8004
67.8038
67.8078
67.8242
67.8262
67.8435
67.8475
67.8679
67.8699
67.9056
67.911
67.9513
67.9647
67.977
68.0024
68.0127
68.0341
68.0371
68.0575
68.0708
68.0728
68.0912
68.1055
68.1115
68.1259
68.1299
68.1666
68.175
68.189
68.1983
68.2133
68.2381
68.2654
68.2738
68.2868
68.2911
68.2991
68.3215
68.3632
68.4133
68.4213
68.4286
68.4336
68.4396
68.455
68.4644
68.4674
68.4907
68.5174
68.5348
68.5448
68.5641
68.5825
68.6068
68.6693
68.6763
68.6803
68.6927
68.711
68.717
68.722
68.723
68.7567
68.8018
68.8058
68.8763
68.9136
68.9259
68.9527
68.9543
68.9894
69.0048
69.0058
69.1012
69.1115
69.1229
69.1483
69.1503
69.174
69.1983
69.2227
69.2337
69.2967
69.3205
69.3235
69.3328
69.3432
69.3492
69.3879
69.3969
69.4216
69.4226
69.4276
69.4276
69.4376
69.444
69.4634
69.4797
69.4977
69.5031
69.5041
69.5101
69.5324
69.5368
69.5512
69.5671
69.5865
69.6009
69.6049
69.6296
69.6426
69.6526
69.6857
69.6957
69.7006
69.704
69.7066
69.716
69.7294
69.7374
69.7457
69.7671
69.7924
69.8078
69.8222
69.8475
69.8609
69.8649
69.8649
69.8709
69.8743
69.8822
69.916
69.9283
69.9477
69.9553
69.977
69.9954
70.0034
70.0068
70.0117
70.0127
70.0227
70.0471
70.0778
70.0932
70.1403
70.1513
70.177
70.1963
70.2311
70.2411
70.2421
70.244
70.2604
70.2718
70.2941
70.2941
70.2981
70.3055
70.3115
70.3368
70.3378
70.3612
70.3662
70.3805
70.3839
70.4003
70.4366
70.44
70.4957
70.5081
70.5224
70.5522
70.5552
70.6316
70.6519
70.6887
70.717
70.7224
70.7324
70.7354
70.7437
70.7581
70.7657
70.7691
70.7998
70.8058
70.8078
70.8425
70.8649
70.8709
70.8733
70.8739
70.8792
70.8976
70.9056
70.918
70.9383
70.9507
70.9557
71.0371
71.0768
71.0832
71.1175
71.1443
71.1473
71.1963
71.2143
71.246
71.2668
71.2871
71.2921
71.3338
71.3452
71.3482
71.3482
71.3656
71.4073
71.4243
71.439
71.4961
71.4967
71.5001
71.5368
71.5592
71.5959
71.6242
71.6599
71.6713
71.6763
71.7056
71.715
71.7354
71.7577
71.7815
71.8182
71.8192
71.8212
71.8272
71.8345
71.8892
71.8966
71.8986
71.9006
71.9269
71.975
71.9854
71.991
72.0341
72.0485
72.0535
72.0892
72.1095
72.183
72.2043
72.2728
72.2818
72.2868
72.2951
72.3269
72.4033
72.4614
72.4674
72.5328
72.5378
72.5919
72.5999
72.6272
72.6326
72.644
72.6469
72.6643
72.6713
72.6877
72.6887
72.715
72.7417
72.7517
72.7721
72.7845
72.7968
72.8202
72.8619
72.8709
72.917
72.982
73.1025
73.1025
73.1189
73.1219
73.1493
73.181
73.183
73.186
73.2083
73.2421
73.2871
73.2941
73.2951
73.3269
73.3472
73.3716
73.3766
73.3839
73.4193
73.4306
73.4336
73.442
73.443
73.451
73.4574
73.5244
73.5254
73.5785
73.5969
73.6019
73.6049
73.6266
73.6306
73.6897
73.7184
73.7214
73.7314
73.7324
73.7691
73.7691
73.7701
73.8222
73.8262
73.8415
73.8733
73.8926
73.9066
73.9353
73.973
73.9904
74.0351
74.0371
74.0431
74.0525
74.0668
74.0678
74.1616
74.1622
74.1696
74.1696
74.1706
74.1943
74.2277
74.245
74.2818
74.3095
74.4286
74.446
74.4907
74.4991
74.5011
74.5111
74.5154
74.5244
74.5318
74.5512
74.5745
74.6009
74.6282
74.6996
74.7367
74.7755
74.8202
74.8322
74.8822
74.8886
74.8886
74.9146
74.9289
74.9353
74.9557
74.9677
74.97
74.973
75.0221
75.0862
75.0952
75.1105
75.1149
75.1353
75.1453
75.1746
75.2023
75.2033
75.2107
75.2237
75.2301
75.2401
75.2688
75.2868
75.3115
75.3125
75.3245
75.3255
75.3269
75.3472
75.3939
75.3969
75.3989
75.4043
75.4266
75.4316
75.443
75.4971
75.5031
75.5061
75.5294
75.5408
75.5815
75.6613
75.708
75.714
75.7244
75.7641
75.7855
75.8118
75.8182
75.8222
75.8559
75.8946
75.9016
75.9046
75.919
75.921
75.9353
75.966
75.98
76.0018
76.0024
76.0167
76.0277
76.0331
76.0648
76.0852
76.1543
76.1552
76.172
76.1766
76.177
76.2574
76.2604
76.2861
76.3045
76.3245
76.3766
76.3779
76.3796
76.3879
76.447
76.4713
76.4981
76.5308
76.5308
76.5478
76.5532
76.5562
76.6122
76.6282
76.6479
76.6673
76.6693
76.6817
76.6986
76.699
76.702
76.7184
76.7641
76.7785
76.7874
76.8242
76.8509
76.8549
76.8693
76.8912
76.9026
76.909
76.915
76.9283
76.977
76.979
77.0147
77.0231
77.0351
77.0575
77.0585
77.0678
77.0802
77.0842
77.0912
77.1055
77.1209
77.1239
77.1279
77.1533
77.1586
77.2237
77.2644
77.2861
77.2931
77.3185
77.3229
77.3622
77.3799
77.4644
77.5001
77.5308
77.5358
77.6019
77.6102
77.6316
77.6803
77.6817
77.6853
77.7487
77.7775
77.8118
77.8292
77.8405
77.8435
77.8599
77.8679
77.8842
77.8886
77.8936
77.8956
77.921
77.922
77.9243
78.0104
78.0445
78.0585
78.0986
78.178
78.2043
78.2177
78.2604
78.2901
78.3031
78.3308
78.3428
78.3606
78.3616
78.3666
78.3736
78.3963
78.4049
78.4737
78.4971
78.5104
78.5298
78.5358
78.5735
78.5875
78.6316
78.6649
78.708
78.7304
78.7855
78.8242
78.8252
78.8395
78.8866
78.9086
78.9437
78.9557
78.97
79.0117
79.0127
79.0187
79.0385
79.0435
79.0555
79.1022
79.1165
79.1249
79.1323
79.1894
79.2067
79.2247
79.2261
79.2474
79.2484
79.2584
79.2594
79.2644
79.2694
79.3035
79.3472
79.3686
79.3919
79.4346
79.435
79.443
79.449
79.4534
79.4664
79.5011
79.5715
79.5899
79.5969
79.6479
79.6857
79.7204
79.7284
79.8098
79.8152
79.8693
79.8996
79.921
79.9263
79.9353
79.9383
79.97
79.9934
80.0088
80.0505
80.0588
80.0618
80.0812
80.0946
80.0966
80.1363
80.176
80.2023
80.2087
80.2534
80.3199
80.3398
80.3452
80.3602
80.3839
80.4053
80.4093
80.4113
80.4186
80.4196
80.437
80.442
80.4594
80.4887
80.4941
80.5592
80.5592
80.5959
80.6569
80.707
80.721
80.7661
80.8345
80.8365
80.8405
80.8569
80.8753
80.8956
80.9283
80.9383
80.9477
80.9854
81.0028
81.0608
81.0752
81.0882
81.1085
81.1279
81.1373
81.1973
81.2371
81.2494
81.3085
81.3145
81.3492
81.3562
81.3636
81.3642
81.3809
81.434
81.452
81.5572
81.5775
81.5859
81.5869
81.5889
81.6803
81.7521
81.7974
81.8295
81.8325
81.8703
81.911
81.918
81.9323
81.9527
81.9621
81.9874
82.0271
82.1576
82.2167
82.2227
82.2331
82.2474
82.2698
82.2788
82.2911
82.3001
82.3095
82.3462
82.3636
82.3666
82.3716
82.3726
82.4137
82.4167
82.5348
82.5602
82.5655
82.5879
82.6266
82.6877
82.7
82.705
82.7354
82.7364
82.7487
82.7611
82.8098
82.8539
82.8882
82.8976
82.905
82.9313
82.9417
82.9443
82.9547
82.972
82.978
83.1279
83.1496
83.1513
83.2277
83.2534
83.2628
83.2718
83.2768
83.3308
83.3318
83.3462
83.4296
83.437
83.4584
83.4694
83.4697
83.4797
83.5254
83.5562
83.5592
83.5839
83.5865
83.5969
83.6032
83.6072
83.6182
83.6336
83.6519
83.6723
83.6777
83.6807
83.6817
83.7928
83.8435
83.8579
83.8753
83.8773
83.9303
83.9597
83.9647
84.0345
84.0375
84.0565
84.1476
84.17
84.1726
84.18
84.2113
84.2241
84.2981
84.3021
84.3298
84.3432
84.4013
84.4083
84.434
84.4747
84.4901
84.5562
84.5661
84.5819
84.702
84.707
84.7328
84.7731
84.7888
84.904
84.9066
84.9433
84.9607
85.0385
85.0395
85.0395
85.0405
85.0415
85.0628
85.0792
85.0802
85.1065
85.1139
85.1209
85.167
85.2241
85.2281
85.2464
85.2891
85.3596
85.3799
85.435
85.4767
85.4971
85.5085
85.5328
85.5645
85.6563
85.6569
85.6573
85.694
85.702
85.7457
85.7497
85.7978
85.8038
85.8499
85.8539
85.8609
85.8802
85.8832
85.8856
85.8866
85.9233
85.9527
85.9924
86.0018
86.0127
86.0271
86.0538
86.0578
86.0852
86.168
86.2381
86.2504
86.2574
86.2782
86.2831
86.2921
86.2991
86.3035
86.3318
86.3452
86.3716
86.3859
86.3909
86.3923
86.3969
86.4033
86.438
86.4707
86.4737
86.5214
86.5472
86.6112
86.6346
86.6747
86.6757
86.6763
86.7076
86.715
86.7338
86.7541
86.7815
86.7938
86.8102
86.8138
86.8312
86.8826
86.9076
86.909
86.9193
86.9397
86.9844
87.0141
87.0171
87.0271
87.0291
87.0335
87.0802
87.1055
87.1085
87.1219
87.2167
87.249
87.2504
87.2688
87.2965
87.2981
87.3025
87.3963
87.4033
87.4554
87.4677
87.4733
87.5258
87.5468
87.6206
87.643
87.6489
87.6583
87.705
87.705
87.708
87.7194
87.7611
87.7755
87.7888
87.8038
87.8395
87.8703
87.8713
87.8966
87.9006
87.9934
88.0231
88.0335
88.0401
88.0405
88.0922
88.0946
88.1433
88.1476
88.1656
88.1706
88.183
88.2127
88.2534
88.2618
88.2758
88.2768
88.3209
88.3532
88.4019
88.43
88.45
88.4504
88.4667
88.5075
88.5154
88.5462
88.5635
88.5775
88.645
88.6613
88.6663
88.6827
88.694
88.714
88.7174
88.7447
88.7745
88.7978
88.8038
88.8246
88.8743
88.8852
88.8986
88.906
88.9243
88.9343
88.9377
88.9567
88.9597
88.9794
88.9988
89.0161
89.0405
89.1099
89.1199
89.1353
89.1496
89.1556
89.171
89.183
89.1953
89.2995
89.3021
89.3209
89.3219
89.3646
89.3656
89.448
89.4807
89.5592
89.5909
89.6142
89.6196
89.64
89.6623
89.6747
89.6767
89.7377
89.7377
89.7731
89.8102
89.8152
89.8579
89.8966
89.909
89.916
89.9273
89.9387
89.9994
90.0127
90.0595
90.0742
90.0966
90.0996
90.1596
90.1844
90.1884
90.189
90.2077
90.2137
90.2157
90.2792
90.3269
90.3279
90.3328
90.3432
90.3736
90.4107
90.4157
90.4797
90.5973
90.6132
90.6837
90.7214
90.7437
90.7497
90.7631
90.7765
90.8082
90.8226
90.8806
90.8836
90.8836
90.9066
90.9273
90.9433
90.9854
91.0117
91.0291
91.0608
91.0932
91.185
91.1914
91.2157
91.2361
91.2792
91.2901
91.3352
91.3542
91.3709
91.3953
91.4127
91.4167
91.431
91.436
91.4594
91.5582
91.5939
91.6002
91.6336
91.639
91.6833
91.7244
91.7868
91.8062
91.8415
91.8673
91.8836
91.9223
91.924
91.9527
91.9641
91.9754
92.0108
92.0271
92.0688
92.165
92.2007
92.2107
92.2271
92.2371
92.2802
92.2955
92.3065
92.4654
92.4664
92.4911
92.5041
92.5562
92.5769
92.6206
92.6222
92.6296
92.6833
92.6857
92.7541
92.7815
92.8216
92.8355
92.8415
92.8683
92.8986
92.978
92.9784
93.0832
93.0922
93.1313
93.1646
93.183
93.2097
93.2802
93.2841
93.3556
93.4484
93.4484
93.4667
93.4901
93.5208
93.5412
93.5422
93.6012
93.6152
93.637
93.638
93.646
93.6519
93.6593
93.6613
93.6737
93.7164
93.7705
93.8162
93.8246
93.8753
93.916
93.9367
93.9497
93.9561
94.0141
94.0445
94.0722
94.0812
94.0872
94.1476
94.2474
94.3061
94.3279
94.4087
94.4147
94.4216
94.4444
94.4624
94.4827
94.4831
94.5675
94.5829
94.6553
94.695
94.7174
94.7224
94.8142
94.8226
94.8399
94.9367
94.9744
95.0121
95.0942
95.16
95.2384
95.2424
95.2578
95.2638
95.2792
95.2798
95.2995
95.3308
95.3506
95.3636
95.3689
95.3739
95.4216
95.4326
95.437
95.4604
95.4707
95.5188
95.5482
95.5829
95.6176
95.6182
95.688
95.7461
95.7838
95.7918
95.8275
95.8599
95.8663
95.8753
95.8776
95.8806
95.9347
95.9367
96.0141
96.0167
96.0355
96.0508
96.0618
96.0846
96.1109
96.1486
96.172
96.177
96.2017
96.3021
96.3199
96.3219
96.3536
96.3809
96.3873
96.4033
96.4067
96.4137
96.4246
96.4256
96.4544
96.4554
96.4594
96.4654
96.4657
96.4911
96.4937
96.4981
96.5184
96.5338
96.5384
96.5422
96.5542
96.6887
96.702
96.705
96.8693
96.8806
96.9173
96.921
96.9551
96.9581
96.968
96.9884
97.0127
97.0508
97.0658
97.0682
97.0718
97.0936
97.1055
97.1129
97.163
97.2161
97.2792
97.2921
97.3105
97.3195
97.3506
97.3616
97.3853
97.3993
97.44
97.4851
97.5085
97.5308
97.641
97.6717
97.7855
97.8022
97.8812
97.9587
97.9591
97.9918
98.0375
98.0395
98.0876
98.0926
98.1139
98.1476
98.1556
98.162
98.2017
98.2291
98.2404
98.2404
98.2668
98.2792
98.3015
98.3412
98.3496
98.3993
98.4206
98.426
98.432
98.4831
98.4995
98.5035
98.6042
98.6519
98.7
98.7407
98.8052
98.8052
98.8082
98.8102
98.8212
98.8459
98.8623
98.8703
98.9293
98.9367
98.9714
98.9744
98.9844
99.0499
99.1526
99.165
99.1914
99.2782
99.3189
99.3338
99.3352
99.3526
99.3776
99.4186
99.4851
99.5035
99.5124
99.5402
99.5482
99.5595
99.6002
99.6176
99.6396
99.6757
99.691
99.6947
99.7054
99.7094
99.7347
99.7397
99.7501
99.8022
99.8098
99.8713
99.8946
99.9183
99.9367
99.9641
100.0405
100.0528
100.1139
100.165
100.1894
100.2097
100.2548
100.2578
100.2921
100.2925
100.2945
100.3065
100.3292
100.3332
100.3432
100.3586
100.3746
100.4053
100.4226
100.5134
100.6186
100.6226
100.704
100.7387
100.8305
100.894
100.9561
100.9958
100.9998
101.0255
101.0548
101.0618
101.1099
101.1426
101.1967
101.2344
101.2444
101.2981
101.3392
101.3859
101.4013
101.4107
101.4157
101.439
101.4434
101.4667
101.5178
101.5522
101.6032
101.7591
101.8315
101.8369
101.8583
101.896
101.898
101.9056
101.907
101.9724
102.0575
102.0886
102.1406
102.164
102.167
102.1774
102.178
102.182
102.3085
102.3165
102.3282
102.3506
102.3933
102.4494
102.4657
102.4727
102.5005
102.5194
102.5512
102.5725
102.5929
102.6106
102.6246
102.6256
102.6589
102.7645
102.7715
102.7934
102.8613
102.8746
102.894
102.8966
102.9357
102.9531
102.9591
102.9764
103.0071
103.0275
103.0872
103.1377
103.1784
103.1844
103.186
103.2013
103.2618
103.2618
103.3382
103.3779
103.4067
103.5168
103.5248
103.5631
103.5759
103.5939
103.6499
103.7134
103.7665
103.7818
103.8022
103.8186
103.8332
103.8352
103.8519
103.8553
103.8613
103.8966
103.9357
103.9551
103.97
103.9974
104.0171
104.0459
104.0852
104.158
104.1764
104.2141
104.2772
104.3372
104.4404
104.5005
104.5725
104.6767
104.7184
104.7401
104.7675
104.7818
104.7858
104.8012
104.8092
104.8166
104.8236
104.8389
104.8583
104.8743
104.8946
104.91
104.9327
104.9457
104.9988
105.0558
105.2141
105.2891
105.2961
105.3159
105.3189
105.3312
105.3392
105.3402
105.3759
105.4033
105.4037
105.419
105.5158
105.5244
105.5769
105.646
105.6727
105.7184
105.7561
105.7615
105.7775
105.7938
105.7958
105.8062
105.8826
105.9203
105.9367
106.0612
106.0856
106.1139
106.1149
106.1183
106.1213
106.1744
106.1924
106.2027
106.2191
106.2875
106.4637
106.5382
106.5913
106.6589
106.7308
106.7798
106.7855
106.7904
106.8082
106.8226
106.8836
106.9327
106.9447
106.9704
106.9898
107.0375
107.0682
107.1223
107.1333
107.1387
107.1566
107.1566
107.1754
107.3205
107.3426
107.3893
107.3993
107.438
107.4985
107.5625
107.5923
107.6647
107.6677
107.8192
107.8379
107.8395
107.8856
107.9
107.904
107.9163
107.9487
107.9531
107.9531
107.9814
107.9958
107.9968
108.0999
108.1426
108.161
108.168
108.2131
108.2181
108.2191
108.2211
108.2454
108.2802
108.2915
108.3312
108.3823
108.3889
108.427
108.4771
108.4945
108.5288
108.5342
108.5979
108.6266
108.628
108.635
108.636
108.641
108.6463
108.6623
108.6667
108.6723
108.7605
108.7615
108.7874
108.7952
108.8226
108.8746
108.9006
109.0499
109.1373
109.156
109.2191
109.2261
109.2424
109.2528
109.2901
109.2935
109.2945
109.3225
109.3358
109.3436
109.3506
109.3576
109.422
109.4504
109.4841
109.5218
109.5605
109.6096
109.6707
109.6767
109.693
109.701
109.7228
109.7381
109.7661
109.7778
109.7798
109.7982
109.7998
109.8022
109.8349
109.8663
109.9307
110.0445
110.0598
110.0752
110.1079
110.1303
110.1387
110.1884
110.1957
110.2478
110.2558
110.2588
110.2682
110.2945
110.3382
110.366
110.3759
110.4607
110.5188
110.5382
110.5412
110.5869
110.5903
110.6186
110.6841
110.7024
110.7094
110.7104
110.7124
110.8265
110.9096
110.9491
110.9734
111.0215
111.0712
111.0772
111.1029
111.1357
111.1724
111.1894
111.1914
111.2177
111.2314
111.2444
111.2488
111.2504
111.2855
111.2975
111.3055
111.3085
111.3586
111.3863
111.4017
111.4404
111.4514
111.4534
111.4811
111.4955
111.5575
111.5645
111.6216
111.638
111.6643
111.689
111.7828
111.8102
111.8379
111.8533
111.901
111.9094
111.9397
111.9461
111.9551
111.9601
112.0215
112.0732
112.1079
112.1243
112.154
112.175
112.1764
112.1947
112.2017
112.3322
112.3436
112.3452
112.5735
112.5873
112.5963
112.6032
112.641
112.6473
112.688
112.7004
112.7014
112.7324
112.7401
112.7581
112.7631
112.9451
112.9481
113.0215
113.0285
113.0365
113.0405
113.2518
113.2845
113.362
113.3749
113.4007
113.426
113.4741
113.4861
113.5118
113.5879
113.6984
113.8369
113.9124
113.9267
113.9561
114.0886
114.1387
114.1724
114.1907
114.2141
114.2861
114.3232
114.3406
114.4057
114.5475
114.5829
114.5953
114.6002
114.6066
114.6082
114.6182
114.7605
114.7661
114.7828
114.8529
114.892
114.9277
114.9944
115.0515
115.0782
115.0906
115.1403
115.2151
115.2414
115.2484
115.2865
115.3426
115.3849
115.4414
115.4607
115.4731
115.4945
115.6106
115.7208
115.7922
115.8583
115.8613
115.89
115.9297
116.0101
116.0205
116.0568
116.0622
116.0949
116.2652
116.2692
116.2955
116.4597
116.5312
116.5699
116.6479
116.7381
116.7421
116.8716
116.8826
116.9084
116.9307
116.9541
117.0469
117.0796
117.0949
117.1065
117.1327
117.1377
117.1714
117.1993
117.2017
117.2111
117.2121
117.2448
117.3213
117.3406
117.3472
117.4117
117.424
117.4941
117.5709
117.5953
117.7595
117.7748
117.8405
117.9213
117.9848
118.0185
118.1089
118.1133
118.1337
118.1357
118.1877
118.2091
118.2975
118.3486
118.3823
118.3973
118.419
118.423
118.5244
118.5485
118.5522
118.5933
118.6196
118.687
118.693
118.7178
118.7188
118.7328
118.7908
118.8686
118.8886
118.9858
118.9982
119.0225
119.0379
119.0419
119.0505
119.154
119.164
119.17
119.1907
119.2111
119.2652
119.3203
119.3292
119.3298
119.3412
119.3963
119.3987
119.4216
119.43
119.4344
119.4444
119.4634
119.5452
119.5659
119.6032
119.6106
119.6473
119.6994
119.7248
119.7565
119.7621
119.8216
119.8643
119.9714
119.9798
119.9988
120.0195
120.0642
120.0826
120.0969
120.1804
120.1887
120.2528
120.3115
120.3416
120.3803
120.4528
120.4567
120.5532
120.5699
120.5833
120.5903
120.6493
120.6607
120.7094
120.7798
120.7952
120.8275
120.8399
120.8419
120.8656
120.889
120.89
120.9323
120.9401
121.0359
121.0728
121.0756
121.0766
121.0999
121.1904
121.2835
121.3009
121.3733
121.4047
121.414
121.417
121.4498
121.4508
121.4558
121.4741
121.5252
121.5595
121.6026
121.6102
121.6984
121.7148
121.7361
121.8106
121.8272
121.8289
121.8299
121.8493
121.8676
121.891
121.9213
121.9427
121.9451
122.0345
122.0552
122.1169
122.1253
122.1297
122.1383
122.149
122.1654
122.1924
122.1957
122.2245
122.2255
122.2265
122.3005
122.3506
122.3929
122.4394
122.4797
122.4875
122.5085
122.5262
122.5649
122.5863
122.634
122.7585
122.7709
122.7719
122.7738
122.7902
122.9247
123.0582
123.1293
123.1957
123.2051
123.2428
123.2612
123.2885
123.3095
123.3282
123.3356
123.4314
123.5819
123.7357
123.8136
123.8473
123.902
123.9054
123.9624
124.0251
124.0339
124.0345
124.2255
124.358
124.3967
124.4007
124.4751
124.5759
124.6046
124.6761
124.7729
124.7912
124.7962
124.7992
124.8136
124.8309
124.9024
124.9594
124.9614
125.0165
125.0508
125.1993
125.2251
125.3913
125.3967
125.4177
125.4661
125.4741
125.4801
125.4831
125.5058
125.5088
125.5562
125.6954
125.6964
125.7471
125.7471
125.8136
125.8543
125.8646
125.9571
126.0582
126.0756
126.1233
126.1327
126.2245
126.2855
126.3422
126.356
126.3833
126.4671
126.5035
126.5262
126.5605
126.5709
126.7144
126.7401
126.7709
126.8142
126.8265
126.9634
127.0022
127.0349
127.0455
127.088
127.0949
127.1297
127.158
127.2458
127.3282
127.3496
127.5068
127.619
127.622
127.6374
127.642
127.6567
127.7324
127.7361
127.7381
127.8106
128.0012
128.0145
128.0929
128.2235
128.2815
128.3095
128.356
128.42
128.4721
128.4915
128.5048
128.5242
128.5745
128.5855
128.6384
128.7094
128.7128
128.8066
128.8379
128.8656
128.9267
128.9565
128.9748
129.0175
129.0369
129.0939
129.1337
129.1724
129.1973
129.1987
129.3957
129.4047
129.422
129.4671
129.5435
129.6984
129.7268
129.8453
129.885
129.9004
130.0002
130.0141
130.0429
130.0562
130.1991
130.3326
130.3352
130.4865
130.5823
130.7331
130.7581
130.7615
130.7625
130.8599
130.8693
130.9371
131.0245
131.0502
131.1073
131.356
131.41
131.4677
131.6036
131.616
131.6384
131.6767
131.6841
131.8423
131.8706
131.884
132.0071
132.0225
132.0359
132.088
132.0912
132.1277
132.1614
132.169
132.2782
132.2845
132.2925
132.3356
132.5312
132.5976
132.6076
132.6384
132.7912
132.7912
132.8413
132.8896
132.898
132.9431
132.9481
133.1917
133.2235
133.2618
133.3967
133.4264
133.4384
133.4791
133.4805
133.5272
133.7565
133.8613
134.0856
134.1227
134.146
134.5212
134.5426
134.5649
134.5763
134.6256
134.6897
134.888
134.9207
135.0205
135.0309
135.1634
135.2011
135.2241
135.2885
135.2965
135.3703
135.3927
135.5966
135.692
135.8156
136.0676
136.0862
136.0969
136.1083
136.3232
136.41
136.5625
136.629
136.6497
136.6727
136.6914
136.7755
136.9167
136.9501
136.9758
136.9818
137.0279
137.0472
137.0736
137.0812
137.2438
137.2718
137.3676
137.4631
137.4677
137.4998
137.5649
137.6529
137.7178
137.9213
138.0042
138.0419
138.0636
138.1957
138.3286
138.4037
138.415
138.4304
138.4354
138.4691
138.5655
138.5743
138.61
138.6344
138.6747
138.7148
138.7878
138.892
138.9207
138.9371
138.9714
139.0692
139.0772
139.089
139.1207
139.1644
139.1961
139.2135
139.2592
139.3663
139.4438
139.4641
139.5446
139.5599
139.5659
139.5729
139.7164
139.7832
139.8906
139.9094
139.9321
140.0746
140.0896
140.1053
140.14
140.2141
140.2185
140.2909
140.3029
140.3366
140.5312
140.5396
140.5733
140.5992
140.8249
140.8353
140.8359
140.9117
140.9127
141.0075
141.0385
141.0666
141.0766
141.088
141.1804
141.1987
141.2542
141.2915
141.4294
141.445
141.4865
141.5569
141.5783
141.6046
141.6527
141.7098
141.7204
141.8196
141.8229
141.8607
141.9534
142.0085
142.0443
142.0782
142.2314
142.4344
142.4601
142.4741
142.4961
142.4998
142.5972
142.6483
142.7719
142.8006
142.8647
142.8732
142.9144
143.0095
143.0245
143.1093
143.158
143.1614
143.2522
143.2652
143.2765
143.3049
143.5539
143.5923
143.608
143.6517
143.6613
143.7068
143.7377
143.7425
143.7525
143.7609
143.7802
143.8339
144.1887
144.3316
144.3426
144.418
144.4244
144.4244
144.4785
144.4955
144.5495
144.5549
144.7659
144.8954
144.9034
144.9367
145.138
145.4787
145.5743
145.5936
145.7262
145.7589
145.7619
145.8269
145.8425
145.888
145.9004
146.0399
146.08
146.1961
146.2057
146.2845
146.3286
146.3366
146.3823
146.4224
146.5659
146.6353
146.7401
146.7415
146.8189
146.8736
146.8806
146.8886
146.9074
147.082
147.1847
147.2979
147.3083
147.4234
147.4755
147.5316
147.5336
147.5733
147.607
147.611
147.616
147.6691
147.8159
147.8577
147.8667
147.9177
147.9197
148.0091
148.0949
148.1921
148.1941
148.2598
148.2949
148.4825
148.5198
148.6457
148.6467
148.6617
148.6751
149.158
149.2105
149.2502
149.2855
149.3903
149.3937
149.4071
149.5132
149.5192
149.5306
149.636
149.6834
149.8066
149.8523
149.881
149.9167
149.9545
150.0706
150.1197
150.4398
150.5342
150.6264
150.7405
150.8547
150.87
150.9565
150.9892
151.0025
151.1273
151.137
151.1817
151.2675
151.2706
151.4196
151.5499
151.6681
151.7669
151.7738
151.8453
151.8527
151.9525
151.9704
152.0742
152.09
152.0976
152.1073
152.1564
152.1708
152.2735
152.343
152.3857
152.4234
152.4246
152.5759
152.7361
152.881
153.0586
153.081
153.1313
153.1907
153.2841
153.3336
153.353
153.4021
153.7569
153.8186
153.9024
153.9361
154.2258
154.2308
154.3843
154.4368
154.4745
154.6447
154.8036
154.8507
154.9137
154.9341
154.9878
155.0949
155.3376
155.341
155.4428
155.4551
155.4921
155.5362
155.5562
155.5643
155.605
155.6493
155.6587
155.7976
156.0045
156.4498
156.4958
156.602
156.6224
156.6314
156.6601
156.7529
157.0035
157.0095
157.1207
157.1604
157.2101
157.2211
157.4715
157.5092
157.6244
157.6814
157.7202
157.7932
157.8453
157.875
157.9281
157.9738
158.0556
158.0983
158.1534
158.1534
158.1544
158.3103
158.4711
158.608
158.6353
158.8199
158.9415
158.9882
159.1113
159.152
159.2498
159.5222
159.5266
159.5926
159.7865
159.8423
159.9097
160.0846
160.2655
160.4721
160.6206
160.7078
160.7802
160.8159
160.9331
160.9494
161.142
161.149
161.1544
161.2412
161.3703
161.5008
161.7018
161.7202
161.7655
161.8656
161.8994
161.9435
161.9902
161.9932
162.075
162.1003
162.4384
162.5733
162.6884
162.8126
162.9271
163.0343
163.0359
163.0512
163.0726
163.0923
163.1127
163.1947
163.4284
163.4581
163.5246
163.6367
163.8433
163.9271
164.0373
164.3043
164.5386
164.7375
164.7405
164.9044
165.2301
165.2706
165.3003
165.3867
165.4278
165.6174
165.6234
165.6427
165.6727
165.8152
165.864
166.1097
166.1504
166.157
166.1851
166.3763
166.3941
166.4869
166.6184
167.0145
167.0149
167.0522
167.0546
167.1648
167.4775
167.4879
167.5356
167.6427
167.6681
167.8389
167.8997
167.9271
168.0582
168.2983
168.4418
168.4945
168.6194
168.9077
169.0028
169.14
169.3749
169.3927
169.4458
169.5138
169.6581
169.7192
169.7976
169.8844
169.9144
170.0209
170.1618
170.2328
170.3053
170.3346
170.4521
170.809
170.809
170.9748
171.082
171.1067
171.1524
171.158
171.3192
171.3683
171.627
171.6587
171.7886
171.9147
172.0873
172.1454
172.2055
172.2075
172.2851
172.3136
172.3707
172.4839
172.5246
172.5419
172.602
172.9161
172.9538
173.0139
173.0313
173.0536
173.1464
173.1931
173.2438
173.2869
173.4811
173.5114
173.8656
173.8997
173.9037
173.9926
174.4617
174.5082
174.5747
174.5816
174.7118
175.8483
175.8483
175.861
175.9481
176.1811
176.2745
176.3474
176.4859
176.5823
176.7152
176.866
176.876
177.3087
177.3156
177.4791
177.5102
177.9538
178.0089
178.072
178.1648
178.3372
178.5816
178.6705
178.9365
178.9598
178.9875
179.1231
179.2332
179.5022
179.6631
179.7092
179.7238
180.2819
180.4258
180.5733
180.6774
180.6878
180.7623
180.859
180.9915
181.1003
181.4765
181.5396
181.6527
181.8439
182.0863
182.1791
182.3352
182.4972
182.5623
182.625
182.9241
182.9315
182.9441
183.0459
183.0472
183.148
183.4504
183.535
183.637
183.6665
183.812
183.9614
183.9915
184.3737
184.4268
184.4849
184.5707
184.592
184.7942
184.802
185.0492
185.0804
185.1123
185.2438
185.3657
185.588
185.6501
186.0496
186.0576
186.1171
186.1808
186.2051
186.2458
186.3657
186.592
187.3424
187.7796
187.861
187.8647
188.0386
188.1744
188.2893
188.347
188.7202
188.7377
189.1504
189.2556
189.4705
189.601
189.618
189.7836
189.8898
189.9161
190.0436
190.7435
190.7615
190.7852
190.8397
190.9632
191.0937
191.2089
191.6547
191.7672
191.867
192.0576
192.1558
192.4422
192.5809
192.9121
192.9742
193.1528
193.3096
193.4278
193.6948
193.7409
193.7716
193.9141
193.9989
194.0426
194.5136
194.8143
195.0243
195.0813
195.6487
195.7142
196.1073
196.3056
196.3374
196.7479
196.8694
196.9592
196.9816
197.0426
197.077
197.1498
197.4952
197.5086
197.5116
197.6551
197.8858
198.1885
198.5823
198.6094
198.7415
198.7623
199.2282
199.6401
200.059
200.1578
200.2149
200.7543
201.0203
201.0947
201.4495
201.9822
201.9836
202.3537
202.6401
202.8818
202.9758
202.9935
203.0189
203.3915
203.8844
203.9409
204.0327
204.1508
204.2079
204.4689
204.5166
204.5529
204.7002
204.7579
204.8267
204.8457
204.8834
205.2686
205.361
205.4302
205.5539
205.6848
205.9205
205.9939
206.1711
206.5379
206.5974
207.0213
207.3344
207.9766
208.2039
208.2202
208.4565
208.7106
208.8778
208.9774
209.0089
209.3965
209.5036
210.5727
210.582
210.7228
210.7463
211.7529
212.064
212.1061
212.5363
212.6274
212.9756
213.256
213.5946
213.788
213.8724
214.256
214.3468
214.6228
214.7666
214.8044
214.9528
215.0336
215.1458
215.2009
215.8033
215.8391
216.535
216.9299
218.784
218.8931
219.0233
219.1225
219.2713
219.3661
219.4775
219.6675
219.7629
220.0977
220.9672
221.0043
221.7012
221.9155
222.1775
222.1835
222.4462
223.0296
223.4629
223.4986
223.6832
223.9698
224.1592
224.2813
224.3835
224.7339
224.7666
224.8223
224.8461
224.9726
225.4471
225.8209
226.2172
226.2907
226.4759
226.5006
226.5677
227.5924
228.0937
228.302
228.8351
229.0049
229.871
230.0003
230.1154
230.1572
230.3968
230.4976
231.0813
231.2288
231.8467
231.8922
232.1795
232.4703
232.4955
232.7036
232.7383
233.6264
233.8321
234.1161
234.1979
234.2837
234.6211
235.2913
235.2957
235.3604
235.6718
235.7904
236.3477
236.9538
237.0754
237.091
238.2236
238.4649
238.6078
239.619
241.1869
241.8251
241.9309
242.2072
242.767
243.0143
243.0764
243.8117
243.9919
244.1318
245.3938
246.4703
246.8882
247.1989
247.4228
247.7533
247.7536
247.9392
248.0287
248.0727
248.3134
248.5691
249.3521
249.9219
250.7924
250.8477
251.4142
252.1045
252.502
252.5393
252.6852
254.7273
254.972
257.0516
257.2003
257.6986
257.76
259.4643
260.7233
260.7387
260.76
261.3354
263.1775
266.0961
266.4521
266.7626
266.8434
266.9095
267.3901
267.4236
267.9079
267.9415
268.0097
268.1729
268.591
268.6662
269.0801
269.2795
271.2523
271.7754
271.8961
272.23
273.8742
274.8955
276.2755
276.3521
276.9253
277.2697
278.0384
279.3381
282.1659
282.3849
283.6399
284.5024
284.9386
286.7109
287.8315
288.2607
288.3898
290.6185
290.6212
290.6989
293.2703
295.3098
296.0805
296.4425
297.2895
300.9959
302.3351
303.1132
303.5942
303.7411
304.0041
307.0795
307.4473
308.0979
308.1118
309.1813
310.2779
311.1122
312.1733
312.1773
316.0885
316.3763
316.6596
316.9005
318.1052
318.1653
318.9777
320.3742
322.3192
324.477
327.1956
329.0095
330.0318
330.1468
331.7981
334.7271
335.1867
335.6786
337.2491
338.4413
338.69
340.0442
342.141
342.8372
344.4495
344.7925
346.1727
346.8099
349.0959
349.7791
350.142
352.222
356.0835
358.1186
359.4924
360.5449
365.2824
365.4764
366.2615
370.687
372.4594
377.0843
377.4016
377.6794
378.4511
380.3569
380.3626
381.2689
382.4333
390.6207
392.5105
397.4207
401.5231
406.5462
410.6708
411.1775
411.2371
415.1904
416.4638
417.8442
430.0559
435.6033
443.2475
452.1026
453.2195
453.5089
475.1078
478.4756
478.6187
503.5087
505.0978
508.5319
629.4394
632.4374
