3.0
3.0
3.0
3.0
3.0
3.0
3.0
3.0
3.0
3.0
3.0
3.0
3.0
3.0
3.0
3.0
3.0
3.0
3.0
3.0
3.0
3.0
3.0
3.0
3.0
3.0
3.0
3.0
3.0
3.0
3.0
3.0
3.0
3.0
3.0
3.0
3.0
3.0
3.0
3.0
3.0
3.0
3.0
3.0
3.0
3.0
3.0
3.0
3.0
3.0
3.0
3.0
3.0
3.0
3.0
3.0
3.0
3.0
3.0
3.0
3.0
3.0
3.0
3.0
3.0
3.0
3.0
3.0
3.0
3.0
3.0
3.0
3.0
3.0
3.0
3.0
3.0
3.0
3.0
3.0
3.0
3.0
3.0
3.0
3.0
3.0
3.0
3.0
3.0
3.0
3.0
3.0
3.0
3.0
3.0
3.0
3.0
3.0
3.0
3.0
3.0
3.0
3.0
3.0
4.0
4.0
4.0
4.0
4.0
4.0
4.0
4.0
4.0
4.0
4.0
4.0
4.0
4.0
4.0
4.0
4.0
4.0
4.0
4.0
4.0
4.0
4.0
4.0
4.0
4.0
4.0
4.0
4.0
4.0
4.0
4.0
4.0
4.0
4.0
4.0
4.0
4.0
4.0
4.0
4.0
4.0
4.0
4.0
4.0
4.0
4.0
4.0
4.0
4.0
4.0
4.0
4.0
4.0
4.0
4.0
4.0
4.0
4.0
4.0
4.0
4.0
4.0
4.0
4.0
4.0
4.0
4.0
4.4506
5.0
5.0
5.0
5.0
5.0
5.0
5.0
5.0
5.0
5.0
5.0
5.0
5.0
5.0
5.0
5.0
5.0
5.0
5.0
5.0
5.0
5.0
5.0
5.0
5.0
5.0
5.0
5.0
5.0
5.0
5.0
5.0
5.0
5.0
5.0
5.0
5.0
5.0
5.0
5.0
5.0
5.0
5.0
5.0
5.0
5.0
5.0
5.0
5.0
5.0
5.0
5.0
5.0
5.0
5.0
5.0
5.0
5.0
5.0
5.0
5.0
5.0
5.0
5.0
5.0
5.3375
5.3558
5.6198
5.6392
5.6392
5.8839
5.9409
6.0
6.0
6.0
6.0
6.0
6.0
6.0
6.0
6.0
6.0
6.0
6.0
6.0
6.0
6.0
6.0
6.0
6.0
6.0
6.0
6.0
6.0
6.0
6.0
6.0
6.0
6.0
6.0
6.0
6.0
6.0
6.0
6.0
6.0
6.0
6.0
6.0
6.0
6.0
6.0
6.0
6.0
6.0
6.0
6.0
6.0
6.0
6.0
6.0
6.0
6.0
6.0
6.0
6.0
6.0
6.0
6.0
6.0
6.0
6.0
6.0
6.0
6.0
6.0
6.0
6.0
6.0
6.0164
6.1102
6.1856
6.526
6.8084
6.8655
6.9409
7.0
7.0
7.0
7.0
7.0
7.0
7.0
7.0
7.0
7.0
7.0
7.0
7.0
7.0
7.0
7.0
7.0
7.0
7.0
7.0
7.0
7.0
7.0
7.0
7.0
7.0
7.0
7.0
7.0
7.0
7.0
7.0
7.0
7.0
7.0
7.0
7.0
7.0
7.0
7.0
7.0
7.0
7.0
7.0
7.0
7.0
7.0
7.0
7.0
7.0
7.0
7.0
7.0
7.0
7.0
7.0164
7.0918
7.0918
7.1672
7.2233
7.5821
7.6015
7.7146
7.7523
7.7901
7.8278
7.8278
7.9022
8.0
8.0
8.0
8.0
8.0
8.0
8.0
8.0
8.0
8.0
8.0
8.0
8.0
8.0
8.0
8.0
8.0
8.0
8.0
8.0
8.0
8.0
8.0
8.0
8.0
8.0
8.0
8.0
8.0
8.0
8.0
8.0
8.0
8.0
8.0
8.0
8.0
8.0
8.0
8.0
8.0
8.0
8.0
8.0
8.0
8.0
8.0
8.0
8.0
8.0
8.0
8.0
8.0
8.0
8.0
8.0
8.0
8.0
8.0
8.0
8.0
8.0724
8.1295
8.1672
8.1672
8.1856
8.2049
8.2427
8.3171
8.3365
8.4506
8.6392
8.6392
8.7901
9.0
9.0
9.0
9.0
9.0
9.0
9.0
9.0
9.0
9.0
9.0
9.0
9.0
9.0
9.0
9.0
9.0
9.0
9.0
9.0
9.0
9.0
9.0
9.0
9.0
9.0
9.0
9.0
9.0
9.0
9.0
9.0
9.0
9.0
9.0
9.0
9.0
9.0
9.0
9.0
9.0
9.0
9.0
9.0
9.0
9.0
9.0
9.0
9.0
9.0531
9.1652
9.1672
9.2049
9.2049
9.2427
9.26
9.2997
9.4486
9.4496
9.524
9.5628
9.6015
9.6178
9.6769
9.6769
9.7136
9.733
9.7707
9.7901
9.8258
9.9196
10.0
10.0
10.0
10.0
10.0
10.0
10.0
10.0
10.0
10.0
10.0
10.0
10.0
10.0
10.0
10.0
10.0
10.0
10.0
10.0
10.0
10.0
10.0
10.0
10.0
10.0
10.0
10.0
10.0
10.0
10.0
10.0
10.0
10.0
10.0
10.0
10.0
10.0
10.0
10.0
10.0
10.0
10.0
10.0
10.0
10.0
10.0
10.0
10.0
10.0
10.0
10.0
10.0
10.0
10.0
10.0
10.0
10.0
10.0
10.0724
10.1469
10.1479
10.261
10.3181
10.3375
10.3375
10.3548
10.4109
10.4129
10.4863
10.4883
10.6188
10.6749
10.7146
10.7513
10.7687
10.7707
10.8441
10.8655
10.9409
10.997
11.0
11.0
11.0
11.0
11.0
11.0
11.0
11.0
11.0
11.0
11.0
11.0
11.0
11.0
11.0
11.0
11.0
11.0
11.0
11.0
11.0
11.0
11.0
11.0
11.0
11.0
11.0
11.0
11.0
11.0
11.0
11.0
11.0
11.0
11.0
11.0
11.0
11.0
11.0
11.0
11.0
11.0
11.0
11.0
11.0
11.0
11.0
11.0
11.0
11.0
11.0
11.0
11.0
11.0
11.0
11.0144
11.1092
11.1652
11.2997
11.2997
11.2997
11.3171
11.3915
11.4109
11.4506
11.4506
11.468
11.6739
11.6933
11.8655
11.9776
11.9786
12.0
12.0
12.0
12.0
12.0
12.0
12.0
12.0
12.0
12.0
12.0
12.0
12.0
12.0
12.0
12.0
12.0
12.0
12.0
12.0
12.0
12.0
12.0
12.0
12.0
12.0
12.0
12.0
12.0
12.0
12.0
12.0
12.0
12.0
12.0
12.0
12.0
12.0
12.0
12.0
12.0
12.0531
12.1285
12.1672
12.1672
12.2029
12.259
12.2804
12.2997
12.3161
12.3181
12.3375
12.3375
12.3742
12.3752
12.3915
12.4303
12.4506
12.4506
12.5598
12.5801
12.6188
12.6769
12.6769
12.7106
12.7116
12.7136
12.7146
12.7146
12.8461
12.9012
12.9196
12.995
13.0
13.0
13.0
13.0
13.0
13.0
13.0
13.0
13.0
13.0
13.0
13.0
13.0
13.0
13.0
13.0
13.0
13.0
13.0
13.0
13.0
13.0
13.0
13.0
13.0
13.0
13.0
13.0
13.0
13.0
13.0
13.0
13.0
13.0
13.0
13.0164
13.0694
13.0888
13.1092
13.1846
13.1856
13.2804
13.2997
13.3375
13.3548
13.3925
13.4119
13.4496
13.4496
13.525
13.5638
13.6769
13.7146
13.7901
13.8278
13.8655
13.8655
13.8992
13.9032
13.9186
13.9786
13.9786
13.997
14.0
14.0
14.0
14.0
14.0
14.0
14.0
14.0
14.0
14.0
14.0
14.0
14.0
14.0
14.0
14.0
14.0
14.0
14.0
14.0
14.0
14.0
14.0
14.0
14.0
14.0
14.0
14.0
14.0
14.0
14.0
14.0
14.0
14.0
14.0
14.0
14.0
14.0
14.0134
14.0714
14.0724
14.0918
14.1642
14.2049
14.2427
14.2977
14.3538
14.3925
14.4089
14.4119
14.4119
14.4119
14.4506
14.521
14.5598
14.5821
14.6576
14.6769
14.6769
14.6769
14.6769
14.6923
14.7146
14.73
14.73
14.731
14.7871
14.7871
14.8278
14.8278
14.8461
14.8605
14.8655
15.0
15.0
15.0
15.0
15.0
15.0
15.0
15.0
15.0
15.0
15.0
15.0
15.0
15.0
15.0
15.0
15.0
15.0
15.0
15.0
15.0
15.0
15.0
15.0
15.0
15.0
15.0
15.0
15.0
15.0
15.0
15.0
15.0
15.0
15.0
15.0878
15.1295
15.1295
15.1295
15.1479
15.1642
15.2039
15.2193
15.2997
15.3905
15.3935
15.3935
15.4089
15.4129
15.4129
15.4293
15.5414
15.5628
15.5638
15.6546
15.6729
15.6903
15.7523
15.7523
15.7901
15.8054
15.8819
15.9359
15.9359
15.9399
15.9563
15.9766
15.9776
15.994
16.0
16.0
16.0
16.0
16.0
16.0
16.0
16.0
16.0
16.0
16.0
16.0
16.0
16.0
16.0
16.0
16.0
16.0
16.0
16.0
16.0
16.0
16.0
16.0
16.0
16.0
16.0
16.0
16.0
16.0
16.0
16.0
16.0
16.0
16.0
16.0
16.0
16.0
16.0
16.0317
16.0541
16.1072
16.1102
16.1652
16.2427
16.261
16.2997
16.3181
16.3752
16.3915
16.469
16.4883
16.4883
16.4883
16.523
16.525
16.526
16.5638
16.5801
16.6168
16.6392
16.6556
16.6769
16.728
16.73
16.733
16.733
16.7687
16.7901
16.8248
16.8268
16.8278
16.8441
16.8615
16.8625
16.8655
16.8839
16.8839
16.9032
16.9216
16.9379
17.0
17.0
17.0
17.0
17.0
17.0
17.0
17.0
17.0
17.0
17.0
17.0
17.0
17.0
17.0
17.0
17.0
17.0
17.0
17.0
17.0
17.0
17.0
17.0
17.0
17.0
17.0
17.0
17.0
17.0337
17.0918
17.1429
17.1479
17.1836
17.2233
17.2427
17.2427
17.26
17.2744
17.3171
17.3702
17.3732
17.4486
17.4496
17.469
17.4883
17.521
17.523
17.5638
17.5761
17.5771
17.5821
17.6332
17.6392
17.6739
17.6769
17.728
17.7513
17.7881
17.8054
17.8248
17.8655
17.8799
17.8829
17.9359
17.9583
17.9747
17.9756
18.0
18.0
18.0
18.0
18.0
18.0
18.0
18.0
18.0
18.0
18.0
18.0
18.0
18.0
18.0
18.0
18.0
18.0
18.0
18.0
18.0
18.0
18.0
18.0
18.0
18.0164
18.0724
18.1102
18.1285
18.2233
18.261
18.2764
18.3131
18.3722
18.3732
18.4506
18.463
18.463
18.463
18.468
18.4883
18.4883
18.525
18.5384
18.6005
18.6178
18.6198
18.6382
18.6769
18.6953
18.728
18.729
18.7513
18.7523
18.7523
18.7657
18.7697
18.7707
18.7871
18.8024
18.8431
18.8461
18.9002
18.9156
19.0
19.0
19.0
19.0
19.0
19.0
19.0
19.0
19.0
19.0
19.0
19.0
19.0
19.0
19.0
19.0
19.0
19.0
19.0
19.0
19.0
19.0
19.0
19.0
19.0
19.0
19.0
19.0
19.0164
19.0164
19.0164
19.0501
19.2387
19.2417
19.2417
19.2427
19.256
19.2734
19.2784
19.2997
19.2997
19.2997
19.3121
19.3161
19.3315
19.3518
19.3548
19.3548
19.3752
19.3875
19.4059
19.4089
19.4506
19.464
19.466
19.4883
19.523
19.525
19.526
19.5578
19.5761
19.6005
19.6005
19.6198
19.6382
19.6719
19.6739
19.6933
19.7136
19.7146
19.733
19.7493
19.7513
19.7523
19.7901
19.7901
19.8268
19.8992
19.9022
19.9747
19.9786
19.9786
19.997
20.0
20.0
20.0
20.0
20.0
20.0
20.0
20.0
20.0
20.0
20.0
20.0
20.0
20.0
20.0
20.0
20.0
20.0
20.0
20.0
20.0
20.0
20.0
20.0
20.0
20.0
20.0
20.0
20.0317
20.0511
20.0511
20.0541
20.0694
20.0724
20.0908
20.1042
20.1642
20.2357
20.2427
20.261
20.2754
20.2784
20.2997
20.3315
20.3722
20.3935
20.4253
20.4506
20.462
20.4833
20.523
20.525
20.5384
20.6015
20.6198
20.6322
20.6342
20.6576
20.6576
20.6739
20.6759
20.6933
20.7146
20.7851
20.7861
20.8084
20.8084
20.8218
20.8278
20.8278
20.8635
20.8769
20.8789
20.9002
20.9012
20.9156
20.9379
20.9786
21.0
21.0
21.0
21.0
21.0
21.0
21.0
21.0
21.0
21.0
21.0
21.0
21.0
21.0
21.0
21.0
21.0
21.0
21.0
21.0
21.0
21.0
21.0
21.0
21.0
21.0
21.0
21.0
21.0
21.0
21.0
21.0
21.0
21.0164
21.0511
21.0908
21.1062
21.1255
21.1295
21.1439
21.1459
21.1479
21.1652
21.2029
21.2397
21.2997
21.3181
21.3375
21.3558
21.3875
21.4129
21.4293
21.464
21.467
21.4873
21.521
21.5424
21.5628
21.5638
21.5801
21.6005
21.6118
21.6536
21.6903
21.7116
21.73
21.731
21.7444
21.7821
21.7901
21.8034
21.8074
21.8615
21.8645
21.8655
21.8829
21.9176
21.9216
21.9216
21.9756
21.99
22.0
22.0
22.0
22.0
22.0
22.0
22.0
22.0
22.0
22.0
22.0
22.0
22.0
22.0
22.0
22.0
22.0
22.0
22.0154
22.0317
22.0511
22.0918
22.1215
22.1449
22.1592
22.1856
22.2417
22.2427
22.259
22.2987
22.2997
22.3141
22.3305
22.3375
22.3375
22.4089
22.4506
22.467
22.4833
22.5067
22.526
22.5638
22.5821
22.6015
22.6392
22.6576
22.6749
22.6769
22.6923
22.731
22.7627
22.7687
22.7841
22.8044
22.8064
22.8248
22.8829
22.8972
22.9563
22.994
22.995
22.997
23.0
23.0
23.0
23.0
23.0
23.0
23.0
23.0
23.0
23.0
23.0
23.0
23.0
23.0
23.0
23.0
23.0
23.0
23.0
23.0
23.0
23.0134
23.0144
23.0154
23.0918
23.0918
23.1806
23.1836
23.2163
23.2223
23.2223
23.2407
23.2427
23.259
23.261
23.2764
23.2804
23.3121
23.3315
23.3538
23.3722
23.3925
23.3935
23.4129
23.4476
23.466
23.5037
23.523
23.523
23.525
23.526
23.526
23.5568
23.5618
23.6526
23.6749
23.7657
23.7657
23.7871
23.7881
23.8064
23.8084
23.8655
23.9126
24.0
24.0
24.0
24.0
24.0
24.0
24.0
24.0
24.0
24.0
24.0
24.0
24.0
24.0
24.0
24.0347
24.0471
24.1052
24.1052
24.1102
24.1205
24.1265
24.1439
24.1449
24.1672
24.1776
24.2213
24.2213
24.2223
24.256
24.259
24.2784
24.2804
24.2804
24.2908
24.2947
24.3275
24.3375
24.3375
24.3895
24.4129
24.4883
24.4883
24.525
24.5424
24.5638
24.5638
24.5985
24.5995
24.6015
24.6178
24.6198
24.6392
24.6546
24.6769
24.6923
24.7086
24.7146
24.7146
24.7707
24.7811
24.7871
24.8014
24.8034
24.8044
24.8084
24.8218
24.8595
24.8595
24.8655
24.8982
24.9409
24.9786
24.989
24.997
25.0
25.0
25.0
25.0
25.0
25.0
25.0
25.0
25.0
25.0
25.0
25.0
25.0
25.0164
25.0297
25.0327
25.0327
25.0704
25.0918
25.1072
25.1082
25.1275
25.1409
25.1439
25.1479
25.1479
25.1652
25.255
25.261
25.2804
25.2997
25.3181
25.3478
25.3508
25.4029
25.4129
25.4416
25.4486
25.4506
25.461
25.466
25.466
25.469
25.4967
25.5027
25.5037
25.5404
25.5811
25.5821
25.6178
25.6342
25.6739
25.6933
25.7096
25.729
25.7493
25.7523
25.7627
25.7707
25.7811
25.7841
25.8401
25.8441
25.8645
25.996
26.0
26.0
26.0
26.0
26.0
26.0
26.0
26.0
26.0
26.0
26.0
26.0
26.0694
26.0858
26.0918
26.1032
26.1265
26.1285
26.1419
26.1672
26.1796
26.2049
26.256
26.258
26.2774
26.2957
26.2967
26.2967
26.2997
26.3131
26.3141
26.3375
26.3538
26.4079
26.4129
26.4803
26.4853
26.525
26.5638
26.5781
26.5821
26.6392
26.6729
26.6913
26.6933
26.731
26.7474
26.7667
26.7707
26.7861
26.8054
26.8278
26.8278
26.8278
26.8361
26.8545
26.8655
26.8769
26.8819
26.9032
26.9126
26.9186
26.9593
27.0
27.0
27.0
27.0
27.0
27.0
27.0
27.0
27.0
27.0
27.0
27.0
27.0084
27.0277
27.0277
27.0481
27.0491
27.0511
27.0654
27.0818
27.0918
27.1072
27.1102
27.1205
27.1275
27.1295
27.1479
27.1592
27.1662
27.1672
27.2039
27.2049
27.2173
27.258
27.2794
27.2804
27.2927
27.3121
27.3365
27.3375
27.3538
27.3558
27.3835
27.3915
27.3935
27.4029
27.4129
27.4303
27.4426
27.4426
27.4803
27.5007
27.525
27.526
27.5608
27.6158
27.6362
27.6382
27.6729
27.6769
27.6893
27.7136
27.7146
27.727
27.731
27.733
27.7454
27.7677
27.7871
27.7901
27.8074
27.8248
27.8441
27.8819
27.9146
27.9399
28.0
28.0
28.0
28.0
28.0
28.0
28.0
28.0
28.0
28.0
28.0094
28.0154
28.0511
28.0878
28.0918
28.1225
28.1459
28.1652
28.1652
28.1672
28.1806
28.1826
28.1836
28.2049
28.2213
28.2337
28.2417
28.259
28.2794
28.2917
28.2967
28.2987
28.2997
28.3121
28.3161
28.3375
28.3375
28.3508
28.3558
28.3558
28.4203
28.5191
28.523
28.525
28.526
28.5374
28.5801
28.6015
28.6138
28.6198
28.6699
28.6759
28.6769
28.6933
28.6953
28.727
28.731
28.7647
28.7841
28.8218
28.8441
28.8615
28.8729
28.8819
28.9786
28.994
29.0
29.0
29.0
29.0
29.0
29.0
29.0
29.0
29.0
29.0
29.0
29.0
29.0
29.0
29.0
29.0
29.0
29.0307
29.0317
29.0521
29.0541
29.0684
29.0704
29.0868
29.1195
29.1469
29.1612
29.1672
29.1806
29.2029
29.259
29.2937
29.2957
29.3672
29.3712
29.3742
29.4496
29.4506
29.465
29.469
29.4883
29.5344
29.5741
29.5771
29.5801
29.5821
29.6392
29.6516
29.6536
29.6546
29.6566
29.6709
29.6769
29.6883
29.6903
29.7493
29.7617
29.7667
29.7677
29.8228
29.8625
29.8759
29.8769
29.8839
29.9106
29.9146
29.9196
29.9473
29.9563
29.9697
29.9727
29.995
30.0
30.0
30.0
30.0
30.0
30.0
30.0
30.0
30.0
30.0
30.0164
30.0277
30.0317
30.0347
30.0471
30.0511
30.0521
30.0838
30.1295
30.1409
30.1642
30.2417
30.2997
30.3295
30.3345
30.3662
30.3692
30.3935
30.4069
30.4243
30.4436
30.465
30.466
30.4947
30.5027
30.5404
30.5404
30.5444
30.5568
30.5578
30.5608
30.5638
30.6342
30.6342
30.6352
30.6362
30.6392
30.6466
30.6566
30.6709
30.6759
30.6913
30.6923
30.725
30.725
30.726
30.731
30.7474
30.8064
30.8228
30.8238
30.8248
30.9166
30.9176
30.9409
30.9563
30.989
30.996
30.997
31.0
31.0
31.0
31.0
31.0
31.0
31.0
31.0
31.0
31.0
31.0
31.0
31.0074
31.0227
31.0491
31.0511
31.0644
31.1062
31.1205
31.1265
31.1449
31.1449
31.1562
31.2213
31.2357
31.2387
31.2734
31.2734
31.2774
31.2997
31.3315
31.3528
31.3722
31.3895
31.3915
31.3925
31.4079
31.4129
31.4263
31.4293
31.4506
31.469
31.4823
31.5027
31.521
31.5334
31.5588
31.5598
31.5821
31.5985
31.6556
31.6699
31.6749
31.7086
31.7146
31.725
31.7414
31.7414
31.7474
31.7474
31.7474
31.7474
31.7503
31.7841
31.8014
31.8371
31.8655
31.8982
31.9513
31.9533
31.9563
31.9786
32.0
32.0
32.0
32.0
32.0
32.0
32.0
32.0
32.0
32.0
32.0
32.0
32.0
32.0
32.0
32.0104
32.0124
32.0297
32.0918
32.0918
32.1225
32.1369
32.1562
32.1652
32.1796
32.1806
32.1826
32.2029
32.2049
32.2163
32.2387
32.2407
32.256
32.2704
32.2804
32.3558
32.3742
32.4099
32.4099
32.4386
32.458
32.461
32.4793
32.4853
32.5508
32.5538
32.5608
32.5895
32.5985
32.6015
32.6088
32.6168
32.6679
32.6689
32.6769
32.6769
32.6823
32.6913
32.6953
32.7056
32.7086
32.7146
32.725
32.726
32.7404
32.7424
32.7657
32.7677
32.7901
32.8278
32.8278
32.8411
32.8461
32.8655
32.8709
32.8789
32.8902
32.8972
32.9086
32.9126
32.9359
32.9379
32.9543
32.9697
33.0
33.0
33.0
33.0
33.0034
33.0114
33.0144
33.0164
33.0317
33.0541
33.1205
33.1672
33.198
33.2113
33.2367
33.2367
33.2377
33.2427
33.257
33.261
33.261
33.2804
33.2937
33.3305
33.3528
33.3558
33.3722
33.4029
33.4119
33.4129
33.4253
33.4406
33.4406
33.4496
33.4496
33.4506
33.467
33.4947
33.4987
33.5047
33.5057
33.5151
33.525
33.5608
33.5638
33.5885
33.6005
33.6178
33.6188
33.6342
33.6392
33.6556
33.6769
33.7066
33.7146
33.726
33.728
33.73
33.8044
33.8158
33.8238
33.8441
33.8615
33.8625
33.8625
33.8655
33.8769
33.8839
33.8932
33.9032
33.9126
33.9186
33.9349
33.9359
33.9399
33.9573
33.9786
33.995
34.0
34.0
34.0
34.0
34.0
34.0
34.0
34.0634
34.0664
34.0694
34.0828
34.0898
34.0898
34.1225
34.1459
34.1622
34.1776
34.1816
34.2163
34.2203
34.2377
34.257
34.2947
34.2967
34.3295
34.3295
34.3418
34.3508
34.3622
34.3642
34.3672
34.3692
34.3875
34.3885
34.4243
34.4263
34.4293
34.4496
34.5017
34.5047
34.5394
34.5444
34.5588
34.5701
34.5865
34.5985
34.6953
34.731
34.7707
34.7901
34.7901
34.7974
34.8024
34.8148
34.8248
34.8411
34.8441
34.8769
34.8809
34.8809
34.9146
34.9409
34.986
34.995
35.0
35.0
35.0
35.0
35.0
35.0
35.0
35.0
35.0451
35.1295
35.1295
35.1459
35.1572
35.1826
35.1836
35.19
35.2203
35.2287
35.2347
35.2704
35.3255
35.3295
35.3662
35.3662
35.3752
35.4213
35.46
35.523
35.5444
35.5538
35.5588
35.5701
35.5985
35.6015
35.6128
35.6282
35.6446
35.6496
35.6556
35.6556
35.6576
35.6873
35.6953
35.7066
35.7086
35.7146
35.7374
35.7454
35.7513
35.7627
35.7791
35.7954
35.8208
35.8322
35.8381
35.8605
35.8635
35.9176
35.9359
35.9573
35.9786
35.988
35.997
36.0
36.0
36.0
36.0
36.0
36.0
36.0
36.0
36.0
36.0054
36.0267
36.0521
36.0595
36.0634
36.0704
36.0858
36.1052
36.1205
36.1652
36.193
36.2103
36.2143
36.2203
36.2297
36.249
36.2804
36.3181
36.3365
36.3692
36.3722
36.3915
36.4039
36.4069
36.4129
36.4253
36.4312
36.4476
36.454
36.4763
36.5047
36.5201
36.521
36.523
36.5384
36.5384
36.5394
36.5414
36.5414
36.5528
36.5801
36.5811
36.6392
36.6392
36.6709
36.6709
36.6823
36.6833
36.6873
36.7473
36.7523
36.7657
36.7811
36.8054
36.8565
36.8605
36.9096
36.9259
36.9309
36.9687
36.9786
36.995
37.0
37.0
37.0267
37.0521
37.1329
37.1389
37.1449
37.191
37.191
37.2
37.2029
37.2163
37.2193
37.2213
37.2327
37.259
37.2684
37.2888
37.3101
37.3375
37.3488
37.3752
37.3895
37.3905
37.4059
37.4069
37.4119
37.461
37.462
37.4823
37.4883
37.5017
37.5141
37.5344
37.5354
37.5588
37.5628
37.5731
37.5791
37.5821
37.6158
37.6282
37.6302
37.6873
37.7096
37.7096
37.724
37.725
37.727
37.7454
37.7667
37.7881
37.7934
37.8278
37.8441
37.8505
37.8575
37.8605
37.9166
37.9503
37.9687
37.994
38.0
38.0
38.0
38.0
38.0257
38.0808
38.0828
38.0942
38.1235
38.1552
38.2153
38.2878
38.2957
38.2967
38.3131
38.3528
38.3825
38.4119
38.4193
38.4233
38.4253
38.456
38.459
38.4853
38.4977
38.5047
38.5161
38.526
38.5324
38.5344
38.5394
38.5598
38.5771
38.5801
38.5915
38.5915
38.5955
38.5985
38.6158
38.6302
38.6903
38.7146
38.729
38.7547
38.7687
38.7801
38.7901
38.8128
38.8178
38.8238
38.8391
38.8839
38.9216
38.9349
38.9349
38.9627
38.989
38.992
39.0
39.0
39.0
39.0
39.0
39.0
39.0
39.0094
39.0411
39.0541
39.0644
39.1032
39.1265
39.1275
39.1399
39.1766
39.2347
39.2347
39.261
39.2654
39.2754
39.2754
39.2764
39.3365
39.3538
39.3682
39.3875
39.4183
39.4183
39.4243
39.4466
39.456
39.4823
39.4997
39.5007
39.526
39.5324
39.5638
39.5681
39.5711
39.5995
39.6015
39.6242
39.6332
39.6332
39.6466
39.6709
39.6709
39.6729
39.6853
39.6893
39.7076
39.731
39.7523
39.7597
39.7901
39.7924
39.7974
39.7984
39.8084
39.8421
39.8505
39.8585
39.8625
39.8699
39.8709
39.9136
39.9146
39.9196
39.9409
39.9543
39.9637
39.9647
39.9727
39.9786
39.992
40.0
40.0
40.0
40.0
40.0
40.0
40.0
40.0094
40.0164
40.0411
40.0511
40.0511
40.0808
40.0962
40.0982
40.1042
40.1389
40.1409
40.1409
40.1449
40.1523
40.199
40.254
40.259
40.259
40.2674
40.2734
40.2898
40.3365
40.3375
40.3478
40.3538
40.3752
40.4039
40.4079
40.4099
40.4243
40.4426
40.4446
40.456
40.465
40.4957
40.5111
40.522
40.5304
40.5538
40.5751
40.5761
40.5821
40.5885
40.6088
40.6138
40.6242
40.6302
40.6516
40.6609
40.6669
40.6689
40.6803
40.72
40.7454
40.7627
40.7901
40.8218
40.8495
40.8739
40.8779
40.8839
40.9106
40.9196
40.9607
40.991
41.0
41.0
41.0154
41.0501
41.0531
41.0541
41.0541
41.0848
41.1052
41.1319
41.1399
41.1429
41.1716
41.19
41.202
41.2173
41.2287
41.254
41.259
41.2898
41.2947
41.3355
41.3702
41.3796
41.3835
41.4476
41.454
41.466
41.4813
41.4883
41.5171
41.5201
41.5468
41.5538
41.5608
41.5628
41.5771
41.5821
41.6029
41.6222
41.6516
41.6813
41.6843
41.6873
41.6903
41.718
41.731
41.7741
41.7871
41.8535
41.8565
41.8689
41.8739
41.8749
41.8789
41.8809
41.8922
41.9136
41.9349
41.9483
41.9493
41.9687
41.988
42.0
42.0
42.0421
42.0644
42.0888
42.1295
42.1409
42.1532
42.2029
42.2213
42.2377
42.253
42.257
42.2734
42.2848
42.2868
42.2947
42.3091
42.3438
42.3508
42.3752
42.3875
42.4019
42.4496
42.461
42.4703
42.4713
42.4813
42.4823
42.4957
42.5091
42.5111
42.5548
42.5638
42.5771
42.5845
42.6496
42.6556
42.6669
42.6769
42.6813
42.6873
42.6883
42.7126
42.729
42.7444
42.7463
42.7527
42.7537
42.7637
42.7741
42.7801
42.8555
42.8862
42.8912
42.8982
42.9279
42.9359
42.9359
42.9563
42.9786
42.989
42.992
43.0
43.0
43.0
43.0
43.0
43.0114
43.0297
43.0381
43.0381
43.0541
43.0758
43.0972
43.0972
43.1215
43.1349
43.1379
43.192
43.193
43.197
43.199
43.2123
43.2163
43.2347
43.25
43.2868
43.3041
43.3315
43.3508
43.3682
43.3752
43.3776
43.4059
43.4233
43.4416
43.462
43.464
43.467
43.4883
43.5344
43.5404
43.5628
43.6282
43.6392
43.6689
43.6709
43.6873
43.6933
43.7066
43.7557
43.8292
43.8371
43.8441
43.8461
43.8595
43.8605
43.8952
43.9012
43.9156
43.9166
43.9176
43.9319
43.9473
43.9493
43.984
43.995
44.0
44.0
44.0114
44.0177
44.0267
44.0888
44.1012
44.1062
44.1072
44.1195
44.1319
44.1479
44.1523
44.1562
44.2123
44.2133
44.2377
44.254
44.3031
44.3111
44.3508
44.3582
44.3582
44.3652
44.3895
44.4233
44.4283
44.4773
44.4813
44.4833
44.4883
44.5027
44.523
44.5444
44.5588
44.5631
44.5985
44.6292
44.6322
44.6322
44.6546
44.6589
44.6699
44.6883
44.6893
44.6893
44.6893
44.725
44.7821
44.7954
44.7994
44.8064
44.8064
44.8218
44.8218
44.8228
44.8381
44.8421
44.8465
44.8585
44.8585
44.8902
44.9413
44.991
45.0
45.0
45.0024
45.0247
45.0461
45.0481
45.0684
45.1185
45.1235
45.1756
45.1776
45.2053
45.2257
45.2367
45.2967
45.3295
45.3722
45.3742
45.3752
45.3815
45.3855
45.3935
45.4129
45.4193
45.4253
45.4346
45.4406
45.465
45.4773
45.4813
45.4877
45.4883
45.5254
45.526
45.5374
45.5424
45.5821
45.6098
45.6342
45.6396
45.6496
45.6953
45.7076
45.713
45.722
45.727
45.728
45.7637
45.7811
45.7944
45.8228
45.8381
45.8411
45.8842
45.9056
45.9066
45.922
45.9369
45.9389
45.9677
45.989
45.9974
46.0
46.0327
46.0347
46.0848
46.0898
46.1002
46.1042
46.1125
46.1195
46.1215
46.1439
46.1552
46.2277
46.248
46.2694
46.2898
46.3225
46.3235
46.3418
46.3438
46.4456
46.455
46.468
46.4997
46.5141
46.5201
46.5334
46.5414
46.5731
46.5985
46.6242
46.6446
46.6466
46.7066
46.7126
46.7126
46.724
46.729
46.7424
46.7463
46.7894
46.8278
46.8381
46.8515
46.8655
46.8769
46.8789
46.8972
46.8982
46.9126
46.9196
46.9369
46.9657
46.9677
46.978
46.979
46.983
47.0
47.0
47.0
47.0
47.0
47.0074
47.0084
47.0164
47.0411
47.0531
47.0595
47.0625
47.0625
47.0644
47.0748
47.0828
47.0848
47.1052
47.1165
47.1195
47.1592
47.201
47.202
47.2247
47.2407
47.2427
47.259
47.2724
47.2848
47.2991
47.3121
47.3265
47.3642
47.3652
47.3682
47.3752
47.3845
47.3885
47.4273
47.4273
47.4456
47.459
47.462
47.4793
47.5057
47.5141
47.5201
47.5468
47.5538
47.5598
47.5638
47.5721
47.5925
47.6392
47.6589
47.6589
47.6609
47.716
47.727
47.7567
47.7637
47.7881
47.8054
47.8064
47.8342
47.8545
47.8629
47.8729
47.8799
47.9022
47.9076
47.9216
47.9383
47.9423
47.9503
47.9593
47.9697
47.992
47.995
48.0
48.0
48.0
48.0004
48.0431
48.0521
48.0545
48.0555
48.0634
48.0694
48.0858
48.1155
48.1175
48.1225
48.1409
48.1459
48.1562
48.1676
48.2153
48.2183
48.2247
48.2307
48.2387
48.251
48.3478
48.3642
48.3722
48.3939
48.4123
48.4129
48.4273
48.4436
48.451
48.4853
48.4853
48.4883
48.5354
48.5414
48.5458
48.5508
48.5538
48.5538
48.6118
48.6138
48.6312
48.6362
48.6416
48.6813
48.6843
48.7086
48.7136
48.723
48.7424
48.7473
48.7587
48.7741
48.7851
48.8074
48.8088
48.8411
48.8759
48.8759
48.8789
48.8942
48.8972
48.8972
48.9046
48.9156
48.9166
48.9186
48.9186
48.92
48.9647
48.9786
48.979
49.0
49.0
49.0
49.0
49.0
49.0014
49.0154
49.0277
49.0347
49.1582
49.1582
49.1612
49.1756
49.19
49.194
49.2233
49.2387
49.2427
49.2654
49.2724
49.2818
49.2848
49.2848
49.2858
49.2967
49.3081
49.3151
49.3151
49.3348
49.3552
49.3558
49.3885
49.5027
49.5041
49.5284
49.5374
49.5711
49.5721
49.5805
49.5835
49.5955
49.6009
49.6098
49.6138
49.6178
49.6446
49.6639
49.7444
49.7473
49.7761
49.7964
49.8138
49.8148
49.8218
49.8278
49.8431
49.8575
49.9196
49.9483
49.983
49.995
50.0
50.0114
50.0327
50.0337
50.0411
50.0625
50.0654
50.0898
50.0918
50.1195
50.1463
50.1572
50.1602
50.1652
50.1672
50.1672
50.1856
50.189
50.198
50.2183
50.248
50.2624
50.2971
50.3071
50.3081
50.3315
50.3528
50.3602
50.3652
50.3776
50.3939
50.457
50.5334
50.6078
50.6252
50.6322
50.6589
50.6833
50.6947
50.7056
50.7463
50.7894
50.8575
50.8679
50.8942
50.9156
50.9176
50.9279
50.9339
50.9359
50.9553
50.9617
50.9786
50.993
50.995
51.0044
51.0197
51.0277
51.0511
51.0644
51.0888
51.1082
51.1135
51.1319
51.201
51.2043
51.2411
51.249
51.256
51.256
51.2684
51.2714
51.2878
51.3185
51.3345
51.3365
51.3776
51.3825
51.4009
51.4049
51.4163
51.4376
51.46
51.4693
51.4713
51.4883
51.5007
51.5067
51.5374
51.5424
51.5905
51.5965
51.6158
51.6546
51.6669
51.6759
51.6823
51.6843
51.6853
51.6893
51.7116
51.723
51.7444
51.7617
51.7627
51.7721
51.8669
51.8699
51.8892
51.8922
51.8962
51.9076
51.9216
51.9393
51.9409
51.9409
51.9503
51.9974
52.0
52.0
52.0044
52.0227
52.0267
52.0277
52.0684
52.0778
52.0918
52.1205
52.1439
52.1439
52.1503
52.1806
52.1816
52.188
52.2063
52.2073
52.2123
52.2133
52.2203
52.2774
52.2848
52.3161
52.3448
52.3845
52.4129
52.4356
52.4496
52.465
52.4693
52.5171
52.5294
52.5408
52.5721
52.5835
52.5985
52.6282
52.6322
52.6362
52.6386
52.6609
52.6823
52.6833
52.6977
52.7116
52.722
52.7294
52.7304
52.7493
52.7567
52.8118
52.8262
52.8278
52.8415
52.8615
52.8699
52.8759
52.8902
52.9002
52.9036
52.9076
52.9166
52.9269
52.9513
52.9786
53.0054
53.0094
53.0227
53.0257
53.0361
53.0441
53.0882
53.0898
53.0918
53.1776
53.202
53.2203
53.2377
53.246
53.251
53.2614
53.2774
53.2908
53.2937
53.3205
53.3305
53.3702
53.4253
53.4336
53.4386
53.4446
53.4664
53.467
53.4873
53.4937
53.4987
53.4997
53.5047
53.5121
53.5121
53.5121
53.5498
53.5979
53.6118
53.6362
53.6559
53.6709
53.7046
53.7056
53.7076
53.728
53.7344
53.7444
53.7637
53.7851
53.8188
53.8188
53.8312
53.8332
53.9126
53.9453
53.9577
53.9637
53.9657
53.9657
53.9677
53.9737
54.0
54.0
54.0207
54.0972
54.1032
54.1082
54.1205
54.1676
54.1716
54.1796
54.2213
54.2307
54.2798
54.2858
54.2917
54.2947
54.3051
54.3315
54.3736
54.3752
54.3752
54.3989
54.4059
54.4674
54.5037
54.5151
54.5264
54.6088
54.6332
54.6609
54.6629
54.6833
54.6853
54.6947
54.7056
54.7066
54.7497
54.7567
54.7637
54.7924
54.8128
54.8148
54.8158
54.8401
54.8629
54.8799
54.9096
54.9146
54.9279
54.9543
55.0
55.0124
55.0247
55.0267
55.0625
55.0828
55.1165
55.1225
55.1493
55.1716
55.1786
55.2113
55.2367
55.253
55.2694
55.2724
55.2917
55.3175
55.3185
55.3825
55.3885
55.3939
55.3999
55.4079
55.4163
55.456
55.456
55.461
55.464
55.4733
55.5424
55.5528
55.5548
55.5761
55.6192
55.6446
55.6853
55.71
55.724
55.7334
55.7483
55.7731
55.7811
55.8371
55.8381
55.8441
55.8555
55.9166
55.9196
55.922
55.9597
56.0
56.0118
56.0421
56.0808
56.0972
56.1125
56.1349
56.1602
56.1646
56.1672
56.2013
56.2287
56.2774
56.3041
56.3161
56.3185
56.3692
56.3706
56.3716
56.3736
56.3742
56.3989
56.4713
56.4937
56.4997
56.5037
56.5091
56.5091
56.5254
56.5408
56.5771
56.5815
56.5915
56.6222
56.6546
56.6903
56.7036
56.7096
56.7096
56.723
56.7647
56.7667
56.7811
56.7994
56.9116
56.9146
56.9747
56.978
56.9994
57.0391
57.0471
57.0818
57.1175
57.1676
57.1726
57.1806
57.2093
57.2247
57.2347
57.244
57.248
57.2584
57.2664
57.2888
57.2961
57.2971
57.3265
57.3315
57.3428
57.3875
57.4083
57.4183
57.4366
57.4723
57.4957
57.4987
57.5031
57.5274
57.5394
57.5528
57.5548
57.5865
57.5875
57.6252
57.6342
57.6516
57.6516
57.6629
57.6843
57.7264
57.7414
57.7424
57.7687
57.7851
57.7944
57.7994
57.8078
57.8272
57.8461
57.8545
57.8962
57.9002
58.0157
58.0167
58.0257
58.0838
58.0982
58.1012
58.1032
58.1095
58.1135
58.1706
58.195
58.2023
58.2053
58.2297
58.257
58.2858
58.3308
58.3378
58.3468
58.3835
58.3885
58.4153
58.4674
58.4967
58.5458
58.5518
58.5681
58.5721
58.6416
58.6416
58.728
58.7444
58.7547
58.8138
58.8405
58.8555
58.8565
58.8575
58.8782
58.8922
58.9002
58.9046
58.9269
58.9329
58.9349
58.9493
58.9503
58.981
58.987
58.99
59.0297
59.0664
59.0688
59.0808
59.0878
59.1369
59.182
59.2133
59.2153
59.3295
59.3835
59.4143
59.4917
59.5081
59.5781
59.6312
59.6312
59.6376
59.6509
59.6569
59.6773
59.6813
59.71
59.726
59.7507
59.7517
59.7894
59.7994
59.8465
59.8555
59.8952
59.9166
59.9443
59.986
59.9914
60.0
60.0054
60.0074
60.0868
60.0952
60.1095
60.1229
60.1493
60.1532
60.1736
60.189
60.2123
60.2377
60.246
60.2764
60.3101
60.3161
60.3295
60.3458
60.3482
60.3582
60.3592
60.3869
60.4246
60.4614
60.4753
60.5131
60.5151
60.5438
60.5468
60.5508
60.6118
60.6148
60.6376
60.6589
60.6843
60.6903
60.7314
60.7497
60.7537
60.7751
60.8014
60.8034
60.8168
60.8178
60.8525
60.8639
60.8699
60.8882
60.8882
60.9146
60.9269
60.9373
60.9557
60.9727
60.984
60.988
61.0064
61.0664
61.1002
61.1065
61.1135
61.1225
61.1359
61.1379
61.1552
61.1736
61.186
61.3021
61.3051
61.3215
61.3265
61.3305
61.3315
61.3388
61.3552
61.3622
61.3652
61.3746
61.3949
61.463
61.4833
61.4867
61.5151
61.5184
61.5194
61.5364
61.5711
61.6282
61.709
61.709
61.72
61.721
61.7617
61.7637
61.7637
61.7701
61.8068
61.8108
61.8118
61.8208
61.8272
61.8302
61.8555
61.8615
61.8759
61.8976
61.9156
61.9737
61.9737
61.985
62.0257
62.0291
62.0317
62.0341
62.0347
62.0347
62.0688
62.0852
62.1195
62.1205
62.1329
62.186
62.2153
62.2217
62.248
62.254
62.3021
62.3285
62.3458
62.3528
62.3716
62.3815
62.4113
62.4183
62.464
62.4763
62.4793
62.4977
62.5011
62.5191
62.5398
62.5478
62.5671
62.5721
62.5929
62.6059
62.6122
62.6198
62.6252
62.6272
62.6362
62.7006
62.7621
62.8034
62.8078
62.8168
62.8322
62.9056
62.919
62.9196
62.9513
62.981
62.982
62.9984
63.0098
63.0411
63.0485
63.0525
63.0828
63.1245
63.1413
63.1463
63.1746
63.196
63.2213
63.2377
63.2704
63.2704
63.2997
63.3185
63.3408
63.3492
63.3558
63.3572
63.3815
63.3825
63.3929
63.4039
63.4306
63.4376
63.44
63.455
63.4753
63.4847
63.5191
63.5611
63.5765
63.5771
63.5855
63.5935
63.6222
63.6222
63.7394
63.7647
63.7657
63.8192
63.8655
63.8762
63.8962
63.9086
63.916
63.9359
63.9513
63.991
64.0014
64.0024
64.0187
64.0281
64.0485
64.1135
64.1449
64.1503
64.1656
64.1726
64.2073
64.25
64.2594
64.2818
64.2888
64.2917
64.3135
64.3388
64.3716
64.4073
64.4083
64.4266
64.456
64.4664
64.4783
64.4807
64.4847
64.4897
64.4907
64.5151
64.5274
64.5344
64.5354
64.5408
64.5701
64.5701
64.5721
64.5969
64.6059
64.6232
64.6332
64.6619
64.6843
64.7026
64.7294
64.7334
64.7671
64.8048
64.8054
64.8258
64.8669
64.8753
64.8822
64.9136
64.9503
64.9647
64.9786
64.9964
65.0
65.0074
65.0217
65.0678
65.0768
65.0868
65.0922
65.1269
65.1299
65.1736
65.1973
65.2227
65.2341
65.2554
65.3135
65.3315
65.3498
65.3522
65.3542
65.4213
65.4644
65.5428
65.5572
65.5681
65.5925
65.6426
65.6947
65.6986
65.7086
65.7334
65.7404
65.7894
65.8028
65.8262
65.8639
65.8749
65.8862
65.8892
65.9403
65.971
65.9974
66.0068
66.0187
66.0411
66.0704
66.0972
66.1473
66.1646
66.184
66.1856
66.188
66.2083
66.2123
66.2257
66.3328
66.3488
66.3969
66.4216
66.4266
66.457
66.5151
66.5428
66.5572
66.5638
66.5801
66.5855
66.5945
66.6059
66.6088
66.6466
66.6469
66.6486
66.6853
66.6927
66.6937
66.712
66.8038
66.8098
66.8411
66.8495
66.8733
66.9146
66.92
66.983
66.989
66.9914
67.0054
67.0074
67.0187
67.0471
67.0525
67.0778
67.1513
67.1686
67.1746
67.2287
67.2504
67.2694
67.2858
67.2868
67.3001
67.3279
67.455
67.4644
67.5274
67.5324
67.5542
67.5542
67.5741
67.6242
67.6252
67.6292
67.6733
67.717
67.7701
67.7865
67.7954
67.8475
67.9096
67.92
67.922
67.9249
67.9393
67.9453
67.981
68.0585
68.1572
68.1586
68.1953
68.2704
68.2724
68.2748
68.2907
68.2927
68.3051
68.3375
68.3458
68.3642
68.3889
68.3959
68.4206
68.4326
68.457
68.5141
68.5244
68.5468
68.5538
68.5875
68.5895
68.6469
68.6639
68.7384
68.7547
68.8222
68.8495
68.8723
68.8739
68.8792
68.914
68.918
68.9329
68.9717
69.0024
69.0267
69.0535
69.0595
69.2257
69.3662
69.3815
69.4236
69.447
69.451
69.5572
69.6108
69.6182
69.6416
69.6476
69.6519
69.6783
69.6883
69.721
69.7437
69.7811
69.8172
69.8228
69.8749
69.9126
69.9176
69.9393
69.9503
69.97
69.975
69.983
70.0217
70.0465
70.0485
70.0555
70.0704
70.0748
70.0778
70.1135
70.1289
70.1329
70.1429
70.1503
70.1543
70.2734
70.3458
70.3686
70.3706
70.3716
70.3736
70.3849
70.4396
70.4634
70.467
70.4907
70.4937
70.5181
70.5194
70.6302
70.6476
70.6509
70.6669
70.6996
70.722
70.7968
70.8739
70.8916
70.9249
70.9944
71.0034
71.0391
71.0575
71.0654
71.1042
71.1249
71.1696
71.2033
71.2287
71.2371
71.253
71.3085
71.3696
71.3949
71.4163
71.4263
71.459
71.5174
71.5418
71.5711
71.5865
71.6152
71.6302
71.6396
71.6763
71.6773
71.709
71.7344
71.7805
71.7944
71.8445
71.8565
71.9423
71.9557
72.0515
72.0708
72.245
72.245
72.2564
72.2788
72.3021
72.3031
72.3225
72.3468
72.3478
72.3508
72.3736
72.4704
72.4843
72.5181
72.5334
72.5338
72.5532
72.6262
72.6302
72.6316
72.6466
72.6599
72.7026
72.719
72.7314
72.7427
72.7811
72.7924
72.8118
72.8385
72.8385
72.8475
72.8729
72.8892
72.9309
72.9333
72.9369
72.9547
73.0068
73.0088
73.0595
73.0996
73.1105
73.1369
73.1606
73.246
73.2921
73.3522
73.3819
73.4256
73.4684
73.4763
73.5552
73.5889
73.5999
73.6386
73.6406
73.708
73.7364
73.7374
73.7657
73.7731
73.8014
73.8078
73.8132
73.9076
73.9096
73.977
74.0922
74.1006
74.1219
74.1329
74.1676
74.202
74.2113
74.2421
74.2738
74.2961
74.3195
74.3919
74.45
74.4907
74.4981
74.5051
74.5081
74.5101
74.5294
74.5304
74.6068
74.6072
74.6202
74.6256
74.6366
74.6643
74.6659
74.71
74.72
74.7771
74.7974
74.8248
74.8619
74.8872
74.9002
74.916
74.9577
74.98
74.9844
75.0078
75.0331
75.0738
75.1105
75.1219
75.2868
75.2901
75.3155
75.3939
75.4103
75.4123
75.4266
75.4713
75.6009
75.6376
75.6396
75.6733
75.7016
75.7284
75.7621
75.8335
75.8555
76.0221
76.0281
76.0615
76.0628
76.1543
76.2133
76.2371
76.249
76.3318
76.3378
76.3432
76.3492
76.4153
76.4356
76.4827
76.5001
76.5562
76.5671
76.5725
76.5979
76.6162
76.6192
76.6723
76.72
76.8068
76.8088
76.8188
76.8782
76.8842
76.9657
76.9894
77.0137
77.0818
77.1586
77.196
77.2043
77.2604
77.2684
77.2818
77.2981
77.3235
77.3552
77.3592
77.3939
77.5294
77.5969
77.6192
77.6436
77.6539
77.6933
77.7016
77.713
77.7224
77.7374
77.7631
77.7924
77.7964
77.8475
77.8649
77.9864
77.9994
78.0088
78.0117
78.0892
78.1016
78.1463
78.176
78.2049
78.246
78.3071
78.3259
78.3412
78.3592
78.3676
78.4153
78.4753
78.4917
78.4997
78.5041
78.5755
78.6316
78.6376
78.6446
78.7006
78.713
78.7194
78.7224
78.7417
78.7661
78.7954
78.8391
78.8411
78.8505
78.8763
78.8896
78.912
78.9373
78.9537
78.9577
78.9894
79.0738
79.1209
79.1299
79.1349
79.1349
79.1443
79.2157
79.2504
79.2674
79.2688
79.2724
79.3165
79.3249
79.3796
79.4043
79.4163
79.4246
79.4867
79.6392
79.7577
79.8188
79.8222
79.8832
80.0207
80.0892
80.1045
80.1169
80.1433
80.1696
80.18
80.2033
80.2327
80.2604
80.2858
80.3145
80.3622
80.44
80.447
80.5011
80.5081
80.5161
80.5608
80.713
80.723
80.7427
80.7517
80.7527
80.7661
80.8659
80.8679
80.8709
80.9136
80.9333
80.9403
81.1249
81.2311
81.3105
81.3666
81.3969
81.4743
81.4987
81.5021
81.5334
81.5334
81.5492
81.5685
81.6172
81.6426
81.697
81.72
81.7384
81.7964
81.8585
81.9066
81.9086
81.9487
81.994
82.0014
82.0415
82.0445
82.0565
82.0758
82.1042
82.1199
82.1503
82.1626
82.2961
82.3125
82.3358
82.4534
82.4827
82.5418
82.6009
82.6172
82.6282
82.6629
82.6923
82.704
82.709
82.7377
82.7954
82.8178
82.8252
82.918
83.0391
83.0718
83.0808
83.0842
83.0882
83.2287
83.25
83.2534
83.2618
83.2891
83.3011
83.3015
83.3939
83.3939
83.4083
83.453
83.6753
83.721
83.7467
83.9096
83.982
84.0421
84.183
84.184
84.2013
84.2534
84.3269
84.3422
84.3508
84.3656
84.3686
84.3779
84.3819
84.3829
84.443
84.4927
84.5428
84.5538
84.5631
84.5895
84.717
84.7447
84.7691
84.7998
84.8068
84.8208
84.8415
84.8862
84.984
85.0038
85.0058
85.0311
85.0638
85.0728
85.2137
85.2227
85.2261
85.2668
85.3075
85.3085
85.3402
85.4043
85.4664
85.5094
85.6142
85.6216
85.7274
85.7805
85.8068
85.8292
85.8455
85.8966
85.9269
85.9587
86.0311
86.0535
86.1319
86.1323
86.1453
86.2554
86.2871
86.3061
86.3372
86.4707
86.4917
86.5124
86.5404
86.5572
86.6242
86.6252
86.717
86.7357
86.7414
86.7994
86.8028
86.8132
86.8305
86.8836
86.9363
87.0147
87.0147
87.0495
87.0852
87.0892
87.1169
87.1373
87.2027
87.2608
87.2728
87.3845
87.6479
87.7477
87.7924
87.8128
87.9403
87.9487
87.9487
87.986
88.0251
88.0435
88.0541
88.0792
88.1359
88.1596
88.18
88.2067
88.2361
88.2698
88.2828
88.3468
88.3879
88.437
88.4847
88.5001
88.6252
88.6316
88.6356
88.6767
88.7006
88.7517
88.7537
88.7914
88.7958
88.8569
88.8579
88.9387
88.9587
88.9637
88.977
89.0882
89.0946
89.168
89.2261
89.2381
89.2414
89.2534
89.2941
89.3045
89.3472
89.3682
89.4023
89.4123
89.4147
89.445
89.5885
89.6306
89.707
89.711
89.7194
89.7681
89.921
89.9453
90.0008
90.0425
90.0704
90.173
90.177
90.247
90.2891
90.2985
90.3428
90.3692
90.4113
90.4366
90.5462
90.5582
90.5695
90.5725
90.5805
90.6072
90.6246
90.6713
90.6947
90.7417
90.7511
90.8242
90.8579
90.91
90.9333
90.967
91.0445
91.0495
91.0698
91.1075
91.1353
91.1552
91.192
91.2261
91.2281
91.2454
91.3195
91.3686
91.4847
91.5124
91.5244
91.5304
91.5324
91.5538
91.6072
91.7938
91.7948
91.979
92.0171
92.0281
92.0371
92.1215
92.1413
92.2077
92.3582
92.3859
92.3903
92.3909
92.4163
92.4664
92.4674
92.5755
92.5819
92.6316
92.6653
92.6757
92.7467
92.7531
92.7547
92.8906
92.8986
92.9407
93.0291
93.0375
93.0451
93.0678
93.1389
93.3215
93.3448
93.4216
93.4286
93.5224
93.5979
93.709
93.7377
93.7731
93.7785
93.7958
93.8332
93.8415
93.9223
93.9233
93.9553
93.9587
93.9591
93.98
94.1953
94.2003
94.3512
94.4053
94.4177
94.45
94.4664
94.4757
94.4837
94.5448
94.5875
94.6098
94.6206
94.6499
94.6499
94.6509
94.6629
94.7701
94.8132
94.8866
94.8896
94.9299
94.9397
95.0598
95.249
95.2494
95.3428
95.6082
95.6216
95.646
95.6957
95.7304
95.7671
95.7978
95.8643
95.9293
95.979
95.983
96.0588
96.0625
96.1313
96.1543
96.2574
96.2732
96.2762
96.3536
96.3572
96.4286
96.4694
96.5055
96.5164
96.5344
96.5448
96.5478
96.5795
96.6683
96.6976
96.7725
96.8499
96.8966
96.906
96.9571
97.0872
97.168
97.182
97.1993
97.2598
97.3099
97.3372
97.3919
97.4083
97.432
97.4783
97.5759
97.6132
97.6336
97.728
97.7374
97.8072
97.8302
97.8335
97.8609
97.9417
97.9944
98.0038
98.0177
98.1055
98.1109
98.2007
98.2077
98.2321
98.2421
98.2464
98.2808
98.3825
98.3879
98.5328
98.5472
98.5651
98.6192
98.6703
98.7507
98.7998
98.8763
98.912
98.9313
99.0201
99.0972
99.2251
99.426
99.4624
99.5582
99.6052
99.7461
99.7665
99.8703
99.8896
99.91
99.9958
100.0111
100.0345
100.0455
100.0856
100.2404
100.244
100.4117
100.4127
100.447
100.4713
100.4861
100.6803
100.6917
100.7701
100.9631
101.1746
101.2658
101.3506
101.3666
101.3676
101.5835
101.6539
101.8222
101.8449
101.8549
101.8763
101.8846
101.9527
101.9754
101.9928
102.0588
102.1219
102.1319
102.2197
102.2504
102.2694
102.3502
102.3786
102.4704
102.5368
102.5765
102.5929
102.7591
102.7625
102.8048
102.8663
102.9507
103.0658
103.1299
103.159
103.1676
103.2524
103.3302
103.3308
103.3979
103.5318
103.5324
103.5482
103.5631
103.646
103.7006
103.7066
103.7651
103.7681
103.8693
103.9591
103.9677
103.9864
104.2658
104.2674
104.3418
104.3943
104.5204
104.5558
104.5725
104.5993
104.7334
104.7828
104.7858
104.7918
104.8669
104.9547
105.0091
105.0211
105.0832
105.162
105.178
105.4694
105.4771
105.5388
105.7755
105.8822
105.9513
105.9854
105.9978
106.1269
106.1987
106.45
106.4687
106.4801
106.5184
106.5442
106.6276
106.7457
106.7464
106.7761
106.8533
106.904
106.9317
107.0415
107.0485
107.1189
107.2191
107.3729
107.4019
107.5625
107.6773
107.702
107.708
107.709
107.7298
107.9076
107.9557
108.0986
108.1099
108.2033
108.2123
108.2287
108.3476
108.3516
108.3929
108.4023
108.4624
108.4941
108.6513
108.6713
108.6737
108.8489
108.892
109.1283
109.181
109.182
109.2123
109.2351
109.4087
109.439
109.4821
109.5472
109.5588
109.6192
109.6216
109.6386
109.6563
109.7364
109.8246
109.969
110.1115
110.2127
110.2421
110.2504
110.3242
110.3402
110.3506
110.5368
110.5695
110.6883
110.7308
110.8282
110.8683
110.9163
110.9577
110.9601
111.0331
111.0419
111.0682
111.0692
111.0698
111.1075
111.1423
111.165
111.2588
111.2628
111.2644
111.3476
111.3676
111.6192
111.6436
111.687
111.9393
112.0548
112.1506
112.1626
112.175
112.2344
112.2604
112.3239
112.3372
112.4226
112.4877
113.0989
113.3903
113.4841
113.4945
113.5075
113.5909
113.628
113.701
113.7894
113.8583
113.8936
113.908
113.9814
114.0257
114.0265
114.0395
114.0598
114.1006
114.1279
114.1476
114.2201
114.3095
114.3933
114.3939
114.4354
114.4747
114.5715
114.646
114.7511
114.8743
114.8792
114.9183
114.9327
115.0355
115.1153
115.1416
115.2057
115.3482
115.4524
115.6513
115.7601
115.8192
115.8459
115.8916
115.9363
116.0465
116.0545
116.0816
116.1363
116.2241
116.2478
116.2508
116.36
116.4554
116.4574
116.4807
116.6136
116.6653
116.6851
116.703
117.1179
117.1233
117.2261
117.3716
117.3903
117.5382
117.7397
118.0585
118.2207
118.3139
118.3889
118.4544
118.4955
118.5224
118.5949
118.6096
118.6503
118.6753
118.7615
118.7635
118.7788
118.8122
118.8136
119.163
119.3109
119.4921
119.5442
119.9517
119.9784
120.0068
120.0231
120.2201
120.2305
120.3279
120.3726
120.4827
120.4891
120.4941
120.5472
120.6563
120.7401
120.7621
120.8355
120.8656
120.9794
121.0101
121.0722
121.3005
121.5522
121.9387
121.9631
122.0439
122.177
122.5731
122.9764
123.0762
123.1139
123.3129
123.4127
123.5348
123.9547
124.2845
124.3159
124.3298
124.436
124.436
124.7471
124.8305
124.8409
125.2305
125.2594
125.2758
125.367
125.5348
125.5689
125.8525
126.0662
126.2191
126.3582
126.4216
126.5452
126.5669
126.7741
126.7775
127.0117
127.0449
127.2137
127.4414
127.5532
127.7671
127.8379
127.8409
127.9173
128.1556
128.167
128.3993
128.4801
128.5168
128.5775
128.6116
128.8126
128.8499
128.9407
129.1987
129.3119
129.4013
129.4227
129.429
129.4941
129.5368
129.5372
129.5679
129.647
129.6657
129.7725
129.9203
130.0598
130.1193
130.2618
130.8996
131.2782
131.5264
131.7749
131.7878
131.9928
132.1427
132.3586
132.415
132.5025
132.6423
132.7148
132.7749
132.7798
133.0245
133.0482
133.1035
133.1496
133.3262
133.4751
133.4921
133.6092
133.6617
133.7669
133.8215
133.8746
133.9133
134.0315
134.412
134.6423
134.9124
135.1063
135.5641
136.0108
136.0782
136.2137
136.3422
136.3839
136.4236
136.8766
136.9734
137.0706
137.2241
137.4961
137.6096
138.0315
138.1784
138.2087
138.2261
138.2524
138.2915
138.366
138.4691
138.6042
138.6503
138.8152
139.0459
139.1019
139.2554
139.3075
139.5709
140.2845
140.3362
140.8876
141.0499
141.1714
141.3476
141.3799
141.5342
141.6076
141.6563
141.6801
141.7108
141.8623
142.0449
142.0628
142.3909
142.5168
142.5799
143.3983
143.5739
143.5903
143.7838
143.9894
144.2391
144.3426
144.5759
144.6569
144.6697
144.7328
144.907
145.2742
145.2815
145.4276
145.5416
145.8934
145.9808
146.0548
146.6721
146.6801
146.8222
146.9914
147.0078
147.0916
147.5669
147.7341
147.7649
147.898
148.0499
148.2524
148.3095
148.705
149.0319
149.0405
149.1267
149.3893
149.6974
149.9567
150.2518
150.4324
150.6717
150.8926
151.1139
151.3372
152.3546
152.3981
152.5555
152.6603
152.7341
152.9637
153.1887
153.2097
153.3709
153.7158
153.7194
153.7571
153.7952
154.3673
154.4775
154.8623
155.694
155.7848
155.908
156.1634
156.1718
156.2414
156.3232
156.3973
156.4577
156.9034
157.176
157.8723
158.0926
158.6056
158.6827
158.7291
158.9541
159.5198
159.6092
159.7649
159.8018
160.2097
160.2141
160.2442
160.4825
160.5695
160.8172
161.1476
161.1917
161.2291
161.4117
161.5352
161.697
162.0409
162.411
162.4761
162.4865
163.2354
164.0329
164.3249
164.7411
165.148
165.2328
166.0055
166.2845
166.4156
166.8309
167.0002
167.9788
168.3282
168.3326
169.134
170.4408
171.0568
171.2418
171.3504
171.5545
171.7134
171.7589
171.8587
172.0175
172.2057
172.636
172.8964
173.0303
173.6697
173.7168
174.3053
174.3739
174.8984
175.0756
175.3867
175.4264
175.4845
176.1967
176.7643
176.8706
177.0109
177.1293
177.2578
177.7836
178.1887
178.6861
178.7742
179.9868
180.4328
181.0245
182.0658
182.2795
182.8189
183.0215
183.158
183.3891
184.0646
184.8283
185.7689
186.4577
186.4841
186.5952
187.4324
187.5549
187.6483
187.7341
187.8583
187.9435
188.3657
189.0345
189.8676
191.0479
191.2572
191.5903
192.3683
192.7575
192.8343
193.3192
193.3737
193.7996
194.2959
198.5972
198.7348
198.808
199.0764
199.616
199.7535
199.7749
199.8166
200.4154
200.6587
200.8948
201.2502
202.5489
202.8323
203.6697
203.7212
204.4531
204.8283
205.8203
207.2729
207.3573
207.6771
207.9511
208.4988
208.8056
209.1764
211.069
211.3843
213.4845
214.1291
214.2929
215.0714
215.7012
215.8006
216.1161
217.7385
218.2799
218.6367
218.9498
219.2987
219.4528
220.8487
222.149
222.5096
222.8497
222.9441
224.3741
224.6535
225.3507
225.4919
225.8991
227.8401
228.9738
231.8954
233.9972
238.0538
243.0059
247.5533
247.5836
248.2185
250.9878
254.3524
257.4366
258.6599
260.3003
263.2232
264.2162
267.1705
268.355
269.0183
270.7255
277.2747
290.5481
294.0941
296.5601
296.8377
296.8458
296.9987
297.8682
298.242
301.1043
301.6609
302.9917
304.3679
305.5377
310.1348
312.2837
327.3118
334.3088
338.9376
340.676
340.8574
343.8431
344.2477
350.3739
351.2761
354.1533
358.2888
366.5359
388.2843
388.9247
392.6974
396.1583
414.8683
439.5575
452.7494
462.67
491.2581
