3.0
3.0
3.0
3.0
3.0
3.0
3.0
3.0
3.0
3.0
3.0
3.0
3.0
3.0
3.0
3.0
3.0
3.0
3.0
3.0
3.0
3.0
3.0
3.0
3.0
3.0
3.0
3.0
3.0
3.0
3.0
3.0
3.0
3.0
3.0
3.0
3.0
3.0
3.0
3.0
3.0
3.0
3.0
3.0
3.0
3.0
3.0
3.0
3.0
3.0
3.0
3.0
3.0
3.0
3.0
3.0
3.0
3.0
3.0
3.0
3.0
3.0
3.0
3.0
3.0
3.0
3.0
3.0
3.0
3.0
3.0
3.0
3.0
3.0
3.0
3.0
3.0
3.0
3.0
3.0
3.0
3.0
3.0
3.0
3.0
3.0
3.0
3.0
3.0
3.0
3.0
3.0
3.0
3.0
3.0
3.0
3.0
3.0
3.0
3.0
3.0
3.0
3.0
3.0
3.0
3.0
3.0
3.0
3.0
3.0
3.0
3.0
3.0
3.0
3.0
3.0
3.0
3.0
3.0
3.0
3.0
3.0
3.0
3.0
3.0
3.0
3.0
3.0
3.0
3.0
3.0
3.0
3.0
3.0
3.0
3.0
3.0
3.0
3.0
3.0
3.0
3.0
3.0
3.0
3.0
3.0
3.0
3.0
3.0
3.0
3.0
3.0
3.0
3.0
3.0
3.0
3.0
3.0
3.0
3.0
3.0
3.0
3.0
3.0
3.0
3.0
3.0
3.0
3.0
3.0
3.0
3.0
3.0
3.0
3.0
3.0
3.0
3.0
3.0
3.0
3.0
3.0
3.0
3.0
3.0
3.0
3.0
3.0
3.0
3.0
3.0
3.0
3.0
3.0
3.0
3.0
3.0
3.0
3.0
3.0
3.0
3.0
3.0
3.0
3.0
3.0
3.0
3.0
3.0
3.0
3.0
3.0
3.0
3.0
3.0
3.0
3.0
3.0
3.0
3.0
3.0
3.0
3.0
3.0
3.0
3.0
3.0
3.0
3.0
3.0
3.0
3.0
3.0
3.0
3.0
3.0
3.0
3.0
3.0
3.0
3.0
3.0
3.0
3.0
3.0
3.0
3.0
3.0
3.0
3.0
3.0
3.0
3.0
3.0
3.0
3.0
3.0
3.0
3.0
3.0
3.0
3.0
4.0
4.0
4.0
4.0
4.0
4.0
4.0
4.0
4.0
4.0
4.0
4.0
4.0
4.0
4.0
4.0
4.0
4.0
4.0
4.0
4.0
4.0
4.0
4.0
4.0
4.0
4.0
4.0
4.0
4.0
4.0
4.0
4.0
4.0
4.0
4.0
4.0
4.0
4.0
4.0
4.0
4.0
4.0
4.0
4.0
4.0
4.0
4.0
4.0
4.0
4.0
4.0
4.0
4.0
4.0
4.0
4.0
4.0
4.0
4.0
4.0
4.0
4.0
4.0
4.0
4.0
4.0
4.0
4.0
4.0
4.0
4.0
4.0
4.0
4.0
4.0
4.0
4.0
4.0
4.0
4.0
4.0
4.0
4.0
4.0
4.0
4.0
4.0
4.0
4.0
4.0
4.0
4.0
4.0
4.0
4.0
4.0
4.0
4.0
4.0
4.0
4.0
4.0
4.0
4.0
4.0
4.0
4.0
4.0
4.0
4.0
4.0
4.0
4.0
4.0
4.0
4.0
4.0
4.0
4.0
4.0
4.0
4.0
4.0
4.0
4.0
4.0
4.0
4.0
4.0
4.0
4.0
4.0
4.0
4.0
4.0
4.0
4.0
4.0
4.0
4.0
4.0
4.0
4.0
4.0
4.0
4.0
4.0
4.0
4.0
4.0
4.0
4.0
4.0
4.0
4.0
4.0
4.0
4.0
4.0
4.0
4.0
4.0
4.0
4.0
4.0
4.0
4.0
4.0
4.0
4.0
4.0
4.0
4.0
4.0
4.0
4.0
4.0
4.0
4.0
4.0
4.0
4.0
4.0
4.0
4.0
4.0
4.0
4.0
4.0
4.0
4.0
4.0
4.0
4.0
4.0
4.0
4.0
4.0
4.0
4.0
4.0
4.0
4.0
4.0
4.0
4.0
4.0
4.0
4.0
4.0
4.0
4.0
4.0
4.0
4.0
4.0
4.0
4.0
4.0
4.0
4.0
4.0
4.0
4.0
4.0
4.0
4.0
4.0
4.0
4.3752
5.0
5.0
5.0
5.0
5.0
5.0
5.0
5.0
5.0
5.0
5.0
5.0
5.0
5.0
5.0
5.0
5.0
5.0
5.0
5.0
5.0
5.0
5.0
5.0
5.0
5.0
5.0
5.0
5.0
5.0
5.0
5.0
5.0
5.0
5.0
5.0
5.0
5.0
5.0
5.0
5.0
5.0
5.0
5.0
5.0
5.0
5.0
5.0
5.0
5.0
5.0
5.0
5.0
5.0
5.0
5.0
5.0
5.0
5.0
5.0
5.0
5.0
5.0
5.0
5.0
5.0
5.0
5.0
5.0
5.0
5.0
5.0
5.0
5.0
5.0
5.0
5.0
5.0
5.0
5.0
5.0
5.0
5.0
5.0
5.0
5.0
5.0
5.0
5.0
5.0
5.0
5.0
5.0
5.0
5.0
5.0
5.0
5.0
5.0
5.0
5.0
5.0
5.0
5.0
5.0
5.0
5.0
5.0
5.0
5.0
5.0
5.0
5.0
5.0
5.0
5.0
5.0
5.0
5.0
5.0
5.0
5.0
5.0
5.0
5.0
5.0
5.0
5.0
5.0
5.0
5.0
5.0
5.0
5.0
5.0
5.0
5.0
5.0
5.0
5.0
5.0
5.0
5.0
5.0
5.0
5.0
5.0
5.0
5.0
5.0
5.0
5.0
5.0
5.0
5.0
5.0
5.0
5.0
5.0
5.0
5.0
5.0
5.0
5.0
5.0
5.0
5.0
5.0
5.0
5.0
5.0
5.0
5.0
5.0
5.0
5.0
5.0
5.0
5.0
5.0
5.0
5.0
5.0
5.0
5.0
5.4883
5.5638
5.733
5.7524
6.0
6.0
6.0
6.0
6.0
6.0
6.0
6.0
6.0
6.0
6.0
6.0
6.0
6.0
6.0
6.0
6.0
6.0
6.0
6.0
6.0
6.0
6.0
6.0
6.0
6.0
6.0
6.0
6.0
6.0
6.0
6.0
6.0
6.0
6.0
6.0
6.0
6.0
6.0
6.0
6.0
6.0
6.0
6.0
6.0
6.0
6.0
6.0
6.0
6.0
6.0
6.0
6.0
6.0
6.0
6.0
6.0
6.0
6.0
6.0
6.0
6.0
6.0
6.0
6.0
6.0
6.0
6.0
6.0
6.0
6.0
6.0
6.0
6.0
6.0
6.0
6.0
6.0
6.0
6.0
6.0
6.0
6.0
6.0
6.0
6.0
6.0
6.0
6.0
6.0
6.0
6.0
6.0
6.0
6.0
6.0
6.0
6.0
6.0
6.0
6.0
6.0
6.0
6.0
6.0
6.0
6.0
6.0
6.0
6.0
6.0
6.0
6.0
6.0
6.0
6.0
6.0
6.0
6.0
6.0
6.0
6.0
6.0
6.0
6.0
6.0
6.0
6.0
6.0
6.0
6.0
6.0
6.0
6.0
6.0
6.0
6.0
6.0
6.0
6.0
6.0
6.0
6.0
6.0
6.0
6.0
6.0
6.0
6.0
6.0
6.0
6.0
6.0
6.0
6.0
6.0
6.0
6.0
6.0
6.0
6.0
6.0
6.0
6.0
6.0
6.0
6.0
6.0
6.0
6.0
6.0
6.0
6.0
6.0
6.0
6.0541
6.1102
6.1295
6.3375
6.4129
6.5821
6.6769
7.0
7.0
7.0
7.0
7.0
7.0
7.0
7.0
7.0
7.0
7.0
7.0
7.0
7.0
7.0
7.0
7.0
7.0
7.0
7.0
7.0
7.0
7.0
7.0
7.0
7.0
7.0
7.0
7.0
7.0
7.0
7.0
7.0
7.0
7.0
7.0
7.0
7.0
7.0
7.0
7.0
7.0
7.0
7.0
7.0
7.0
7.0
7.0
7.0
7.0
7.0
7.0
7.0
7.0
7.0
7.0
7.0
7.0
7.0
7.0
7.0
7.0
7.0
7.0
7.0
7.0
7.0
7.0
7.0
7.0
7.0
7.0
7.0
7.0
7.0
7.0
7.0
7.0
7.0
7.0
7.0
7.0
7.0
7.0
7.0
7.0
7.0
7.0
7.0
7.0
7.0
7.0
7.0
7.0
7.0
7.0
7.0
7.0
7.0
7.0
7.0
7.0
7.0
7.0
7.0
7.0
7.0
7.0
7.0
7.0
7.0
7.0
7.0
7.0
7.0
7.0
7.0
7.0
7.0
7.0
7.0
7.0
7.0
7.0
7.0
7.0
7.0
7.0
7.0
7.0
7.0
7.0
7.0
7.0
7.0
7.0
7.0
7.0
7.0
7.0
7.0
7.0
7.0
7.0
7.0
7.0
7.0
7.0
7.0
7.0
7.0
7.0
7.0
7.0
7.0
7.0
7.0
7.0
7.0
7.0
7.0
7.0
7.0
7.0
7.0
7.0
7.0
7.0
7.0
7.0
7.0
7.2427
7.2427
7.2804
7.2998
7.2998
7.4129
7.5261
7.8462
7.9593
8.0
8.0
8.0
8.0
8.0
8.0
8.0
8.0
8.0
8.0
8.0
8.0
8.0
8.0
8.0
8.0
8.0
8.0
8.0
8.0
8.0
8.0
8.0
8.0
8.0
8.0
8.0
8.0
8.0
8.0
8.0
8.0
8.0
8.0
8.0
8.0
8.0
8.0
8.0
8.0
8.0
8.0
8.0
8.0
8.0
8.0
8.0
8.0
8.0
8.0
8.0
8.0
8.0
8.0
8.0
8.0
8.0
8.0
8.0
8.0
8.0
8.0
8.0
8.0
8.0
8.0
8.0
8.0
8.0
8.0
8.0
8.0
8.0
8.0
8.0
8.0
8.0
8.0
8.0
8.0
8.0
8.0
8.0
8.0
8.0
8.0
8.0
8.0
8.0
8.0
8.0
8.0
8.0
8.0
8.0
8.0
8.0
8.0
8.0
8.0
8.0
8.0
8.0
8.0
8.0
8.0
8.0
8.0
8.0
8.0
8.0
8.0
8.0
8.0
8.0
8.0
8.0
8.0
8.0
8.0
8.0
8.0
8.0
8.0
8.0
8.0
8.0
8.0
8.0
8.0
8.0
8.0
8.0
8.0
8.0
8.0
8.0
8.0
8.0
8.0
8.0
8.0
8.0
8.0
8.0
8.0
8.0
8.0
8.0
8.0
8.0
8.0
8.0
8.0
8.0
8.0
8.0
8.0
8.0
8.0
8.0
8.0
8.0
8.0
8.0
8.0
8.0
8.0
8.0
8.0
8.0
8.0
8.0918
8.2998
8.3742
8.3752
8.4129
8.4506
8.4874
8.4883
8.5444
8.5444
8.5638
8.5821
8.6015
8.6199
8.6382
8.6566
8.6576
8.6759
8.6943
8.7137
8.9216
8.94
9.0
9.0
9.0
9.0
9.0
9.0
9.0
9.0
9.0
9.0
9.0
9.0
9.0
9.0
9.0
9.0
9.0
9.0
9.0
9.0
9.0
9.0
9.0
9.0
9.0
9.0
9.0
9.0
9.0
9.0
9.0
9.0
9.0
9.0
9.0
9.0
9.0
9.0
9.0
9.0
9.0
9.0
9.0
9.0
9.0
9.0
9.0
9.0
9.0
9.0
9.0
9.0
9.0
9.0
9.0
9.0
9.0
9.0
9.0
9.0
9.0
9.0
9.0
9.0
9.0
9.0
9.0
9.0
9.0
9.0
9.0
9.0
9.0
9.0
9.0
9.0
9.0
9.0
9.0
9.0
9.0
9.0
9.0
9.0
9.0
9.0
9.0
9.0
9.0
9.0
9.0
9.0
9.0
9.0
9.0
9.0
9.0
9.0
9.0
9.0
9.0
9.0
9.0
9.0
9.0
9.0
9.0
9.0
9.0
9.0
9.0
9.0
9.0
9.0
9.0
9.0
9.0
9.0
9.0
9.0
9.0
9.0
9.0
9.0
9.0
9.0
9.0
9.0
9.0
9.0
9.0
9.0
9.0
9.0
9.0541
9.0715
9.2233
9.2998
9.4313
9.4506
9.469
9.4883
9.5067
9.5261
9.5638
9.675
9.6759
9.6769
9.6953
9.6953
9.733
9.7901
9.8462
9.9573
9.9787
10.0
10.0
10.0
10.0
10.0
10.0
10.0
10.0
10.0
10.0
10.0
10.0
10.0
10.0
10.0
10.0
10.0
10.0
10.0
10.0
10.0
10.0
10.0
10.0
10.0
10.0
10.0
10.0
10.0
10.0
10.0
10.0
10.0
10.0
10.0
10.0
10.0
10.0
10.0
10.0
10.0
10.0
10.0
10.0
10.0
10.0
10.0
10.0
10.0
10.0
10.0
10.0
10.0
10.0
10.0
10.0
10.0
10.0
10.0
10.0
10.0
10.0
10.0
10.0
10.0
10.0
10.0
10.0
10.0
10.0
10.0
10.0
10.0
10.0
10.0
10.0
10.0
10.0
10.0
10.0
10.0
10.0
10.0
10.0
10.0
10.0
10.0
10.0
10.0
10.0
10.0
10.0
10.0
10.0
10.0
10.0
10.0
10.0
10.0
10.0
10.0
10.0
10.0
10.0
10.0
10.0
10.0
10.0
10.0
10.0
10.0
10.0
10.0
10.0
10.0
10.0
10.0
10.0
10.0
10.0
10.0
10.0
10.0
10.0
10.0
10.0
10.0
10.0
10.0
10.0
10.0
10.0
10.0
10.0
10.0
10.0
10.0
10.0
10.0338
10.0348
10.0348
10.1295
10.2214
10.2784
10.2794
10.2998
10.4129
10.4874
10.5241
10.5638
10.6199
10.6769
10.6769
10.7127
10.8655
10.9196
10.9787
11.0
11.0
11.0
11.0
11.0
11.0
11.0
11.0
11.0
11.0
11.0
11.0
11.0
11.0
11.0
11.0
11.0
11.0
11.0
11.0
11.0
11.0
11.0
11.0
11.0
11.0
11.0
11.0
11.0
11.0
11.0
11.0
11.0
11.0
11.0
11.0
11.0
11.0
11.0
11.0
11.0
11.0
11.0
11.0
11.0
11.0
11.0
11.0
11.0
11.0
11.0
11.0
11.0
11.0
11.0
11.0
11.0
11.0
11.0
11.0
11.0
11.0
11.0
11.0
11.0
11.0
11.0
11.0
11.0
11.0
11.0
11.0
11.0
11.0
11.0
11.0
11.0
11.0
11.0
11.0
11.0
11.0
11.0
11.0
11.0
11.0
11.0
11.0
11.0
11.0
11.0348
11.0541
11.1673
11.1856
11.205
11.3345
11.3722
11.3752
11.4129
11.4129
11.4506
11.5231
11.5251
11.5444
11.5628
11.5812
11.6392
11.6392
11.6943
11.7514
11.7891
11.7901
11.8268
11.8462
11.8462
11.8655
12.0
12.0
12.0
12.0
12.0
12.0
12.0
12.0
12.0
12.0
12.0
12.0
12.0
12.0
12.0
12.0
12.0
12.0
12.0
12.0
12.0
12.0
12.0
12.0
12.0
12.0
12.0
12.0
12.0
12.0
12.0
12.0
12.0
12.0
12.0
12.0
12.0
12.0
12.0
12.0
12.0
12.0
12.0
12.0
12.0
12.0
12.0
12.0
12.0
12.0
12.0
12.0
12.0
12.0
12.0
12.0
12.0
12.0
12.0
12.0
12.0
12.0
12.0
12.0
12.0
12.0
12.0
12.0
12.0
12.0
12.0
12.0
12.0
12.0
12.0
12.0
12.0
12.0
12.0
12.0
12.0
12.0
12.0
12.0
12.0
12.0
12.0
12.0
12.0
12.0
12.0
12.0
12.0
12.0
12.0
12.0
12.0
12.0164
12.0348
12.0898
12.0918
12.2998
12.3558
12.3936
12.4119
12.4129
12.4496
12.4506
12.5638
12.5638
12.5821
12.6005
12.6179
12.6392
12.6943
12.7901
12.9216
12.9767
13.0
13.0
13.0
13.0
13.0
13.0
13.0
13.0
13.0
13.0
13.0
13.0
13.0
13.0
13.0
13.0
13.0
13.0
13.0
13.0
13.0
13.0
13.0
13.0
13.0
13.0
13.0
13.0
13.0
13.0
13.0
13.0
13.0
13.0
13.0
13.0
13.0
13.0
13.0
13.0
13.0
13.0
13.0
13.0
13.0
13.0
13.0
13.0
13.0
13.0
13.0
13.0
13.0
13.0
13.0
13.0
13.0
13.0
13.0
13.0
13.0
13.0
13.0
13.0
13.0
13.0
13.0
13.0
13.0348
13.0541
13.0918
13.1102
13.205
13.2204
13.2214
13.2804
13.2998
13.2998
13.2998
13.3752
13.3752
13.3936
13.4883
13.5444
13.5821
13.6199
13.6382
13.6392
13.6576
13.7147
13.733
13.8268
13.9032
13.941
14.0
14.0
14.0
14.0
14.0
14.0
14.0
14.0
14.0
14.0
14.0
14.0
14.0
14.0
14.0
14.0
14.0
14.0
14.0
14.0
14.0
14.0
14.0
14.0
14.0
14.0
14.0
14.0
14.0
14.0
14.0
14.0
14.0
14.0
14.0
14.0
14.0
14.0
14.0
14.0
14.0
14.0
14.0
14.0
14.0
14.0
14.0
14.0
14.0
14.0
14.0
14.0
14.0
14.0
14.0
14.0
14.0
14.0
14.0
14.0
14.0
14.0
14.0
14.0
14.0124
14.0164
14.0348
14.1092
14.1295
14.203
14.2988
14.2998
14.3171
14.3375
14.3558
14.4109
14.4129
14.4313
14.4467
14.4506
14.4506
14.466
14.5638
14.5638
14.6392
14.6769
14.731
14.733
14.7688
14.8248
14.8258
14.8655
14.941
14.9787
14.9787
15.0
15.0
15.0
15.0
15.0
15.0
15.0
15.0
15.0
15.0
15.0
15.0
15.0
15.0
15.0
15.0
15.0
15.0
15.0
15.0
15.0
15.0
15.0
15.0
15.0
15.0
15.0
15.0
15.0
15.0
15.0
15.0
15.0
15.0
15.0
15.0
15.0
15.0
15.0
15.0
15.0
15.0
15.0
15.0
15.0
15.0
15.0
15.0
15.0
15.0
15.0
15.0
15.0
15.0
15.0
15.0
15.0
15.0
15.0
15.0
15.0154
15.0164
15.0705
15.0918
15.1276
15.2968
15.4129
15.4303
15.4496
15.466
15.4844
15.4854
15.4874
15.5261
15.5802
15.5966
15.6015
15.6363
15.6363
15.6392
15.6392
15.6392
15.6953
15.7097
15.7127
15.731
15.7494
15.7707
15.7901
15.8229
15.8278
15.8645
15.8655
15.9032
15.997
16.0
16.0
16.0
16.0
16.0
16.0
16.0
16.0
16.0
16.0
16.0
16.0
16.0
16.0
16.0
16.0
16.0
16.0
16.0
16.0
16.0
16.0
16.0
16.0
16.0
16.0
16.0
16.0
16.0
16.0
16.0
16.0
16.0
16.0
16.0
16.0
16.0
16.0
16.0
16.0
16.0
16.0
16.0
16.0
16.0
16.0
16.0
16.0
16.0144
16.0541
16.0918
16.2214
16.2804
16.3703
16.3752
16.4129
16.4129
16.4129
16.4313
16.4313
16.4506
16.466
16.4854
16.5251
16.5444
16.6353
16.6392
16.674
16.6769
16.6769
16.6953
16.7137
16.7147
16.8839
16.9003
16.9003
16.938
16.9593
16.9787
17.0
17.0
17.0
17.0
17.0
17.0
17.0
17.0
17.0
17.0
17.0
17.0
17.0
17.0
17.0
17.0
17.0
17.0
17.0
17.0
17.0
17.0
17.0
17.0
17.0
17.0
17.0
17.0
17.0
17.0
17.0
17.0
17.0
17.0
17.0
17.0
17.0
17.0
17.0
17.0
17.0
17.0
17.0
17.0
17.0
17.0
17.0
17.0541
17.1102
17.1286
17.2998
17.3162
17.3365
17.3375
17.3752
17.41
17.4313
17.4506
17.4874
17.4883
17.5037
17.5261
17.5261
17.5608
17.5821
17.6015
17.6189
17.6556
17.6759
17.6953
17.7524
17.8045
17.8278
17.9544
17.9583
17.9747
18.0
18.0
18.0
18.0
18.0
18.0
18.0
18.0
18.0
18.0
18.0
18.0
18.0
18.0
18.0
18.0
18.0
18.0
18.0
18.0
18.0
18.0
18.0
18.0
18.0
18.0
18.0
18.0
18.0
18.0
18.0
18.0
18.0541
18.1459
18.1673
18.2427
18.2571
18.2784
18.2804
18.2938
18.3162
18.4263
18.4506
18.467
18.4883
18.5231
18.5251
18.5628
18.5638
18.5821
18.6015
18.6372
18.6382
18.7147
18.7147
18.7147
18.7147
18.733
18.7861
18.7871
18.7901
18.8065
18.8085
18.8616
18.8645
18.8973
18.9787
19.0
19.0
19.0
19.0
19.0
19.0
19.0
19.0
19.0
19.0
19.0
19.0
19.0
19.0
19.0
19.0
19.0
19.0
19.0
19.0
19.0
19.0
19.0
19.0
19.0
19.0
19.0
19.0
19.0
19.0
19.0
19.0
19.0
19.0541
19.0889
19.0908
19.0918
19.1072
19.1836
19.205
19.2233
19.2417
19.2427
19.2427
19.2804
19.2998
19.3181
19.3181
19.3181
19.3375
19.3558
19.3742
19.3752
19.3752
19.3936
19.4477
19.4506
19.4883
19.5261
19.5261
19.5638
19.5802
19.6005
19.6517
19.6904
19.6953
19.7117
19.7514
19.7678
19.7707
19.7881
19.7891
19.8045
19.8248
19.8402
19.8412
19.8462
19.8839
19.9032
19.9216
19.939
19.9747
20.0
20.0
20.0
20.0
20.0
20.0
20.0
20.0
20.0
20.0
20.0
20.0
20.0
20.0
20.0
20.0
20.0
20.0
20.0
20.0
20.0164
20.0511
20.0918
20.1459
20.1807
20.203
20.2407
20.2998
20.3181
20.3365
20.3742
20.3742
20.4119
20.4129
20.4129
20.4283
20.5057
20.5415
20.5638
20.5821
20.5946
20.6576
20.6759
20.6769
20.7097
20.7524
20.9032
20.9157
21.0
21.0
21.0
21.0
21.0
21.0
21.0
21.0
21.0
21.0
21.0
21.0
21.0
21.0
21.0
21.0
21.0
21.0
21.0
21.0
21.0
21.0
21.0
21.0
21.0
21.0
21.0
21.0
21.0154
21.0348
21.0541
21.0685
21.0725
21.2
21.2958
21.2988
21.4129
21.4487
21.4496
21.4506
21.4834
21.4854
21.5201
21.5261
21.5762
21.6189
21.6199
21.6382
21.6392
21.6556
21.6576
21.672
21.674
21.674
21.6769
21.6874
21.7117
21.7658
21.7871
21.8248
21.8258
21.8278
21.8432
21.878
21.9032
22.0
22.0
22.0
22.0
22.0
22.0
22.0
22.0
22.0
22.0
22.0
22.0
22.0
22.0
22.0
22.0
22.0
22.0
22.0
22.0
22.0
22.0
22.0
22.0
22.0
22.0
22.0
22.0
22.0
22.0
22.0
22.0
22.0
22.0
22.0
22.0
22.0
22.0
22.0
22.0
22.0531
22.0898
22.0918
22.1033
22.1295
22.1459
22.1673
22.1817
22.205
22.2611
22.2725
22.3181
22.3355
22.3375
22.3499
22.4129
22.4273
22.5057
22.5444
22.6015
22.6392
22.674
22.6884
22.7474
22.7504
22.7524
22.8219
22.8655
22.8829
22.9013
22.9032
22.939
22.9951
23.0
23.0
23.0
23.0
23.0
23.0
23.0
23.0
23.0
23.0
23.0
23.0
23.0
23.0
23.0
23.0
23.0
23.0
23.0
23.0
23.0
23.0
23.0
23.0
23.0154
23.0164
23.0164
23.0308
23.0348
23.2417
23.2427
23.2611
23.2804
23.2968
23.2998
23.3181
23.3558
23.3752
23.4283
23.4506
23.467
23.5395
23.5628
23.5638
23.5638
23.6015
23.6179
23.675
23.7077
23.7291
23.7524
23.7524
23.7871
23.7871
23.8209
23.8596
23.8635
23.8635
23.8655
23.9022
23.941
23.9757
24.0
24.0
24.0
24.0
24.0
24.0
24.0
24.0
24.0
24.0
24.0
24.0
24.0
24.0
24.0
24.0
24.0
24.0
24.0
24.0
24.0
24.0
24.0
24.0
24.0
24.0105
24.0164
24.1052
24.1856
24.203
24.205
24.2397
24.2591
24.2998
24.3171
24.3375
24.3375
24.3722
24.3906
24.4129
24.4844
24.4874
24.5067
24.5261
24.5598
24.5772
24.5802
24.5812
24.5936
24.6313
24.6769
24.6769
24.7494
24.7524
24.7618
24.7638
24.8065
24.8462
24.8626
24.8839
24.9032
24.9573
24.9787
24.9787
25.0
25.0
25.0
25.0
25.0
25.0
25.0
25.0
25.0
25.0
25.0
25.0
25.0
25.0
25.0
25.0
25.0
25.0
25.0
25.0144
25.0164
25.0685
25.204
25.2214
25.2214
25.2427
25.2601
25.2919
25.2938
25.2988
25.2998
25.3375
25.3499
25.3752
25.3752
25.3886
25.4854
25.4874
25.4883
25.5172
25.5261
25.5261
25.5638
25.6015
25.6149
25.6159
25.6189
25.6372
25.6671
25.6769
25.7087
25.733
25.7618
25.8199
25.8278
25.8462
25.997
26.0
26.0
26.0
26.0
26.0
26.0
26.0
26.0
26.0
26.0
26.0
26.0
26.0
26.0
26.0
26.0
26.0
26.0
26.0
26.0
26.0
26.0
26.0
26.0
26.0541
26.0725
26.1072
26.1643
26.2
26.202
26.2184
26.2204
26.2214
26.2988
26.3266
26.3529
26.3539
26.3752
26.3896
26.4129
26.4129
26.4129
26.4844
26.4883
26.5261
26.5598
26.5792
26.5966
26.6179
26.6392
26.668
26.673
26.674
26.6933
26.7147
26.7281
26.7484
26.7514
26.7901
26.8085
26.8189
26.8268
26.8268
26.8278
26.8596
26.8606
26.8616
26.8819
26.9032
26.94
26.9891
26.9941
27.0
27.0
27.0
27.0
27.0
27.0
27.0
27.0
27.0
27.0
27.0
27.0
27.0
27.0
27.0
27.0
27.0114
27.0541
27.0675
27.1807
27.2
27.2378
27.2397
27.2561
27.2601
27.2611
27.2794
27.3112
27.3152
27.3152
27.3752
27.3936
27.4313
27.4477
27.468
27.5444
27.5802
27.5821
27.6199
27.6363
27.6382
27.6546
27.7514
27.7678
27.8278
27.9003
27.9157
27.9157
27.9901
28.0
28.0
28.0
28.0
28.0
28.0
28.0
28.0
28.0
28.0
28.0
28.0
28.0
28.0
28.0
28.0328
28.0541
28.1459
28.205
28.2387
28.2427
28.2998
28.3152
28.3256
28.3375
28.3509
28.3896
28.4283
28.4293
28.4621
28.468
28.4883
28.5067
28.5261
28.5261
28.5598
28.5638
28.673
28.6759
28.731
28.7514
28.7668
28.7901
28.8462
28.8789
28.8789
28.8819
28.8983
28.9573
28.997
29.0
29.0
29.0
29.0
29.0
29.0
29.0
29.0
29.0
29.0
29.0
29.0
29.0
29.0
29.0
29.0144
29.1092
29.1266
29.201
29.205
29.2387
29.2998
29.3181
29.3703
29.3926
29.41
29.5772
29.5792
29.6005
29.6015
29.6179
29.6382
29.6392
29.671
29.7291
29.733
29.8199
29.8229
29.8278
29.8383
29.8422
29.9787
30.0
30.0
30.0
30.0
30.0
30.0
30.0
30.0239
30.1023
30.2988
30.2998
30.3122
30.3152
30.3335
30.3752
30.407
30.4129
30.5037
30.5261
30.5405
30.5772
30.6283
30.6526
30.669
30.672
30.6769
30.6923
30.6953
30.732
30.7494
30.7697
30.7802
30.7881
30.8442
30.8799
30.9107
30.9196
30.941
30.9524
30.9787
30.9911
31.0
31.0
31.0
31.0
31.0
31.0
31.0
31.0
31.0
31.0
31.0636
31.0695
31.199
31.2
31.203
31.2591
31.2899
31.2998
31.3375
31.3375
31.3663
31.3752
31.3866
31.4313
31.4641
31.5966
31.6566
31.672
31.7038
31.7464
31.7812
31.7812
31.7861
31.8258
31.8278
31.8442
31.8789
31.9301
31.939
31.9544
32.0
32.0
32.0
32.0
32.0
32.0685
32.0898
32.0898
32.0918
32.0918
32.1062
32.1633
32.1653
32.199
32.201
32.2591
32.2591
32.2909
32.2998
32.3181
32.3558
32.3752
32.3916
32.4313
32.4496
32.4496
32.4621
32.469
32.5752
32.611
32.6293
32.673
32.6769
32.6769
32.7261
32.7524
32.9757
33.0
33.0
33.0
33.0
33.0
33.0
33.0
33.0
33.0035
33.0164
33.0338
33.0472
33.0502
33.0502
33.0521
33.0541
33.1603
33.2194
33.2407
33.2928
33.2958
33.2968
33.3345
33.3926
33.408
33.41
33.4496
33.4968
33.5385
33.6854
33.6874
33.7048
33.733
33.7618
33.7638
33.8993
33.9147
33.9206
33.938
34.0
34.0
34.0
34.0
34.0
34.1092
34.1157
34.202
34.205
34.3152
34.3162
34.4785
34.5018
34.5047
34.5326
34.5956
34.6129
34.6343
34.6392
34.6884
34.7212
34.8179
34.8383
34.8839
34.941
34.9485
34.9787
35.0
35.0
35.0
35.0
35.0665
35.2115
35.2397
35.2427
35.2735
35.2774
35.2968
35.3181
35.3529
35.3712
35.466
35.5152
35.5191
35.5211
35.5261
35.5261
35.5425
35.6139
35.6283
35.6313
35.7464
35.7871
35.8065
35.8412
35.8452
35.8596
35.9117
35.9216
35.9331
35.937
35.937
35.9787
36.0
36.0
36.0
36.0665
36.0725
36.1246
36.2804
36.3102
36.3539
36.3722
36.5345
36.5425
36.5966
36.6015
36.6611
36.675
36.6854
36.6904
36.7097
36.7842
36.8179
36.8586
36.876
36.8819
36.9032
36.9117
36.9157
37.0
37.0
37.0
37.0
37.1033
37.1643
37.2358
37.2407
37.2804
37.4224
37.4303
37.4506
37.4755
37.5251
37.5579
37.5638
37.5812
37.5812
37.6129
37.6303
37.6343
37.6363
37.6392
37.6671
37.6923
37.7087
37.8839
37.9196
38.0
38.0
38.0
38.0
38.0492
38.0541
38.0616
38.0675
38.0859
38.0889
38.1266
38.1361
38.1479
38.1836
38.2725
38.344
38.3722
38.41
38.4506
38.465
38.5966
38.6169
38.6546
38.67
38.732
38.8973
39.0
39.0
39.0
39.0
39.0
39.0
39.0869
39.2358
39.2735
39.3132
39.3916
39.41
39.469
39.4804
39.4988
39.5162
39.5395
39.5628
39.7107
39.7599
39.7822
39.7842
39.8353
39.8655
39.9117
39.9206
40.0
40.0
40.0
40.0
40.0308
40.1236
40.1361
40.141
40.1673
40.1777
40.204
40.2204
40.2233
40.2571
40.2695
40.2948
40.3063
40.3142
40.3489
40.5037
40.5261
40.5802
40.6546
40.67
40.6834
40.7107
40.7579
40.8065
40.8159
40.8655
40.8839
40.9186
41.0
41.0492
41.0541
41.0626
41.1286
41.1807
41.2154
41.2899
41.3375
41.342
41.4263
41.4506
41.4562
41.5231
41.5975
41.606
41.6556
41.7067
41.7147
41.7976
41.815
41.8159
41.935
41.9832
42.0
42.1603
42.2174
42.3112
42.3519
42.3663
42.402
42.409
42.55
42.609
42.612
42.6149
42.6556
42.6834
42.7589
42.7901
42.9147
42.9196
43.0
43.0
43.0
43.0
43.0035
43.0095
43.0259
43.0567
43.1216
43.1216
43.1613
43.2561
43.2755
43.2889
43.3479
43.3712
43.5733
43.5936
43.611
43.6129
43.6874
43.7137
43.7251
43.7678
43.7871
43.8219
43.8616
43.872
43.9787
44.0
44.0
44.1236
44.1623
44.1633
44.1827
44.2174
44.2522
44.3082
44.3102
44.3306
44.3509
44.3857
44.3876
44.3906
44.407
44.409
44.5723
44.6293
44.6343
44.7137
44.7385
44.7599
44.7688
44.8159
44.8839
44.9455
44.9872
45.0
45.0423
45.1266
45.204
45.2407
45.3768
45.4765
45.5067
45.5588
45.5638
45.6199
45.6546
45.7137
45.7147
45.8655
45.8983
45.9504
46.0
46.0423
46.1003
46.2804
46.4234
46.4313
46.4601
46.5018
46.5519
46.6031
46.611
46.6363
46.6487
46.669
46.7067
46.7395
46.8373
46.9524
47.1052
47.2164
47.2551
47.2561
47.3355
47.3558
47.3673
47.4745
47.5251
47.5588
47.5693
47.6149
47.7851
47.8422
47.8645
47.877
47.8819
47.9097
47.9737
47.9872
48.0
48.0
48.074
48.1276
48.1311
48.1534
48.199
48.2784
48.2928
48.341
48.3509
48.3857
48.4135
48.4244
48.4348
48.4447
48.4562
48.5588
48.6904
48.6933
48.7058
48.7435
48.7966
48.8015
48.8065
48.8432
48.8462
48.8576
48.8914
49.0075
49.1911
49.2194
49.2407
49.2695
49.3722
49.3837
49.3857
49.5266
49.5654
49.5847
49.5887
49.6592
49.6769
49.7212
49.753
49.7658
50.0472
50.1082
50.1216
50.1311
50.203
50.2115
50.2889
50.3023
50.3479
50.3539
50.5896
50.6283
50.6333
50.6546
50.7648
50.8294
50.8353
50.8934
50.8973
51.0259
51.077
51.1216
51.1603
51.2482
51.3643
51.3936
51.4313
51.465
51.469
51.5172
51.5654
51.674
52.0521
52.0993
52.2269
52.2299
52.2427
52.3112
52.3256
52.3703
52.4129
52.4263
52.4388
52.5365
52.548
52.6933
52.7058
52.8363
52.8661
52.8809
52.9757
53.0065
53.0442
53.0964
53.1272
53.3961
53.4506
53.468
53.5355
53.6418
53.6894
53.6959
54.0085
54.0134
54.0472
54.0918
54.143
54.2472
54.3306
54.3479
54.3554
54.4234
54.4601
54.4631
54.5985
54.6854
54.7147
54.7782
54.7877
54.877
54.9494
55.0
55.0095
55.0705
55.1469
55.1633
55.2085
55.3033
55.3122
55.3693
55.4591
55.5093
55.6041
55.6546
55.6979
55.7152
55.7435
55.8169
55.9003
55.9639
55.9812
56.0432
56.1072
56.138
56.1475
56.2308
56.3325
56.5172
56.5877
56.6358
56.6487
56.6552
56.6576
56.6988
56.7375
56.7569
56.8015
56.9901
57.143
57.204
57.2774
57.5703
57.6467
57.871
57.9147
57.9186
58.0035
58.0353
58.4601
58.4854
58.6139
58.6408
58.7147
58.9058
58.936
59.1207
59.3847
59.402
59.4095
59.4145
59.4378
59.4552
59.4899
59.5112
59.5425
59.605
59.6805
59.7028
59.7103
59.7668
59.8353
59.9192
59.9832
60.0
60.0065
60.0294
60.0482
60.0626
60.0934
60.1197
60.1449
60.1902
60.2269
60.3371
60.3882
60.4437
60.546
60.5614
60.5683
60.5723
60.6274
60.7251
60.7966
60.815
60.9127
60.9986
61.0403
61.1663
61.1797
61.201
61.278
61.3351
61.6844
61.7395
61.8179
61.8225
61.8294
62.0278
62.0879
62.0954
62.0993
62.1207
62.1911
62.2135
62.2705
62.4398
62.5588
62.5798
62.6293
62.6805
62.6834
62.6894
62.7182
62.7326
62.7549
62.8323
62.8556
62.9737
63.0492
63.2056
63.2958
63.4636
63.5723
63.7549
63.9554
64.0606
64.0918
64.1584
64.2879
64.407
64.4532
64.4646
64.5211
64.6631
64.8284
64.8582
64.8999
65.0075
65.0879
65.1147
65.1544
65.1882
65.2905
65.2919
65.2958
65.3381
65.3509
65.4889
65.6309
65.6363
65.7162
66.0
66.018
66.081
66.1931
66.2532
66.402
66.4125
66.4447
66.5316
66.609
66.9311
67.0885
67.0885
67.1633
67.2601
67.5847
67.75
67.8641
68.1137
68.1406
68.404
68.6562
68.6601
68.6864
68.751
68.8691
68.9088
68.9475
69.0
69.0646
69.078
69.1921
69.2184
69.2407
69.3991
69.7067
69.7291
69.8556
69.8681
70.1157
70.1163
70.1505
70.2581
70.3053
70.5614
70.5788
70.7723
70.7867
70.8661
70.8795
70.9475
71.0721
71.1088
71.1127
71.279
71.3033
71.4929
71.5847
71.6339
71.6919
71.7549
71.8234
71.8274
71.9629
72.0969
72.2695
72.5266
72.6015
72.6333
72.6512
72.7296
72.8264
72.9698
73.0
73.0304
73.0636
73.1455
73.2472
73.4706
73.543
73.8244
73.8914
73.9009
74.0661
74.1475
74.1738
74.2537
74.2725
74.546
74.5654
74.6884
74.7713
74.9897
75.1902
75.2065
75.2597
75.3167
75.3922
75.4259
75.612
75.626
75.6293
75.7137
75.7306
75.7802
75.889
75.9406
76.0442
76.1052
76.1068
76.279
76.421
76.5654
76.686
76.7054
76.7585
76.8323
76.8626
76.9331
76.9743
77.2368
77.5276
77.5634
77.6274
78.2626
78.3148
78.4279
78.5073
78.6601
78.669
78.9261
79.1088
79.2597
79.3991
79.5466
79.6329
79.7946
80.1599
80.2502
80.2761
80.3862
80.4621
80.4696
80.5519
80.6582
80.7976
80.9589
81.0035
81.3619
81.3977
81.403
81.5112
81.5346
81.5509
81.5525
81.6234
81.8661
82.158
82.2259
82.2915
82.3902
82.465
82.5778
82.6641
82.6929
82.7267
82.7431
82.9435
83.0239
83.0656
83.137
83.1678
83.2919
83.3351
83.4204
83.5758
83.5892
83.6453
83.9579
84.1019
84.1337
84.1649
84.2299
84.2527
84.3118
84.6512
84.6536
84.75
84.7887
84.8884
85.0274
85.076
85.1212
85.2111
85.4984
85.8477
85.8953
86.1862
86.3574
86.4745
86.5312
86.6309
86.81
86.8428
87.0343
87.0612
87.0661
87.214
87.2334
87.4761
87.688
87.7897
87.9445
88.1524
88.2547
88.403
88.4259
88.5873
88.7847
88.8116
88.8379
88.8602
88.9714
89.0632
89.347
89.5257
89.5843
89.6785
89.7952
89.9688
90.0717
90.1957
90.5411
90.5808
90.752
90.767
90.9232
91.0806
91.155
91.4095
91.4125
91.5768
91.8215
91.8602
92.1366
92.22
92.2686
92.278
92.297
92.3118
92.5282
92.6637
92.7198
92.8805
92.9362
93.0533
93.2845
93.5326
93.8061
93.8657
94.0478
94.2468
94.2958
94.546
94.7739
94.8066
94.8736
95.2518
95.3069
95.4036
95.6116
95.6175
95.7634
95.8051
95.8146
95.8294
95.8523
97.1426
97.6384
97.8205
98.0016
98.2691
98.3029
98.3712
98.5247
98.5466
98.6751
99.0075
99.1412
99.2636
99.4538
99.5336
99.7273
100.1996
100.2279
100.4741
100.7332
100.7595
100.9336
100.9962
101.7549
102.4945
102.5912
102.7004
102.7257
102.7605
102.828
102.8424
102.9346
103.074
103.154
103.3554
103.4836
103.623
103.7877
103.9396
104.3396
104.3997
104.48
104.5535
104.5892
104.6657
105.2275
105.2806
105.7729
105.8985
105.9723
106.2636
106.8126
106.9133
106.9579
106.9937
106.9962
107.1491
107.4577
107.7683
107.7818
108.0661
108.2215
108.5912
108.7034
109.545
109.5574
109.7152
110.1907
110.3862
110.5604
110.5614
110.7103
110.8949
110.948
111.0255
111.0557
111.6483
111.7296
111.8254
111.8886
112.2032
112.5407
112.6692
112.8706
112.9238
112.9376
113.0493
113.0697
113.1992
113.888
113.9392
113.9779
114.3367
114.3773
114.8985
115.0106
115.0825
115.3694
115.6746
115.7713
115.8552
116.1143
116.4305
116.4771
116.5377
116.9605
117.3977
117.5178
117.5257
117.5952
117.8467
117.8949
118.3302
118.7103
118.9103
118.9342
120.1248
120.3615
120.7119
120.9634
121.2042
121.2885
121.6145
121.6895
121.7591
122.6761
122.9113
123.0841
123.358
123.4259
124.3471
124.4895
124.762
124.9447
125.6131
125.687
126.0245
126.3213
126.4439
127.6335
128.0175
128.0314
128.3704
128.6876
128.9486
129.2275
129.278
129.3298
129.4944
129.9471
130.2668
130.7283
130.8781
130.968
131.2409
131.563
131.9411
132.3029
132.6518
132.8483
132.9332
134.7446
134.7988
135.0647
135.2826
135.3669
135.5912
135.7063
135.8463
136.1973
136.765
138.1963
138.2687
138.3199
138.3888
138.7063
138.7521
138.9962
139.2478
139.8499
140.699
141.6315
141.6617
141.7357
141.8949
144.8161
144.8781
145.1576
145.6965
145.8627
146.2905
146.361
146.7952
148.4534
148.6171
149.0126
149.6886
149.8866
149.9601
150.1015
150.3232
150.3353
150.8151
150.9988
151.4052
151.4478
151.623
152.8712
153.2265
154.0306
155.0667
155.4176
155.4777
155.639
156.2484
157.2529
157.8053
158.3015
158.8479
161.1556
161.2543
161.7134
161.9407
163.3572
163.7233
164.0405
164.1759
164.3839
165.1487
165.7456
166.1457
166.2812
166.5272
167.2985
169.3839
169.8141
171.0663
171.2435
171.294
171.4792
172.3809
174.3943
174.9259
175.4097
175.84
177.0713
177.7085
178.5209
178.7478
178.9293
179.0221
179.5527
180.6206
181.5616
182.0023
182.4156
182.4465
182.8866
182.8892
185.249
185.3333
187.1765
187.4743
187.7531
187.8256
188.2638
188.3631
188.4143
189.1889
189.6321
190.719
190.8118
191.6019
192.5383
194.4763
195.295
195.4767
195.573
196.775
197.0345
197.8321
197.8698
198.3586
198.572
198.7731
200.313
200.5681
201.1404
202.4395
204.7284
205.4401
206.232
206.2752
206.916
208.593
209.7845
210.1666
210.376
211.3775
211.5304
212.8088
213.5825
217.7488
220.5543
220.6202
220.6435
221.6579
222.0088
222.775
222.7865
223.0947
223.9269
227.2857
228.322
228.5031
228.9032
228.9984
229.7616
229.9875
230.6327
235.6336
235.8927
236.652
240.2039
240.5244
241.0084
241.4069
244.2853
245.9691
247.5657
249.1925
249.9557
249.9721
256.1285
258.9468
259.0094
259.0957
263.6848
264.06
264.7851
265.0973
268.7211
269.0039
270.4725
271.2367
274.666
274.8352
277.9117
280.2387
280.5564
280.6585
283.8133
285.0015
285.1597
286.2328
296.5503
297.682
305.9569
311.4344
314.8617
314.9897
315.8661
330.8273
350.2592
392.7908
404.1214
405.0141
441.6231
535.3202
