3.0
3.0
3.0
3.0
3.0
3.0
3.0
3.0
3.0
3.0
3.0
3.0
3.0
3.0
3.0
3.0
3.0
3.0
3.0
3.0
3.0
3.0
3.0
3.0
3.0
3.0
3.0
3.0
3.0
3.0
3.0
3.0
3.0
3.0
3.0
3.0
3.0
3.0
3.0
3.0
3.0
3.0
3.0
3.0
3.0
3.0
3.0
3.0
3.0
3.0
3.0
3.0
3.0
3.0
3.0
3.0
3.0
3.0
3.0
3.0
3.0
3.0
3.0
3.0
3.0
3.0
3.0
3.0
3.0
3.0
3.0
3.0
3.0
3.0
3.0
3.0
3.0
3.0
3.0
3.0
3.0
3.0
3.0
3.0
3.0
3.0
3.0
3.0
3.0
3.0
3.0
3.0
3.0
3.0
3.0
3.0
3.0
3.0
3.0
3.0
3.0
3.0
3.0
3.0
3.0
3.0
3.0
3.0
3.0
3.0
3.0
3.0
3.0
3.0
3.0
3.0
3.0
3.0
3.0
3.0
3.0
3.0
3.0
3.0
3.0
3.0
3.0
3.0
3.0
3.0
3.0
3.0
3.0
3.0
3.0
3.0
3.0
3.0
3.0
3.0
3.0
3.0
3.0
3.0
3.0
3.0
3.0
3.0
3.0
3.0
3.0
3.0
3.0
3.0
3.0
3.0
3.0
3.0
3.0
3.0
3.0
3.0
3.0
3.0
3.0
3.0
3.0
3.0
3.0
3.0
3.0
3.0
3.0
3.0
3.0
3.0
3.0
3.0
3.0
3.0
3.0
3.0
3.0
3.0
3.0
3.0
3.0
3.0
3.0
3.0
3.0
3.0
3.0
3.0
3.0
3.0
3.0
3.0
3.0
3.0
3.0
3.0
3.0
3.0
3.0
3.0
3.0
3.0
3.0
3.0
4.0
4.0
4.0
4.0
4.0
4.0
4.0
4.0
4.0
4.0
4.0
4.0
4.0
4.0
4.0
4.0
4.0
4.0
4.0
4.0
4.0
4.0
4.0
4.0
4.0
4.0
4.0
4.0
4.0
4.0
4.0
4.0
4.0
4.0
4.0
4.0
4.0
4.0
4.0
4.0
4.0
4.0
4.0
4.0
4.0
4.0
4.0
4.0
4.0
4.0
4.0
4.0
4.0
4.0
4.0
4.0
4.0
4.0
4.0
4.0
4.0
4.0
4.0
4.0
4.0
4.0
4.0
4.0
4.0
4.0
4.0
4.0
4.0
4.0
4.0
4.0
4.0
4.0
4.0
4.0
4.0
4.0
4.0
4.0
4.0
4.0
4.0
4.0
4.0
4.0
4.0
4.0
4.0
4.0
4.0
4.0
4.0
4.0
4.0
4.0
4.0
4.0
4.0
4.0
4.0
4.0
4.0
4.0
4.0
4.0
4.0
4.0
4.0
4.0
4.0
4.0
4.0
4.0
4.0
4.0
4.0
4.0
4.0
4.0
4.0
4.0
4.0
4.0
4.0
4.0
4.0
4.0
4.0
4.0
4.0
4.0
4.0
4.0
4.0
4.0
4.0
4.0
4.0
4.0
4.0
4.0
4.0
4.0
4.0
4.0
4.0
4.0
4.0
4.0
4.0
4.0
4.0
4.0
4.0
4.0
4.0
4.0
4.0
4.0
4.0
4.0
4.0
4.0
4.0
4.0
4.0
4.0
4.0
4.0
4.0
4.0
4.0
4.0
4.2998
4.3752
4.5638
4.6392
5.0
5.0
5.0
5.0
5.0
5.0
5.0
5.0
5.0
5.0
5.0
5.0
5.0
5.0
5.0
5.0
5.0
5.0
5.0
5.0
5.0
5.0
5.0
5.0
5.0
5.0
5.0
5.0
5.0
5.0
5.0
5.0
5.0
5.0
5.0
5.0
5.0
5.0
5.0
5.0
5.0
5.0
5.0
5.0
5.0
5.0
5.0
5.0
5.0
5.0
5.0
5.0
5.0
5.0
5.0
5.0
5.0
5.0
5.0
5.0
5.0
5.0
5.0
5.0
5.0
5.0
5.0
5.0
5.0
5.0
5.0
5.0
5.0
5.0
5.0
5.0
5.0
5.0
5.0
5.0
5.0
5.0
5.0
5.0
5.0
5.0
5.0
5.0
5.0
5.0
5.0
5.0
5.0
5.0
5.0
5.0
5.0
5.0
5.0
5.0
5.0
5.0
5.0
5.0
5.0
5.0
5.0
5.0
5.0
5.0
5.0
5.0
5.0
5.0
5.0
5.0
5.0
5.0
5.0
5.0
5.0
5.0
5.0
5.0
5.0
5.0
5.0
5.0
5.0
5.0
5.0
5.0
5.0
5.1295
5.1673
5.205
5.2427
5.4506
5.4506
5.4883
5.6199
5.6769
5.8278
5.9593
5.9593
5.9787
6.0
6.0
6.0
6.0
6.0
6.0
6.0
6.0
6.0
6.0
6.0
6.0
6.0
6.0
6.0
6.0
6.0
6.0
6.0
6.0
6.0
6.0
6.0
6.0
6.0
6.0
6.0
6.0
6.0
6.0
6.0
6.0
6.0
6.0
6.0
6.0
6.0
6.0
6.0
6.0
6.0
6.0
6.0
6.0
6.0
6.0
6.0
6.0
6.0
6.0
6.0
6.0
6.0
6.0
6.0
6.0
6.0
6.0
6.0
6.0
6.0
6.0
6.0
6.0
6.0
6.0
6.0
6.0
6.0
6.0
6.0
6.0
6.0
6.0
6.0
6.0
6.0
6.0
6.0
6.0
6.0
6.0
6.0
6.0
6.0
6.0
6.0
6.0
6.0
6.0
6.0
6.0
6.0
6.0
6.0
6.0
6.0
6.0
6.0
6.0
6.0
6.0
6.0
6.0
6.0
6.0
6.0
6.0
6.0
6.0
6.0
6.0
6.0
6.0918
6.0918
6.1102
6.1856
6.205
6.2998
6.2998
6.3375
6.3752
6.4129
6.4129
6.4496
6.4496
6.4506
6.4883
6.5261
6.5261
6.5638
6.5821
6.6005
6.6392
6.6769
6.6953
6.6953
6.7147
6.7524
6.7524
6.7901
6.7901
6.8278
6.8278
6.8645
6.8655
6.9787
6.9787
6.9787
7.0
7.0
7.0
7.0
7.0
7.0
7.0
7.0
7.0
7.0
7.0
7.0
7.0
7.0
7.0
7.0
7.0
7.0
7.0
7.0
7.0
7.0
7.0
7.0
7.0
7.0
7.0
7.0
7.0
7.0
7.0
7.0
7.0
7.0
7.0
7.0
7.0
7.0
7.0
7.0
7.0
7.0
7.0
7.0
7.0
7.0
7.0
7.0
7.0
7.0
7.0
7.0
7.0
7.0
7.0
7.0
7.0
7.0
7.0
7.0
7.0
7.0
7.0
7.0
7.0
7.0
7.0
7.0
7.0
7.0
7.0
7.0
7.0
7.0
7.0
7.0
7.0
7.0
7.0
7.0
7.0
7.0
7.0
7.0531
7.0541
7.1673
7.2804
7.2804
7.2998
7.3181
7.3752
7.3936
7.4303
7.4883
7.5261
7.5261
7.5261
7.5821
7.6015
7.6392
7.7147
7.7147
7.8278
7.9032
7.9032
7.9206
7.9216
7.941
8.0
8.0
8.0
8.0
8.0
8.0
8.0
8.0
8.0
8.0
8.0
8.0
8.0
8.0
8.0
8.0
8.0
8.0
8.0
8.0
8.0
8.0
8.0
8.0
8.0
8.0
8.0
8.0
8.0
8.0
8.0
8.0
8.0
8.0
8.0
8.0
8.0
8.0
8.0
8.0
8.0
8.0
8.0
8.0
8.0
8.0
8.0
8.0
8.0
8.0
8.0
8.0
8.0
8.0
8.0
8.0
8.0
8.0
8.1102
8.1295
8.1856
8.2794
8.2998
8.2998
8.2998
8.2998
8.3181
8.3558
8.3558
8.3742
8.3936
8.4129
8.4129
8.4129
8.4506
8.469
8.4883
8.5251
8.5251
8.5261
8.5638
8.6382
8.6576
8.6759
8.6769
8.6769
8.6769
8.8268
8.8462
8.8645
8.8645
8.8655
8.941
8.9787
9.0
9.0
9.0
9.0
9.0
9.0
9.0
9.0
9.0
9.0
9.0
9.0
9.0
9.0
9.0
9.0
9.0
9.0
9.0
9.0
9.0
9.0
9.0
9.0
9.0
9.0
9.0
9.0
9.0
9.0
9.0
9.0
9.0
9.0
9.0
9.0
9.0
9.0
9.0
9.0
9.0
9.0
9.0
9.0
9.0
9.0
9.0
9.0
9.0
9.0
9.0
9.0
9.0
9.0
9.0
9.0
9.0
9.0
9.0
9.0
9.0
9.0
9.0
9.0144
9.0164
9.0541
9.0725
9.0908
9.0918
9.1295
9.2998
9.2998
9.3365
9.3549
9.3742
9.4313
9.4506
9.4506
9.4874
9.4883
9.5821
9.5821
9.6015
9.6189
9.6943
9.7147
9.733
9.7707
9.7891
9.8075
9.8278
9.8278
9.8462
9.8655
9.8655
9.8829
9.9013
9.9032
9.94
9.941
9.941
9.996
9.997
10.0
10.0
10.0
10.0
10.0
10.0
10.0
10.0
10.0
10.0
10.0
10.0
10.0
10.0
10.0
10.0
10.0
10.0
10.0
10.0
10.0
10.0
10.0
10.0
10.0
10.0
10.0
10.0
10.0
10.0
10.0
10.0
10.0
10.0
10.0
10.0
10.0
10.0
10.0
10.0
10.0
10.0
10.0
10.0
10.0
10.0
10.0
10.0
10.0
10.0
10.0348
10.0541
10.0725
10.0918
10.1276
10.1295
10.1479
10.1479
10.1663
10.1673
10.2427
10.2611
10.2998
10.2998
10.3375
10.3558
10.3742
10.3752
10.3926
10.4129
10.4129
10.4313
10.4313
10.4496
10.4506
10.4506
10.4874
10.4883
10.5057
10.5251
10.5251
10.5261
10.5261
10.5638
10.5638
10.5638
10.5638
10.6005
10.6943
10.6953
10.7137
10.733
10.7514
10.7707
10.7901
10.8258
10.8645
10.8819
10.9013
10.94
10.941
10.941
10.9583
10.9767
11.0
11.0
11.0
11.0
11.0
11.0
11.0
11.0
11.0
11.0
11.0
11.0
11.0
11.0
11.0
11.0
11.0
11.0
11.0
11.0
11.0
11.0
11.0
11.0
11.0
11.0
11.0
11.0
11.0
11.0
11.0
11.0
11.0
11.0
11.0
11.0
11.0
11.0
11.0
11.0
11.0
11.0
11.0
11.0
11.0
11.0
11.0
11.0
11.0
11.0
11.0
11.0
11.0154
11.1102
11.1286
11.1286
11.1295
11.1469
11.1663
11.204
11.205
11.2224
11.2407
11.2427
11.2591
11.2988
11.2998
11.3181
11.3365
11.3375
11.3549
11.3752
11.4313
11.4854
11.5057
11.5241
11.5251
11.5261
11.5444
11.5444
11.5444
11.5638
11.6005
11.6015
11.6179
11.6179
11.6199
11.7117
11.7137
11.7688
11.7697
11.7881
11.7881
11.8655
11.9032
11.9186
11.94
11.94
11.941
11.9593
11.9757
11.997
12.0
12.0
12.0
12.0
12.0
12.0
12.0
12.0
12.0
12.0
12.0
12.0
12.0
12.0
12.0
12.0
12.0
12.0
12.0
12.0
12.0
12.0
12.0
12.0
12.0
12.0
12.0
12.0
12.0
12.0
12.0
12.0
12.0
12.0
12.0
12.0154
12.0541
12.0725
12.0898
12.1102
12.1286
12.1295
12.1479
12.1643
12.2233
12.2233
12.2611
12.2784
12.2794
12.2804
12.2988
12.2998
12.3171
12.3181
12.3375
12.3539
12.3539
12.3752
12.4109
12.4129
12.4293
12.466
12.467
12.5221
12.5251
12.5261
12.5261
12.5444
12.5638
12.5821
12.5821
12.5995
12.5995
12.6015
12.6363
12.6392
12.674
12.6759
12.6769
12.6933
12.6953
12.7524
12.7524
12.8278
12.8655
12.9013
12.9032
12.941
12.9787
12.996
13.0
13.0
13.0
13.0
13.0
13.0
13.0
13.0
13.0
13.0
13.0
13.0
13.0
13.0
13.0
13.0
13.0
13.0
13.0
13.0
13.0
13.0
13.0
13.0
13.0
13.0
13.0154
13.0164
13.0531
13.0705
13.0898
13.1072
13.1266
13.1479
13.1653
13.2233
13.2407
13.2417
13.2591
13.2998
13.3181
13.3345
13.3558
13.3752
13.3926
13.4129
13.4303
13.4313
13.4506
13.469
13.5057
13.5067
13.5231
13.5608
13.5608
13.5812
13.6015
13.6169
13.6179
13.6363
13.6566
13.6769
13.6933
13.6953
13.7107
13.7117
13.7291
13.733
13.7484
13.7524
13.7697
13.8065
13.8809
13.9003
13.9196
13.938
13.94
13.941
13.9787
13.9951
14.0
14.0
14.0
14.0
14.0
14.0
14.0
14.0
14.0
14.0
14.0
14.0
14.0
14.0
14.0
14.0
14.0
14.0
14.0
14.0
14.0
14.0
14.0
14.0
14.0
14.0
14.0
14.0
14.0134
14.0511
14.0695
14.0695
14.0908
14.1276
14.1846
14.205
14.2214
14.2968
14.2988
14.3365
14.3365
14.3375
14.3936
14.4129
14.4854
14.4883
14.5792
14.5985
14.5985
14.6015
14.6392
14.6556
14.6556
14.672
14.674
14.6933
14.7107
14.7117
14.7137
14.7147
14.733
14.7524
14.7678
14.7697
14.8065
14.8085
14.8085
14.8085
14.8278
14.8452
14.8645
14.941
14.9573
15.0
15.0
15.0
15.0
15.0
15.0
15.0
15.0
15.0
15.0
15.0
15.0
15.0
15.0134
15.0154
15.0164
15.0918
15.1846
15.203
15.205
15.2214
15.2765
15.2765
15.2794
15.3171
15.409
15.4129
15.4457
15.4506
15.467
15.469
15.4883
15.5261
15.5261
15.5444
15.6169
15.6169
15.6392
15.6392
15.6546
15.6759
15.6769
15.6923
15.7514
15.7668
15.7707
15.7881
15.8055
15.8229
15.8258
15.8258
15.8278
15.8432
15.8819
15.8839
15.9032
15.9593
15.9737
15.9747
15.9777
15.997
16.0
16.0
16.0
16.0
16.0
16.0
16.0
16.0
16.0
16.0
16.0
16.0
16.0
16.0
16.0
16.0
16.0
16.0
16.0144
16.0502
16.0715
16.0725
16.0889
16.1295
16.1479
16.1817
16.1836
16.1836
16.2204
16.2233
16.2601
16.2611
16.2784
16.3162
16.3375
16.3375
16.3712
16.3742
16.3906
16.4129
16.4129
16.4303
16.4477
16.466
16.469
16.4844
16.4874
16.4874
16.4883
16.5067
16.5231
16.5231
16.5638
16.6015
16.6179
16.6372
16.6556
16.6769
16.6953
16.7147
16.7291
16.731
16.7688
16.7901
16.8258
16.8993
16.9032
16.9554
16.9951
16.997
17.0
17.0
17.0
17.0
17.0
17.0
17.0
17.0
17.0
17.0
17.0
17.0
17.0
17.0
17.0
17.0
17.0
17.0
17.0502
17.0521
17.0541
17.0541
17.0695
17.0705
17.0705
17.0889
17.1052
17.1613
17.1663
17.2368
17.2407
17.2611
17.2611
17.2765
17.2774
17.2804
17.2988
17.3152
17.3181
17.3181
17.3316
17.3355
17.3752
17.3916
17.4303
17.4506
17.4641
17.5018
17.5221
17.5261
17.5434
17.5782
17.5802
17.6536
17.6953
17.7107
17.7127
17.731
17.7851
17.8065
17.8452
17.8462
17.8789
17.8819
17.8839
17.936
17.939
17.9534
17.9564
17.9573
17.9727
17.9951
17.9951
18.0
18.0
18.0
18.0
18.0
18.0
18.0
18.0
18.0
18.0154
18.0318
18.0492
18.0502
18.0502
18.0541
18.0541
18.0725
18.2224
18.2581
18.2794
18.2998
18.3162
18.3335
18.3499
18.3752
18.3896
18.3926
18.4273
18.4437
18.5201
18.5772
18.5782
18.5792
18.5975
18.5975
18.6149
18.6149
18.6333
18.6556
18.6576
18.672
18.6759
18.6769
18.7097
18.7474
18.7678
18.8055
18.8626
18.8626
18.8983
18.9032
18.938
18.9747
18.9757
18.9757
18.9767
19.0
19.0
19.0
19.0
19.0
19.0
19.0
19.0144
19.0164
19.0502
19.0725
19.1276
19.1449
19.1827
19.1827
19.2184
19.2194
19.2755
19.2755
19.2958
19.2988
19.2998
19.3122
19.3306
19.3539
19.4109
19.4129
19.4506
19.5018
19.5261
19.5588
19.5821
19.5985
19.5985
19.6343
19.6363
19.675
19.7301
19.7668
19.7881
19.8239
19.8645
19.9003
19.9196
19.9216
19.941
19.9593
19.9718
19.9747
19.9787
19.997
20.0
20.0
20.0
20.0
20.0
20.0
20.0
20.0
20.0
20.0
20.0
20.0124
20.0154
20.1256
20.1266
20.1276
20.1817
20.1817
20.2233
20.2397
20.2397
20.2968
20.2988
20.3345
20.3558
20.3742
20.3916
20.4109
20.4283
20.4467
20.4506
20.465
20.469
20.4814
20.5191
20.5261
20.5405
20.5975
20.5985
20.6015
20.6169
20.6536
20.6769
20.6904
20.6933
20.7291
20.733
20.7455
20.7524
20.7668
20.7842
20.8025
20.8586
20.9147
20.935
20.936
20.9787
21.0
21.0
21.0
21.0
21.0
21.0328
21.0348
21.0665
21.0879
21.1102
21.143
21.1613
21.2204
21.2224
21.2397
21.2541
21.2611
21.2968
21.3296
21.3306
21.3365
21.3489
21.3489
21.3693
21.3742
21.4234
21.4244
21.4273
21.467
21.4824
21.4844
21.5008
21.5018
21.5579
21.5985
21.6169
21.6199
21.6546
21.67
21.7097
21.7301
21.731
21.7494
21.7688
21.7822
21.7851
21.7871
21.7881
21.8248
21.8258
21.8452
21.8789
21.9147
21.9216
21.935
21.9564
21.9787
22.0
22.0
22.0
22.0
22.0
22.0
22.0
22.0348
22.0502
22.0511
22.0646
22.0705
22.143
22.1673
22.2184
22.2214
22.2774
22.3162
22.3345
22.3558
22.3703
22.3896
22.3936
22.4129
22.4631
22.5588
22.5802
22.5946
22.6005
22.6323
22.6526
22.6769
22.6894
22.7658
22.7842
22.7871
22.8963
22.94
22.9534
22.9901
23.0
23.0
23.0
23.0
23.0705
23.1216
23.1633
23.1653
23.1807
23.201
23.205
23.2338
23.3286
23.3345
23.3365
23.408
23.4303
23.4824
23.4844
23.6005
23.6392
23.672
23.6759
23.7494
23.7524
23.7678
23.7871
23.8025
23.8819
23.9747
23.9777
23.9787
23.9891
24.0
24.0328
24.0646
24.1856
24.2551
24.2765
24.2928
24.3306
24.3345
24.3558
24.3558
24.41
24.4437
24.4834
24.4854
24.5172
24.5231
24.5231
24.5762
24.5926
24.5995
24.6576
24.6933
24.7127
24.7261
24.7464
24.7678
24.8616
24.8943
24.9032
24.9147
24.936
24.938
24.939
24.9504
25.0
25.0
25.0095
25.0298
25.0308
25.0492
25.0646
25.0829
25.0898
25.1295
25.142
25.143
25.1807
25.1817
25.2214
25.2368
25.2427
25.2705
25.2755
25.2804
25.2919
25.3693
25.3752
25.3866
25.3926
25.4417
25.4437
25.467
25.4824
25.4834
25.5598
25.6015
25.6169
25.6477
25.7067
25.7281
25.7291
25.7871
25.8055
25.939
25.9718
25.9787
26.0
26.0
26.0085
26.0268
26.0308
26.0492
26.0725
26.1023
26.2
26.2184
26.2397
26.2522
26.2522
26.2571
26.2735
26.2968
26.3509
26.3519
26.41
26.4234
26.4467
26.4601
26.5191
26.5211
26.5608
26.5742
26.5821
26.6353
26.6372
26.6392
26.671
26.6769
26.6933
26.7058
26.7618
26.7832
26.8179
26.8373
26.8635
26.8635
26.8924
26.9698
26.9747
27.0
27.0144
27.0849
27.0869
27.0869
27.1206
27.1206
27.141
27.143
27.1449
27.1574
27.1653
27.1787
27.1836
27.1971
27.3112
27.402
27.4611
27.4883
27.5018
27.5405
27.5916
27.6149
27.6159
27.673
27.6874
27.7087
27.7425
27.7504
27.7524
27.7658
27.8189
27.8819
27.9564
27.9891
28.0
28.0
28.0
28.0462
28.0675
28.1052
28.1226
28.1856
28.2174
28.2338
28.3276
28.3499
28.3529
28.3663
28.3837
28.3847
28.4254
28.4313
28.4417
28.4978
28.5201
28.6005
28.6303
28.6487
28.6556
28.668
28.675
28.7077
28.7474
28.8412
28.8655
28.9737
28.9881
29.0
29.0
29.0085
29.0511
29.0541
29.0859
29.1594
29.1613
29.1757
29.2
29.2601
29.2948
29.347
29.406
29.4795
29.4824
29.4824
29.4834
29.5162
29.5191
29.5365
29.6139
29.6526
29.6671
29.6769
29.7212
29.7212
29.7842
29.7966
29.8402
29.8576
29.9032
29.9137
29.9321
29.9321
30.0
30.0
30.0085
30.0442
30.0829
30.1216
30.1246
30.141
30.1594
30.1594
30.1941
30.1961
30.1961
30.2387
30.2879
30.3306
30.3509
30.3673
30.41
30.4631
30.4834
30.5713
30.6343
30.6487
30.67
30.67
30.7455
30.7628
30.8596
30.9544
30.9708
30.9718
31.0114
31.0482
31.0482
31.1033
31.1633
31.1951
31.2358
31.3142
31.3276
31.3375
31.3742
31.3936
31.4234
31.466
31.4785
31.5191
31.5191
31.5529
31.5588
31.5946
31.5985
31.612
31.6556
31.6661
31.6854
31.7241
31.7425
31.7514
31.7772
31.8015
31.8065
31.8179
31.8402
31.8527
31.8943
31.935
31.9891
32.0908
32.0983
32.1177
32.2125
32.2233
32.2358
32.2765
32.4001
32.4204
32.4234
32.4571
32.4795
32.4998
32.5142
32.5182
32.5405
32.5444
32.5742
32.5752
32.609
32.6363
32.669
32.7221
32.7221
32.7231
32.7822
32.8005
32.8462
32.8556
32.8596
32.878
32.9117
32.9544
33.1449
33.2378
33.2551
33.2581
33.2765
33.3266
33.3296
33.3316
33.3827
33.3847
33.403
33.4571
33.4785
33.5191
33.5762
33.673
33.6834
33.7221
33.8576
33.936
33.94
33.9524
33.9658
33.9708
34.0
34.0423
34.0452
34.078
34.0859
34.1023
34.1246
34.1738
34.1981
34.2144
34.3549
34.3653
34.3847
34.402
34.406
34.4581
34.5261
34.7976
34.8005
34.8159
34.8363
34.8635
34.8934
35.0085
35.0278
35.0423
35.0993
35.1033
35.1177
35.137
35.137
35.2512
35.3092
35.3112
35.3633
35.3847
35.3876
35.406
35.408
35.4224
35.4968
35.5539
35.5733
35.6274
35.6392
35.6517
35.6661
35.7038
35.7291
35.7405
35.7445
35.7579
35.7986
35.8383
35.873
35.873
35.8973
35.9088
35.9291
35.9658
36.0269
36.0472
36.0993
36.1226
36.139
36.1564
36.1584
36.2676
36.3365
36.3663
36.4184
36.4571
36.4631
36.5549
36.5985
36.609
36.6854
36.7058
36.8343
36.8353
36.8556
36.9088
36.9271
36.938
37.0
37.0085
37.0393
37.0705
37.1167
37.1738
37.1931
37.3122
37.3286
37.344
37.3663
37.6149
37.6477
37.671
37.7038
37.7221
37.7743
37.8576
37.9088
37.9157
37.9658
38.0085
38.0259
38.0626
38.0954
38.1013
38.1226
38.14
38.144
38.2358
38.3906
38.4601
38.4814
38.5539
38.5867
38.5887
38.5887
38.5956
38.7038
38.7172
38.7182
38.7435
38.7579
38.8045
38.8963
38.9078
38.9117
38.9445
39.0114
39.0134
39.0269
39.0964
39.1177
39.1197
39.2735
39.2909
39.3237
39.3256
39.3663
39.3732
39.3837
39.403
39.4844
39.5122
39.5742
39.612
39.673
39.6998
39.7018
39.7966
39.814
39.8943
39.9524
39.9668
40.0383
40.0413
40.0442
40.0646
40.081
40.1082
40.1127
40.1449
40.2075
40.2482
40.2765
40.283
40.3847
40.3916
40.4194
40.6274
40.8179
40.8343
40.8701
40.871
40.9445
41.0026
41.1524
41.1554
41.1708
41.1767
41.2453
41.2472
41.2948
41.3207
41.3604
41.3906
41.4204
41.4883
41.4929
41.4978
41.4988
41.5926
41.6293
41.6815
41.7281
41.8169
41.8333
41.8864
41.8943
41.9281
41.9485
41.9619
41.9812
42.0239
42.138
42.1515
42.1534
42.1564
42.1574
42.1902
42.2289
42.2522
42.2541
42.2938
42.4348
42.5152
42.5608
42.6224
42.7097
42.7763
42.8159
42.8383
42.8576
42.871
42.9038
42.9137
42.9425
42.9455
42.9494
43.0577
43.0695
43.1137
43.2065
43.2472
43.3073
43.3787
43.3837
43.3886
43.4552
43.5355
43.5529
43.5946
43.606
43.6274
43.6418
43.6497
43.7008
43.7038
43.8442
43.9127
43.9504
43.9862
44.0983
44.1698
44.1718
44.1748
44.1931
44.2105
44.2269
44.2859
44.3013
44.3991
44.4135
44.4765
44.5316
44.6795
44.7097
44.7241
44.9048
44.9068
44.9465
45.0363
45.1361
45.1515
45.1902
45.1911
45.3614
45.3807
45.4328
45.4417
45.4735
45.4958
45.5037
45.5261
45.6244
45.6497
45.6592
45.7008
45.8467
45.8497
45.9648
46.0035
46.0596
46.0606
46.0665
46.0725
46.08
46.1147
46.2065
46.2348
46.2869
46.3237
46.3932
46.4785
46.5296
46.5877
46.6274
46.6775
46.6834
46.7172
46.8651
47.0577
47.0675
47.079
47.1515
47.1862
47.2075
47.2154
47.282
47.3614
47.4254
47.4338
47.4785
47.4814
47.4883
47.5103
47.5867
47.6159
47.6805
47.6979
47.81
47.8507
47.8661
47.9137
47.9232
47.9891
48.0452
48.08
48.1147
48.1351
48.1524
48.1921
48.2095
48.2849
48.3951
48.5857
48.5857
48.6428
48.7618
48.938
48.9405
48.9757
48.9921
49.0189
49.0363
49.2423
49.2616
49.2646
49.3197
49.3827
49.3981
49.6378
49.6572
49.6894
49.7926
49.8294
49.9763
50.0006
50.0452
50.1147
50.1911
50.2056
50.2541
50.2725
50.3479
50.4988
50.55
50.5673
50.5837
50.6224
50.6949
50.7162
50.8641
50.8914
50.9271
50.9931
51.0557
51.0586
51.1137
51.1475
51.1872
51.1951
51.2056
51.2065
51.2289
51.2472
51.2616
51.279
51.4289
51.5847
51.61
51.7202
51.7723
51.808
51.8363
51.8497
51.8641
51.9947
52.0334
52.0711
52.074
52.1272
52.2135
52.2387
52.3187
52.4105
52.6001
52.6041
52.6562
52.6805
52.7008
52.752
52.7638
52.8264
52.9465
53.0383
53.0567
53.0711
53.077
53.0934
53.3479
53.4706
53.4725
53.5837
53.6755
53.6785
53.751
53.7618
53.8576
53.8651
53.9202
54.1321
54.2085
54.3167
54.344
54.3633
54.3912
54.4909
54.5673
54.5817
54.6155
54.6611
54.8914
54.9947
55.0586
55.0721
55.0885
55.2453
55.3341
55.3614
55.4165
55.6487
55.6785
55.7326
55.7539
55.8969
55.9127
55.9376
55.9425
55.9455
56.0314
56.0537
56.1088
56.2085
56.2423
56.3564
56.4338
56.4706
56.5191
56.7142
56.7152
56.7917
56.8274
56.8547
56.8651
56.8924
56.8943
56.9862
57.0304
57.1137
57.2036
57.219
57.2239
57.2413
57.2636
57.3331
57.3361
57.3505
57.3807
57.3912
57.4105
57.4135
57.486
57.5654
57.5817
57.6329
57.6398
57.6775
57.7287
57.7316
57.751
57.7782
57.815
57.9668
58.0373
58.1088
58.1678
58.2318
58.2393
58.2964
58.4194
58.4482
58.545
58.6726
58.7877
58.8229
58.8691
58.8825
58.9242
58.955
59.1341
59.1832
59.2557
59.2597
59.3951
59.5063
59.5768
59.874
59.8785
59.9088
59.9405
59.9733
60.0274
60.0681
60.1435
60.1619
60.221
60.3108
60.3535
60.3912
60.4234
60.4473
60.4522
60.4785
60.5401
60.5634
60.6041
60.6165
60.7287
60.7346
60.8035
61.4105
61.4289
61.4319
61.5962
61.6526
61.6542
61.7103
61.7818
61.8467
61.9743
62.014
62.0488
62.1291
62.1311
62.2731
62.3689
62.3932
62.4086
62.4319
62.4453
62.483
62.7133
62.752
62.7693
62.9088
62.9793
63.1088
63.1222
63.1748
63.2567
63.3033
63.3689
63.4482
63.467
63.4696
63.5178
63.6244
63.6418
63.6562
63.689
63.7073
63.7579
63.8408
63.9182
64.0577
64.1039
64.1609
64.1793
64.1803
64.1862
64.1967
64.2676
64.281
64.3197
64.4076
64.4725
64.7664
64.8205
64.9202
65.013
65.1455
65.1773
65.2915
65.4076
65.4338
65.4348
65.4522
65.6021
65.606
65.6542
65.6815
65.6949
65.7385
65.8205
65.8641
66.0274
66.0894
66.1406
66.2075
66.2954
66.3659
66.3843
66.5178
66.6765
66.6919
66.7063
66.8766
66.892
66.9028
67.011
67.013
67.075
67.157
67.6339
67.749
68.1212
68.3381
68.3679
68.4269
68.483
68.545
68.6418
68.7595
68.8408
68.8622
68.9018
68.95
68.9648
69.0661
69.0875
69.1039
69.1252
69.1803
69.42
69.4443
69.4617
69.4929
69.6358
69.6795
69.7083
69.8185
69.8274
69.8537
69.9103
69.9297
69.9356
69.952
69.952
69.9862
70.1813
70.2374
70.2616
70.3738
70.6106
70.6135
70.6145
70.6591
70.7316
70.8477
70.952
70.9887
71.0458
71.0661
71.1783
71.2537
71.3554
71.5247
71.5351
71.605
71.7401
71.9346
71.9589
71.9937
72.0071
72.0914
72.2577
72.2885
72.2905
72.3069
72.3699
72.5018
72.6358
72.6716
72.7401
72.7411
72.747
72.9182
72.9455
73.0071
73.0478
73.3659
73.4646
73.5778
73.6076
73.7431
73.7828
73.7982
73.8716
73.9704
73.9733
74.0448
74.0701
74.0875
74.3118
74.3639
74.3699
74.5168
74.5515
74.6552
75.0488
75.1252
75.1927
75.2701
75.2711
75.4056
75.5168
75.7768
75.955
75.9783
76.3242
76.3465
76.3624
76.3783
76.4745
76.5351
76.6408
76.6637
76.6716
76.8165
76.9599
77.1907
77.3148
77.4046
77.7296
77.75
77.7867
77.8572
78.0081
78.0284
78.0845
78.1813
78.2111
78.2423
78.3446
78.3803
78.7237
78.7411
78.8116
78.813
78.8369
78.8697
78.9451
79.0458
79.0865
79.2597
79.2994
79.417
79.5033
79.5565
79.5991
80.1317
80.151
80.2131
80.3108
80.4567
80.5555
80.6319
80.7188
80.7227
80.888
80.9599
81.0195
81.0681
81.0989
81.1888
81.2855
81.4394
81.6309
81.6607
81.9619
82.2413
82.3679
82.4319
82.4463
82.4935
82.5138
82.7838
82.9743
83.0691
83.2845
83.3416
83.3619
83.4007
83.5108
83.5158
83.5227
83.5778
83.6443
83.7113
83.8661
83.9664
83.9818
84.1868
84.3049
84.5187
84.7326
84.7346
84.7932
85.0736
85.1153
85.3446
85.357
85.4676
85.6617
85.6929
85.6994
85.7838
85.7952
85.8835
85.9684
86.1104
86.2285
86.4403
86.5272
86.627
86.828
87.033
87.0582
87.2042
87.483
87.5059
87.6919
87.7421
87.9917
88.093
88.1416
88.1694
88.2364
88.2885
88.3803
88.4492
88.4954
88.5446
88.5699
88.6125
88.6607
88.7709
88.9783
88.9798
89.0205
89.0806
89.1793
89.2547
89.3153
89.4299
89.4935
89.5669
89.6512
90.0369
90.1114
90.2547
90.4771
90.6135
90.626
90.6686
90.683
90.7168
90.8096
90.8969
91.0205
91.0969
91.3773
91.4469
91.4711
91.7208
91.7808
91.8552
91.8841
91.9257
91.9615
91.9848
92.2091
92.5436
92.6528
92.7431
92.7585
93.0136
93.5803
93.8264
94.096
94.1114
94.1238
94.1481
94.2498
94.3416
94.3485
94.4305
94.7257
94.8801
94.9218
94.9392
95.1054
95.1917
95.2796
95.298
95.358
95.4478
95.4627
95.5416
95.5446
95.6037
95.6935
95.6935
95.7322
95.9694
96.0389
96.0697
96.1287
96.3659
96.422
96.5253
96.5377
96.5407
97.0622
97.2002
97.2121
97.2885
97.4672
97.483
97.5416
97.6135
97.6463
97.6568
97.6791
97.7525
97.9084
98.0553
98.3694
98.6627
98.8057
98.9392
98.9933
99.0369
99.0582
99.3153
99.357
99.7565
99.9153
99.9188
99.9555
100.1114
100.2652
100.2806
100.4121
100.6771
100.828
100.8801
100.9719
101.0002
101.0091
101.1818
101.2344
101.6974
101.8821
102.1382
102.2206
102.2786
102.6682
102.8762
102.9565
102.9585
103.1242
103.1665
103.2285
103.235
103.4498
103.6161
103.7466
103.7719
103.7883
103.9139
103.9779
103.9903
104.1809
104.2186
104.4072
104.7456
104.7565
104.9913
105.1818
105.1992
105.3114
105.9759
106.291
106.3446
106.3858
106.4081
106.6181
106.8201
107.0736
107.214
107.2468
107.3298
107.479
107.5823
107.6424
107.684
107.7198
107.9303
107.9342
107.9962
108.0474
108.1431
108.2389
108.3094
108.6345
108.766
108.8191
109.4796
109.5357
109.8762
110.0146
110.4131
110.4275
110.4865
110.8037
111.1392
111.7109
111.8066
111.9277
111.9763
112.033
112.0503
112.4885
112.5371
112.5912
113.3317
113.5476
113.557
113.6761
113.7784
113.7794
113.9188
114.1779
114.3386
114.3967
114.4002
115.0811
115.1923
115.2523
115.2563
115.3045
115.3615
115.3625
115.5
115.5501
115.8762
115.9362
116.1516
116.2389
116.3094
116.3406
116.502
116.5298
116.9303
117.1893
117.3124
118.1208
118.235
118.2488
118.2851
118.4176
118.4632
118.5377
119.1208
119.1605
119.2484
119.3868
119.6429
119.8598
120.0375
120.1783
120.3019
120.3967
120.4518
120.6633
121.5318
122.1228
122.1343
122.3898
122.7988
123.2826
123.3268
123.4042
123.8161
123.8479
123.889
124.1159
124.2458
124.2628
124.3848
124.5298
124.9362
126.1779
126.2245
126.2816
126.3199
126.4072
126.4984
126.8151
127.2409
127.4488
127.6032
127.6246
127.7853
128.2235
128.3432
128.6092
128.8276
128.8886
129.0752
129.093
129.0965
129.3779
129.5655
129.7243
129.8578
129.901
130.0523
130.1248
130.2533
130.4301
130.5318
131.0444
131.0588
131.561
132.0414
132.2018
132.2553
132.6672
132.8132
133.1218
133.2444
133.5452
133.5784
133.6439
133.7755
133.7859
133.8122
134.1874
134.8752
135.1437
135.1913
135.8623
135.9591
135.9765
136.5393
136.6147
136.844
137.0306
137.1123
137.3005
138.1759
138.6603
139.0102
139.4097
140.2136
140.5462
140.637
141.4901
141.6682
143.0018
143.167
143.2926
144.311
144.8663
144.9939
145.2355
145.2415
145.3159
145.6921
145.7124
145.7656
145.7899
145.9224
146.0063
146.0807
146.5626
146.5938
147.0975
147.1427
147.2316
147.6504
147.8181
148.0837
148.1651
149.0083
149.2831
149.3923
149.6842
150.1651
150.1874
150.7983
150.8728
150.9889
151.0391
151.2172
151.5383
151.6301
151.6757
152.0414
152.6882
153.1109
153.4405
153.7541
153.9775
154.1765
154.2713
154.2723
154.4216
154.839
154.8524
154.985
156.3943
157.5566
158.167
159.1234
160.0073
160.4956
161.0246
161.1358
161.5681
162.2857
162.7354
163.1933
163.3244
163.434
163.4917
163.578
164.7452
165.6465
166.3526
166.9249
167.041
167.1165
167.3185
167.8216
168.6797
169.0217
169.106
169.1467
169.311
169.4297
170.2768
170.6019
170.9626
171.4891
172.243
172.4956
172.8341
173.3457
173.4152
173.4838
174.5389
174.7557
175.1368
175.2257
175.4504
175.7314
176.3418
176.3428
177.9462
178.5025
180.6753
180.8177
181.513
181.6182
181.9229
181.9601
182.5205
182.5691
183.2118
183.2668
183.6475
183.714
183.985
184.6619
184.7671
187.0187
188.7701
189.6425
189.9895
190.1656
190.2575
190.5959
191.2008
192.2197
192.6619
193.1046
193.8068
195.6812
197.2585
199.2594
199.5081
199.7428
200.1567
200.1617
202.2099
202.8902
204.1945
205.0193
205.9429
206.0531
206.1751
208.9275
209.8074
210.5428
212.4565
213.0768
213.5146
214.0918
214.3181
214.669
214.9757
215.2193
215.6789
215.8892
216.6342
220.0872
221.4391
221.6313
221.7707
221.9921
222.2774
223.525
223.8625
224.2968
224.4332
226.1508
226.8114
226.9573
227.0055
227.0387
227.342
229.0898
229.9806
230.0829
230.7523
237.402
239.7821
240.0933
241.5673
241.933
242.0799
243.8035
244.2426
246.1127
246.1767
247.6496
247.8635
248.1255
248.6332
249.076
249.7539
250.0858
250.4194
251.1544
252.4774
259.1127
271.8293
274.7033
276.7896
277.479
279.7093
281.9395
286.0625
288.2071
288.274
289.1549
290.1946
291.3108
294.7663
295.5823
298.6086
298.9926
299.5489
300.0621
301.5406
308.9053
309.7529
310.0821
310.2513
310.2825
311.0651
314.9431
318.356
319.2588
324.7118
328.4533
331.8092
332.5511
338.0161
340.6826
342.4225
348.3224
350.0623
350.5268
353.7124
353.7416
354.4811
355.8915
360.7303
367.5546
373.631
375.6931
386.3909
387.9482
392.7031
401.715
411.4122
413.9626
415.4034
426.8287
432.5512
435.6595
442.0019
446.4337
447.8743
492.004
512.9375
530.1719
