3.0
3.0
3.0
3.0
3.0
3.0
3.0
3.0
3.0
3.0
3.0
3.0
3.0
3.0
3.0
3.0
3.0
3.0
3.0
3.0
3.0
3.0
3.0
3.0
3.0
3.0
3.0
3.0
3.0
3.0
3.0
3.0
3.0
3.0
3.0
3.0
3.0
3.0
3.0
3.0
3.0
3.0
3.0
3.0
3.0
3.0
3.0
3.0
3.0
3.0
3.0
3.0
3.0
3.0
3.0
3.0
3.0
3.0
3.0
3.0
3.0
3.0
3.0
3.0
3.0
3.0
3.0
3.0
3.0
3.0
3.0
3.0
3.0
3.0
3.0
3.0
3.0
3.0
3.0
3.0
3.0
3.0
3.0
3.0
3.0
3.0
3.0
3.0
3.0
3.0
3.0
3.0
3.0
3.0
3.0
3.0
3.0
3.0
3.0
3.0
3.0
3.0
3.0
3.0
3.0
3.0
3.0
3.0
3.0
3.0
3.0
3.0
3.0
3.0
3.0
3.0
3.0
3.0
3.0
3.0
3.0
3.0
3.0
3.0
3.0
3.0
3.0
3.0
3.0
3.0
3.0
3.0
3.0
3.0
3.0
3.0
3.0
3.0
3.0
3.0
3.0
3.0
3.0
3.0
3.0
3.0
3.0
3.0
3.0
3.0
3.0
3.0
3.0
3.0
3.0
3.0
3.0
3.0
3.0
3.0
3.0
3.0
3.0
3.0
3.0
3.0
3.0
3.0
3.0
3.0
3.0
3.0
3.0
3.0
3.0
3.0
3.0
3.0
3.0
3.0
3.0
3.0
3.0
3.0
3.0
3.0
3.0
3.0
3.0
3.0
3.0
3.0
3.0
3.0
3.0
3.0
3.0
3.0
3.0
3.0
3.0
3.0
3.0
3.0
3.0
3.0
3.0
3.0
3.0
3.0
3.0
3.0
3.0
3.0
3.0
3.0
3.0
3.0
3.0
3.0
3.0
3.0
3.0
3.0
3.0
3.0
3.0
3.0
3.0
3.0
3.0
3.0
3.0
3.0
3.0
3.0
3.0
3.0
3.0
3.0
3.0
3.0
3.0
3.0
3.0
3.0
3.0
3.0
3.0
3.0
3.0
3.0
3.0
3.0
3.0
3.0
3.0
3.0
3.0
3.0
3.0
3.0
3.0
3.0
3.0
3.0
3.0
3.0
3.0
3.0
3.0
3.0
3.0
3.0
3.0
3.0
3.0
4.0
4.0
4.0
4.0
4.0
4.0
4.0
4.0
4.0
4.0
4.0
4.0
4.0
4.0
4.0
4.0
4.0
4.0
4.0
4.0
4.0
4.0
4.0
4.0
4.0
4.0
4.0
4.0
4.0
4.0
4.0
4.0
4.0
4.0
4.0
4.0
4.0
4.0
4.0
4.0
4.0
4.0
4.0
4.0
4.0
4.0
4.0
4.0
4.0
4.0
4.0
4.0
4.0
4.0
4.0
4.0
4.0
4.0
4.0
4.0
4.0
4.0
4.0
4.0
4.0
4.0
4.0
4.0
4.0
4.0
4.0
4.0
4.0
4.0
4.0
4.0
4.0
4.0
4.0
4.0
4.0
4.0
4.0
4.0
4.0
4.0
4.0
4.0
4.0
4.0
4.0
4.0
4.0
4.0
4.0
4.0
4.0
4.0
4.0
4.0
4.0
4.0
4.0
4.0
4.0
4.0
4.0
4.0
4.0
4.0
4.0
4.0
4.0
4.0
4.0
4.0
4.0
4.0
4.0
4.2997
4.2997
4.2997
4.2997
4.2997
4.2997
4.2997
4.2997
4.3375
4.3375
4.3375
4.3375
4.3375
4.3375
4.3375
4.3375
4.3752
4.3752
4.3752
4.4129
4.4129
4.4129
4.4129
4.4129
4.4506
4.4506
4.4506
4.4506
4.4883
4.4883
4.4883
4.526
4.526
4.526
4.526
4.5638
4.5638
4.5638
4.5638
4.5638
4.6015
4.6015
4.6015
4.6392
4.6392
4.6769
4.6769
4.6769
4.6769
4.7146
4.7146
4.7146
4.7146
4.7146
4.7523
4.7523
4.7523
4.7901
4.7901
4.7901
4.7901
4.7901
4.8278
4.8655
4.8655
4.9032
4.9032
4.9032
4.9409
4.9409
4.9409
4.9409
4.9786
4.9786
5.0
5.0
5.0
5.0
5.0
5.0
5.0
5.0
5.0
5.0
5.0
5.0
5.0
5.0
5.0
5.0
5.0
5.0
5.0
5.0
5.0
5.0
5.0
5.0
5.0
5.0
5.0
5.0
5.0
5.0
5.0
5.0
5.0
5.0
5.0
5.0
5.0
5.0
5.0
5.0
5.0
5.0
5.0
5.0
5.0
5.0
5.0
5.0
5.0
5.0
5.0
5.0
5.0
5.0
5.0
5.0
5.0
5.0
5.0
5.0
5.0
5.0
5.0
5.0
5.0
5.0
5.0
5.0
5.0
5.0
5.0
5.0
5.0164
5.0164
5.0164
5.0541
5.0541
5.0541
5.0918
5.0918
5.0918
5.1295
5.1295
5.1295
5.1295
5.1672
5.1672
5.1672
5.1672
5.1672
5.205
5.205
5.205
5.205
5.205
5.2427
5.2427
5.2804
5.2997
5.2997
5.3181
5.3181
5.3181
5.3375
5.3375
5.3558
5.3558
5.3558
5.3558
5.3558
5.3752
5.3752
5.3752
5.3935
5.3935
5.3935
5.3935
5.4129
5.4129
5.4129
5.4129
5.4313
5.4313
5.4313
5.4313
5.4506
5.4506
5.4506
5.4506
5.4506
5.469
5.469
5.469
5.469
5.469
5.4883
5.5067
5.5067
5.526
5.526
5.526
5.5444
5.5444
5.5444
5.5638
5.5638
5.5638
5.5821
5.5821
5.5821
5.6015
5.6015
5.6015
5.6015
5.6198
5.6198
5.6198
5.6198
5.6198
5.6392
5.6392
5.6392
5.6392
5.6576
5.6576
5.6576
5.6576
5.6576
5.6769
5.6769
5.6953
5.6953
5.6953
5.6953
5.6953
5.7146
5.7146
5.7146
5.7146
5.7146
5.7146
5.7146
5.7523
5.7523
5.7523
5.7707
5.7707
5.7707
5.7901
5.7901
5.8084
5.8084
5.8278
5.8461
5.8461
5.8655
5.8839
5.8839
5.9032
5.9032
5.9032
5.9409
5.9409
5.9593
5.9593
5.9593
5.9593
5.9593
5.9786
5.9786
5.997
5.997
5.997
5.997
6.0
6.0
6.0
6.0
6.0
6.0
6.0
6.0
6.0
6.0
6.0
6.0
6.0
6.0
6.0
6.0
6.0
6.0
6.0
6.0
6.0
6.0
6.0
6.0
6.0
6.0
6.0
6.0
6.0
6.0
6.0
6.0
6.0
6.0
6.0164
6.0347
6.0347
6.0541
6.0541
6.0541
6.0724
6.0724
6.0724
6.0918
6.1102
6.1102
6.1102
6.1102
6.1295
6.1295
6.1295
6.1479
6.1479
6.1479
6.1672
6.1856
6.1856
6.1856
6.1856
6.1856
6.205
6.205
6.2233
6.2233
6.2233
6.2427
6.261
6.261
6.2804
6.2804
6.2804
6.2987
6.2987
6.2987
6.2987
6.2987
6.2987
6.2987
6.2997
6.3365
6.3375
6.3375
6.3375
6.3558
6.3558
6.3558
6.3558
6.3742
6.3742
6.3742
6.3742
6.3742
6.3742
6.3752
6.3935
6.3935
6.4129
6.4129
6.4313
6.4496
6.4506
6.4506
6.4506
6.469
6.4873
6.4873
6.4873
6.4873
6.4873
6.4883
6.4883
6.5067
6.5067
6.525
6.525
6.525
6.525
6.525
6.5444
6.5444
6.5628
6.5628
6.5638
6.5821
6.5821
6.5821
6.5821
6.5821
6.6005
6.6005
6.6005
6.6015
6.6015
6.6382
6.6382
6.6382
6.6382
6.6382
6.6576
6.6759
6.6759
6.6759
6.6759
6.6759
6.6769
6.6769
6.6953
6.6953
6.6953
6.6953
6.6953
6.7136
6.7136
6.7136
6.7514
6.7514
6.7514
6.7514
6.7523
6.7523
6.7523
6.7707
6.7707
6.7707
6.7707
6.7891
6.7891
6.7891
6.7901
6.7901
6.8084
6.8268
6.8268
6.8268
6.8268
6.8461
6.8461
6.8645
6.8645
6.8655
6.8655
6.8655
6.8655
6.8655
6.8839
6.8839
6.8839
6.8839
6.9022
6.9022
6.9022
6.9022
6.9022
6.9216
6.9216
6.9399
6.9399
6.9399
6.9399
6.9409
6.9593
6.9593
6.9777
6.9786
6.9786
6.997
7.0
7.0
7.0
7.0
7.0
7.0
7.0
7.0
7.0
7.0
7.0
7.0
7.0
7.0
7.0
7.0
7.0
7.0
7.0
7.0
7.0
7.0
7.0
7.0
7.0
7.0
7.0
7.0
7.0
7.0
7.0
7.0
7.0
7.0
7.0
7.0
7.0154
7.0154
7.0154
7.0154
7.0154
7.0164
7.0164
7.0164
7.0531
7.0531
7.0531
7.0531
7.0531
7.0541
7.0541
7.0541
7.0724
7.1102
7.1102
7.1102
7.1285
7.1285
7.1285
7.1285
7.1285
7.1295
7.1295
7.1479
7.1662
7.1662
7.1662
7.1662
7.1672
7.204
7.204
7.204
7.2233
7.2233
7.2417
7.2427
7.261
7.261
7.2794
7.2794
7.2804
7.2804
7.2987
7.2987
7.3171
7.3171
7.3171
7.3171
7.3181
7.3365
7.3365
7.3375
7.3548
7.3548
7.3548
7.3742
7.3742
7.3935
7.3935
7.4119
7.4129
7.4303
7.4303
7.4496
7.4496
7.4506
7.468
7.468
7.468
7.468
7.468
7.468
7.4873
7.5057
7.525
7.526
7.526
7.526
7.5434
7.5434
7.5434
7.5434
7.5434
7.5444
7.5444
7.5444
7.5628
7.5628
7.5628
7.5811
7.5811
7.5821
7.5821
7.6005
7.6188
7.6198
7.6198
7.6382
7.6566
7.6576
7.6576
7.6576
7.6576
7.6759
7.6759
7.6759
7.6769
7.6769
7.6943
7.6943
7.6943
7.6953
7.7136
7.7146
7.7146
7.732
7.732
7.732
7.732
7.733
7.7514
7.7514
7.7523
7.7697
7.7707
7.7891
7.7891
7.8268
7.8268
7.8268
7.8268
7.8268
7.8451
7.8461
7.8461
7.8461
7.8461
7.8645
7.8655
7.8655
7.8829
7.8829
7.8829
7.8829
7.8829
7.8839
7.8839
7.8839
7.9022
7.9032
7.9206
7.9206
7.9206
7.9206
7.9399
7.9399
7.9409
7.9583
7.9593
7.9593
7.9777
7.9786
7.996
7.996
8.0
8.0
8.0
8.0
8.0
8.0
8.0
8.0
8.0
8.0
8.0
8.0
8.0154
8.0337
8.0337
8.0337
8.0337
8.0531
8.0541
8.0541
8.0541
8.0714
8.0714
8.0724
8.0908
8.0908
8.0918
8.0918
8.1092
8.1092
8.1102
8.1102
8.1285
8.1469
8.1469
8.1469
8.1469
8.1469
8.1479
8.1479
8.1662
8.1672
8.1846
8.1846
8.1856
8.204
8.204
8.204
8.204
8.204
8.205
8.2223
8.2223
8.2223
8.2223
8.2417
8.2427
8.2427
8.261
8.2794
8.2804
8.2804
8.2987
8.2987
8.2987
8.2987
8.2987
8.3171
8.3181
8.3355
8.3375
8.3375
8.3548
8.3548
8.3732
8.3732
8.3732
8.3732
8.3742
8.3935
8.3935
8.4109
8.4109
8.4109
8.4109
8.4119
8.4129
8.4129
8.4303
8.4303
8.4486
8.4486
8.4486
8.4486
8.468
8.468
8.4863
8.4873
8.4873
8.4883
8.5057
8.5067
8.5241
8.5241
8.525
8.5434
8.5444
8.5618
8.5618
8.5618
8.5628
8.5628
8.5628
8.5821
8.5995
8.5995
8.5995
8.6188
8.6188
8.6198
8.6198
8.6372
8.6566
8.6576
8.6749
8.6759
8.6769
8.6943
8.6953
8.7126
8.7126
8.7126
8.7126
8.7136
8.732
8.732
8.732
8.7504
8.7697
8.7697
8.7891
8.7891
8.7901
8.7901
8.8074
8.8074
8.8074
8.8084
8.8258
8.8268
8.8278
8.8451
8.8451
8.8451
8.8635
8.8645
8.8655
8.8829
8.8829
8.8829
8.8829
8.8839
8.9012
8.9012
8.9206
8.9206
8.9206
8.9216
8.9389
8.9389
8.9399
8.9583
8.9583
8.9583
8.9583
8.9777
8.996
8.997
9.0
9.0
9.0
9.0
9.0
9.0
9.0
9.0
9.0
9.0
9.0144
9.0144
9.0154
9.0164
9.0164
9.0337
9.0337
9.0337
9.0337
9.0337
9.0521
9.0531
9.0541
9.0724
9.0898
9.0898
9.0898
9.0908
9.1092
9.1092
9.1102
9.1275
9.1469
9.1469
9.1479
9.1652
9.1652
9.1662
9.1672
9.1846
9.203
9.205
9.2223
9.2407
9.2407
9.2407
9.26
9.26
9.261
9.2784
9.2804
9.2804
9.2977
9.2977
9.3161
9.3161
9.3161
9.3375
9.3538
9.3548
9.3548
9.3742
9.3752
9.3915
9.3915
9.3915
9.3925
9.3925
9.3925
9.4109
9.4119
9.4129
9.4293
9.4313
9.4486
9.4486
9.4486
9.4496
9.467
9.468
9.468
9.5047
9.5047
9.5057
9.526
9.5424
9.5424
9.5424
9.5434
9.5444
9.5444
9.5801
9.5801
9.5801
9.5801
9.5811
9.5811
9.5995
9.5995
9.6005
9.6015
9.6178
9.6198
9.6372
9.6372
9.6372
9.6382
9.6566
9.6749
9.6749
9.6759
9.6933
9.6933
9.6943
9.6943
9.7126
9.7126
9.7146
9.731
9.731
9.731
9.732
9.733
9.7504
9.7504
9.7697
9.7697
9.7697
9.7697
9.8064
9.8084
9.8258
9.8268
9.8278
9.8441
9.8441
9.8635
9.8635
9.8819
9.9012
9.9012
9.9196
9.9196
9.9216
9.9389
9.9389
9.9573
9.9573
9.9787
9.995
9.995
9.995
9.997
10.0
10.0
10.0
10.0
10.0
10.0154
10.0327
10.0327
10.0521
10.0521
10.0531
10.0705
10.0705
10.0705
10.0714
10.0898
10.1082
10.1082
10.1092
10.1275
10.1285
10.1285
10.1479
10.1479
10.1662
10.1672
10.1672
10.1846
10.204
10.2213
10.2223
10.2407
10.259
10.26
10.2784
10.2784
10.2784
10.2794
10.2804
10.2977
10.2977
10.2987
10.2987
10.2997
10.2997
10.3161
10.3345
10.3365
10.3365
10.3375
10.3548
10.3732
10.3732
10.3915
10.3915
10.4099
10.4129
10.4313
10.4476
10.4476
10.4486
10.4486
10.4863
10.4873
10.5047
10.5231
10.5424
10.5424
10.5801
10.5985
10.5985
10.5985
10.5995
10.5995
10.6015
10.6362
10.6362
10.6739
10.6933
10.6943
10.6943
10.7116
10.7126
10.7126
10.731
10.7504
10.7504
10.7504
10.7687
10.7687
10.7687
10.7871
10.7871
10.7871
10.7891
10.7901
10.8064
10.8064
10.8074
10.8258
10.8268
10.8441
10.8625
10.8625
10.8635
10.8635
10.8819
10.9002
10.9002
10.9002
10.9196
10.9379
10.9379
10.9379
10.9379
10.9389
10.9399
10.9573
10.9757
10.9757
10.996
10.996
10.996
11.0
11.0
11.0
11.0
11.0
11.0
11.0134
11.0154
11.0164
11.0327
11.0511
11.0511
11.0521
11.0521
11.0714
11.0724
11.0888
11.0888
11.0888
11.0888
11.1082
11.1082
11.1082
11.1265
11.1265
11.1265
11.1275
11.1459
11.1642
11.1642
11.1836
11.2213
11.2213
11.2223
11.2223
11.2397
11.2774
11.2784
11.2784
11.2968
11.3151
11.3151
11.3151
11.3161
11.3345
11.3355
11.3375
11.3528
11.3538
11.3722
11.3732
11.3732
11.3905
11.3925
11.4099
11.4099
11.4099
11.4119
11.4283
11.4283
11.4303
11.4476
11.4496
11.466
11.467
11.468
11.4853
11.5047
11.5231
11.5241
11.5414
11.5414
11.5414
11.5434
11.5608
11.5608
11.5608
11.5618
11.5791
11.5801
11.5801
11.5801
11.5801
11.5995
11.6372
11.6546
11.6566
11.6566
11.6739
11.6759
11.7116
11.7126
11.73
11.7494
11.7677
11.7677
11.7677
11.7871
11.7871
11.7871
11.8074
11.8258
11.8432
11.8441
11.8451
11.8461
11.8625
11.8655
11.8809
11.8819
11.9186
11.9379
11.9409
11.9583
11.9777
11.994
11.994
11.994
11.994
11.994
11.995
12.0
12.0
12.0134
12.0134
12.0134
12.0144
12.0154
12.0317
12.0511
12.0531
12.0531
12.0695
12.0695
12.0888
12.0888
12.1072
12.1092
12.1102
12.1265
12.1459
12.1642
12.202
12.204
12.204
12.2203
12.2213
12.2407
12.258
12.26
12.2958
12.2958
12.2968
12.2997
12.3151
12.3335
12.3335
12.3345
12.3355
12.3712
12.3712
12.3712
12.3732
12.3915
12.4089
12.4283
12.4293
12.4293
12.4466
12.4466
12.4466
12.4476
12.4843
12.5037
12.5057
12.5791
12.5801
12.5975
12.6168
12.6168
12.6352
12.6352
12.6392
12.6923
12.6923
12.7106
12.7106
12.7116
12.7116
12.73
12.7484
12.7484
12.7484
12.7494
12.7504
12.7677
12.7697
12.8054
12.8064
12.8064
12.8064
12.8064
12.8238
12.8238
12.8432
12.8615
12.8615
12.8819
12.8819
12.9369
12.9369
12.9379
12.9389
12.9573
12.9593
12.9757
12.994
13.0
13.0134
13.0317
13.0317
13.0501
13.0511
13.0724
13.0878
13.0878
13.0878
13.1072
13.1072
13.1082
13.1255
13.1255
13.1265
13.1632
13.1632
13.202
13.2387
13.261
13.2764
13.2764
13.2794
13.2958
13.2968
13.3161
13.3161
13.3335
13.3518
13.3712
13.3722
13.3896
13.3896
13.3896
13.3905
13.4089
13.4089
13.4089
13.4273
13.4283
13.465
13.466
13.466
13.4853
13.4863
13.5037
13.5037
13.5404
13.5404
13.5628
13.5781
13.5781
13.5781
13.5801
13.6159
13.6536
13.6536
13.6576
13.6729
13.6739
13.6913
13.6913
13.6913
13.6943
13.7106
13.7116
13.7136
13.729
13.733
13.7494
13.7667
13.7861
13.7861
13.7861
13.7871
13.8238
13.8248
13.8248
13.8248
13.8461
13.8615
13.8799
13.9002
13.9012
13.9022
13.9176
13.9176
13.9186
13.9196
13.9369
13.9369
13.9379
13.9399
13.9553
13.9747
13.9787
13.993
14.0
14.0
14.0144
14.0501
14.0501
14.0511
14.0685
14.0878
14.1062
14.1062
14.1255
14.1265
14.1275
14.1439
14.1439
14.1449
14.1449
14.1632
14.1816
14.1816
14.1816
14.1836
14.2387
14.2387
14.257
14.2948
14.3325
14.3518
14.3742
14.4079
14.4109
14.4273
14.4273
14.4273
14.4456
14.468
14.469
14.4833
14.5211
14.5404
14.5414
14.5424
14.5588
14.5588
14.5598
14.5628
14.5781
14.5781
14.5791
14.5965
14.5965
14.6159
14.6168
14.6178
14.6342
14.6352
14.6719
14.6729
14.6739
14.6953
14.6953
14.7096
14.7096
14.7474
14.7484
14.7523
14.7667
14.7687
14.7851
14.7861
14.8044
14.8044
14.8228
14.8228
14.8238
14.8238
14.8238
14.8422
14.8432
14.8605
14.8605
14.8615
14.8819
14.8982
14.9002
14.9176
14.9369
14.9369
14.9379
14.9737
14.9757
14.9767
14.993
15.0114
15.0317
15.0491
15.0491
15.0868
15.0868
15.0868
15.0878
15.0888
15.1062
15.1255
15.1255
15.1439
15.1439
15.1479
15.1623
15.1623
15.1816
15.1826
15.1826
15.2
15.2
15.2223
15.2377
15.257
15.258
15.2754
15.2754
15.2764
15.2774
15.2948
15.3131
15.3131
15.3365
15.3508
15.3528
15.3528
15.3752
15.4263
15.4263
15.4273
15.4283
15.4456
15.4466
15.464
15.464
15.4853
15.5017
15.5027
15.5221
15.5221
15.5404
15.5444
15.5588
15.5588
15.5598
15.5771
15.5781
15.5791
15.5821
15.6149
15.6526
15.6546
15.6729
15.6739
15.6739
15.6903
15.6913
15.6913
15.7146
15.728
15.73
15.731
15.733
15.7484
15.7657
15.7861
15.7861
15.8034
15.8034
15.8034
15.8238
15.8238
15.8412
15.8789
15.8789
15.8809
15.9186
15.9359
15.9543
15.9563
15.9747
15.9747
16.0
16.0
16.0307
16.0501
16.0511
16.0675
16.0675
16.0868
16.1052
16.1062
16.1062
16.1245
16.1255
16.1429
16.1429
16.1439
16.1459
16.1623
16.1623
16.1806
16.1816
16.2
16.203
16.2754
16.2784
16.2938
16.3141
16.3315
16.3325
16.3508
16.3508
16.3702
16.3712
16.3886
16.3886
16.3905
16.4079
16.4263
16.4273
16.4446
16.4456
16.464
16.4823
16.5211
16.5211
16.5221
16.526
16.5434
16.5578
16.5578
16.5578
16.5588
16.5638
16.5781
16.5965
16.5965
16.6342
16.6342
16.6526
16.6526
16.6526
16.6536
16.6709
16.6709
16.6709
16.6709
16.6903
16.6943
16.7106
16.7106
16.729
16.7464
16.7474
16.7851
16.7851
16.8034
16.8412
16.8412
16.8432
16.8625
16.8789
16.8799
16.8972
16.8992
16.8992
16.9176
16.935
16.9727
16.9737
16.992
16.992
17.0
17.0
17.0
17.0
17.0
17.0104
17.0154
17.0675
17.0685
17.1052
17.1062
17.1429
17.1429
17.1623
17.1623
17.1816
17.1816
17.203
17.2183
17.2183
17.2367
17.2367
17.2377
17.2397
17.256
17.2744
17.2754
17.2938
17.3141
17.3151
17.3315
17.3315
17.3498
17.3498
17.3702
17.3722
17.3876
17.3876
17.3896
17.3896
17.3896
17.3935
17.4069
17.4079
17.4446
17.4446
17.4476
17.463
17.463
17.5007
17.5221
17.5231
17.5384
17.5384
17.5761
17.5781
17.5791
17.6139
17.6139
17.6139
17.6332
17.6893
17.6933
17.727
17.727
17.728
17.73
17.7464
17.7484
17.8024
17.8218
17.8248
17.8278
17.8402
17.8412
17.8779
17.8779
17.8779
17.8779
17.8789
17.8972
17.9156
17.935
17.9533
17.9543
17.9563
17.9737
17.991
18.0
18.0
18.0104
18.0104
18.0104
18.0134
18.0287
18.0297
18.0665
18.0858
18.1042
18.1052
18.1235
18.1265
18.1419
18.1459
18.1806
18.2744
18.2764
18.2958
18.3682
18.3712
18.3876
18.3876
18.3915
18.4253
18.4436
18.4814
18.5007
18.5201
18.5201
18.5211
18.5241
18.5384
18.5568
18.5761
18.5945
18.5955
18.5955
18.5955
18.6178
18.6322
18.6322
18.6322
18.6352
18.6516
18.6566
18.6699
18.6699
18.6709
18.6719
18.6719
18.6729
18.728
18.729
18.7454
18.7454
18.7657
18.7657
18.7707
18.8034
18.8044
18.8402
18.8402
18.8402
18.8585
18.8585
18.8585
18.8605
18.8779
18.9156
18.934
18.9533
18.9553
18.991
19.0
19.0114
19.0297
19.0317
19.0471
19.0471
19.0491
19.0521
19.0685
19.0848
19.1042
19.1072
19.1225
19.1225
19.1603
19.1836
19.201
19.2173
19.2183
19.2357
19.2367
19.2734
19.2734
19.2764
19.2928
19.3682
19.3866
19.3866
19.3886
19.4059
19.4243
19.4436
19.463
19.463
19.463
19.4873
19.4997
19.5007
19.5027
19.5191
19.5191
19.5201
19.5384
19.5384
19.5751
19.5761
19.5955
19.6129
19.6129
19.6332
19.6362
19.6516
19.6883
19.6893
19.7087
19.7096
19.7454
19.7637
19.7647
19.7657
19.7657
19.7707
19.8014
19.8024
19.8024
19.9156
19.9156
19.9379
19.9533
19.9717
19.9717
19.99
19.991
20.0
20.0094
20.0501
20.0511
20.0848
20.0858
20.1042
20.1603
20.1786
20.1796
20.1796
20.1806
20.2367
20.2541
20.255
20.2734
20.2774
20.2918
20.2918
20.2938
20.3141
20.3498
20.3682
20.3866
20.4243
20.4243
20.4804
20.4997
20.4997
20.5384
20.5384
20.5404
20.5935
20.5935
20.5965
20.6139
20.6159
20.6312
20.6332
20.6342
20.6526
20.6903
20.7454
20.7667
20.7677
20.7821
20.8208
20.8412
20.8412
20.8422
20.8655
20.8779
20.8952
20.8962
20.933
20.933
20.9737
20.9757
21.0287
21.0665
21.0848
21.0868
21.1032
21.1593
21.1672
21.1786
21.1786
21.1786
21.1796
21.197
21.197
21.197
21.2173
21.2173
21.2347
21.2347
21.256
21.2724
21.2734
21.2918
21.2928
21.3101
21.3478
21.3488
21.3692
21.4049
21.4233
21.4426
21.461
21.461
21.4804
21.4987
21.5434
21.6015
21.6119
21.6149
21.6322
21.6342
21.6496
21.6709
21.6883
21.6883
21.7067
21.727
21.7444
21.7627
21.7667
21.7831
21.8014
21.8198
21.8575
21.8952
21.8972
21.8982
21.9136
21.9146
21.9513
22.0104
22.0327
22.0848
22.1215
22.1245
22.1399
22.1399
22.1593
22.1603
22.1613
22.1836
22.197
22.203
22.2153
22.2357
22.2367
22.2724
22.2734
22.2918
22.3285
22.3488
22.3662
22.3886
22.4416
22.4416
22.4436
22.4446
22.4466
22.4997
22.5181
22.5364
22.5364
22.5568
22.5925
22.6129
22.6129
22.6302
22.6302
22.6312
22.6679
22.6679
22.6699
22.7057
22.7067
22.726
22.7454
22.7637
22.7831
22.8005
22.8054
22.8565
22.8585
22.8585
22.8769
22.8769
22.8952
22.933
22.933
22.935
22.9523
22.9543
22.9697
22.9737
23.0084
23.0094
23.0104
23.0268
23.0461
23.0501
23.0838
23.0878
23.1022
23.1032
23.1032
23.1205
23.1215
23.1225
23.1399
23.1419
23.1623
23.1776
23.197
23.2153
23.2153
23.2804
23.3091
23.3101
23.3101
23.3702
23.3846
23.3856
23.4223
23.4223
23.4223
23.4233
23.4446
23.461
23.4804
23.4804
23.5354
23.5354
23.5925
23.6109
23.6699
23.6863
23.6873
23.6883
23.7057
23.725
23.7637
23.8372
23.8565
23.8575
23.8749
23.8942
23.8982
23.9126
23.9399
23.9513
23.9707
23.9727
23.988
24.0
24.0451
24.0828
24.0858
24.1399
24.1583
24.1786
24.197
24.2367
24.2898
24.3091
24.3161
24.3662
24.3702
24.3915
24.4223
24.4406
24.4426
24.46
24.46
24.464
24.4784
24.4833
24.5201
24.5221
24.5364
24.5538
24.5538
24.5732
24.5801
24.5925
24.6159
24.6292
24.6486
24.6486
24.6709
24.6873
24.7057
24.7057
24.7424
24.7811
24.8178
24.8392
24.8402
24.8942
24.8952
24.9126
24.9503
24.9573
24.9687
25.0084
25.0278
25.0297
25.0848
25.1196
25.1205
25.1389
25.1389
25.1766
25.1766
25.1766
25.1786
25.2327
25.2337
25.2347
25.2531
25.2724
25.3081
25.3081
25.3081
25.3459
25.3459
25.4406
25.4406
25.459
25.466
25.4967
25.5037
25.5161
25.5171
25.5181
25.5344
25.5354
25.5742
25.6099
25.6302
25.6302
25.7424
25.7444
25.7607
25.7627
25.7985
25.7995
25.7995
25.8749
25.8769
25.8779
25.8942
25.8972
25.9126
25.9146
25.931
25.932
25.991
26.0248
26.0625
26.0665
26.1215
26.1583
26.1756
26.197
26.2143
26.2357
26.2367
26.2734
26.2888
26.3265
26.3468
26.3478
26.3836
26.4396
26.459
26.4774
26.5384
26.5528
26.5905
26.6282
26.6292
26.6302
26.6506
26.666
26.7037
26.7414
26.7607
26.7627
26.7985
26.7995
26.8188
26.8739
26.8759
26.8962
26.9116
26.9503
26.9697
27.0431
27.0441
27.0481
27.1235
27.1419
27.1563
27.1573
27.1806
27.1806
27.1816
27.203
27.2193
27.2521
27.2521
27.2888
27.2888
27.2888
27.2898
27.3081
27.3285
27.3449
27.3449
27.3459
27.3642
27.3826
27.4019
27.4029
27.4213
27.4263
27.4426
27.458
27.459
27.4957
27.4957
27.5151
27.5344
27.5344
27.5712
27.5722
27.5905
27.6089
27.666
27.6843
27.722
27.7414
27.7597
27.7597
27.8168
27.8362
27.8545
27.8739
27.8739
27.93
27.93
27.9483
27.9483
27.986
27.986
28.0248
28.0337
28.0481
28.0615
28.1369
28.1369
28.2541
28.2898
28.3071
28.3101
28.3111
28.3255
28.3275
28.3449
28.3836
28.3846
28.4009
28.4019
28.4029
28.4203
28.4387
28.46
28.4977
28.5141
28.5568
28.5895
28.5905
28.5945
28.6109
28.6119
28.6669
28.6843
28.6923
28.722
28.7414
28.7801
28.8158
28.8923
28.9667
29.0421
29.0421
29.0431
29.0615
29.0625
29.1002
29.1176
29.1766
29.194
29.2307
29.2317
29.2501
29.2878
29.3081
29.3632
29.3632
29.4193
29.4193
29.4203
29.4396
29.4764
29.4947
29.4957
29.5141
29.5324
29.5344
29.5518
29.5518
29.6272
29.7027
29.7027
29.721
29.721
29.722
29.7975
29.8352
29.8729
29.8923
29.8932
29.9126
29.9483
29.9483
29.9851
30.0228
30.0238
30.0421
30.0421
30.0798
30.0808
30.1186
30.1205
30.1359
30.1399
30.1419
30.193
30.2123
30.2143
30.3245
30.3439
30.3622
30.3622
30.3632
30.3826
30.4009
30.4039
30.457
30.457
30.4764
30.4947
30.4947
30.5141
30.5508
30.6466
30.664
30.6833
30.7017
30.721
30.721
30.721
30.721
30.722
30.7587
30.7851
30.7965
30.7985
30.8352
30.8362
30.8525
30.8535
30.8749
30.8903
30.929
30.93
30.9483
30.9493
30.9493
30.9851
31.0278
31.0411
31.0982
31.1176
31.1176
31.1359
31.1369
31.1553
31.2123
31.2297
31.2327
31.2491
31.2674
31.2684
31.3061
31.3245
31.3449
31.3999
31.4377
31.4937
31.5161
31.6099
31.6272
31.6456
31.6516
31.664
31.7607
31.7771
31.9116
31.931
31.9657
31.9841
32.0034
32.0218
32.1349
32.2297
32.2521
32.2684
32.2704
32.2734
32.3051
32.3989
32.4466
32.4754
32.4883
32.5121
32.5121
32.5334
32.5712
32.5722
32.6252
32.6272
32.6282
32.664
32.6823
32.7007
32.7027
32.7384
32.7424
32.7627
32.8148
32.9086
32.927
32.93
32.9493
33.0044
33.0605
33.1156
33.1156
33.1196
33.1349
33.1349
33.1533
33.2337
33.2337
33.2531
33.2684
33.2858
33.3041
33.3041
33.3071
33.3081
33.3255
33.3612
33.3612
33.4927
33.5131
33.5692
33.5702
33.5905
33.6059
33.6079
33.6456
33.663
33.6813
33.6833
33.6913
33.7017
33.719
33.7384
33.7404
33.7444
33.7607
33.7975
33.8148
33.8342
33.8535
33.8699
33.8709
33.8893
33.9463
34.0094
34.0228
34.0585
34.0778
34.0778
34.1156
34.1726
34.199
34.2481
34.2481
34.2888
34.3225
34.3225
34.3796
34.3796
34.3806
34.3979
34.3989
34.3989
34.4173
34.46
34.4784
34.4987
34.5354
34.5488
34.5875
34.5885
34.5885
34.6069
34.719
34.7568
34.7751
34.8525
34.8699
34.9463
35.0014
35.0401
35.0451
35.0585
35.0769
35.0798
35.0962
35.1146
35.1176
35.1543
35.191
35.2094
35.2114
35.2277
35.2501
35.2674
35.2704
35.2858
35.3071
35.3081
35.3225
35.3255
35.3979
35.4173
35.4193
35.4357
35.4377
35.458
35.4917
35.4927
35.5111
35.5111
35.5672
35.5672
35.5702
35.6059
35.6069
35.721
35.7578
35.7771
35.7935
35.7935
35.7945
35.8689
35.8699
35.9066
35.926
35.9453
36.0014
36.0024
36.0198
36.0218
36.0391
36.0769
36.0788
36.0952
36.0952
36.0962
36.1329
36.1339
36.1523
36.1523
36.1533
36.2084
36.2277
36.2461
36.2674
36.3041
36.3969
36.3979
36.3999
36.4183
36.4347
36.454
36.4724
36.4724
36.5518
36.5682
36.7374
36.7751
36.8118
36.8118
36.8128
36.8709
36.8883
36.9096
36.9627
36.9647
37.0064
37.0391
37.0501
37.0585
37.0759
37.1146
37.1716
37.2084
37.2277
37.2644
37.2838
37.3071
37.3215
37.3399
37.3399
37.3409
37.3632
37.3642
37.3786
37.4173
37.4347
37.453
37.4744
37.5295
37.5324
37.5478
37.6232
37.6242
37.6242
37.7027
37.7558
37.7568
37.7995
37.8138
37.8679
37.8679
37.8699
37.8749
37.9463
38.0004
38.0188
38.0218
38.1002
38.2074
38.2094
38.2644
38.3041
38.3786
38.4153
38.4183
38.454
38.5488
38.5662
38.6039
38.6232
38.6416
38.66
38.665
38.6977
38.7414
38.7731
38.7925
38.8322
38.8729
38.8883
38.925
38.926
38.9463
38.9473
38.9811
39.0024
39.0198
39.0238
39.1126
39.1696
39.2074
39.2267
39.2644
39.3012
39.3439
39.3766
39.4367
39.5101
39.5662
39.6406
39.716
39.7354
39.7538
39.7548
39.7945
39.8118
39.8118
39.9056
39.9056
39.925
39.9627
39.9994
40.0034
40.0054
40.0371
40.0411
40.0942
40.1503
40.1716
40.1726
40.188
40.2441
40.2441
40.2644
40.2684
40.2818
40.2828
40.3012
40.3215
40.3235
40.3399
40.396
40.4704
40.4704
40.5081
40.5091
40.5458
40.5652
40.5662
40.5662
40.6029
40.6223
40.661
40.6783
40.716
40.716
40.718
40.721
40.7344
40.7538
40.8476
40.8893
40.924
40.9607
40.9627
40.9801
40.9801
41.0421
41.0461
41.1116
41.1319
41.3002
41.3012
41.3195
41.3756
41.4327
41.4714
41.5835
41.5845
41.6223
41.6783
41.6987
41.7057
41.719
41.7344
41.7568
41.7721
41.8098
41.8108
41.8476
41.8486
41.8679
41.8883
41.923
42.0168
42.0371
42.0739
42.1309
42.191
42.191
42.3012
42.3185
42.3766
42.3979
42.4143
42.4317
42.451
42.4694
42.5071
42.5448
42.5498
42.6029
42.6203
42.6396
42.6967
42.7374
42.7374
42.7568
42.8476
42.8476
42.9677
42.9811
42.9831
43.0381
43.0441
43.0585
43.1299
43.186
43.2247
43.2614
43.2624
43.2808
43.3379
43.3562
43.3562
43.395
43.396
43.4878
43.5255
43.5488
43.5642
43.6223
43.6406
43.66
43.6957
43.7528
43.7995
43.8208
43.8486
43.8649
43.9974
44.0198
44.0535
44.1483
44.1667
44.2044
44.2614
44.2818
44.2992
44.3175
44.3552
44.4123
44.5101
44.5538
44.6069
44.6223
44.6242
44.7324
44.7548
44.7721
44.7915
44.8088
44.8272
44.8659
44.8679
44.9414
44.9597
45.2605
45.2614
45.2808
45.3022
45.4307
45.4357
45.5622
45.6203
45.6213
45.6386
45.6947
45.7131
45.7131
45.7374
45.9771
45.9781
45.9781
46.0361
46.0525
46.0525
46.0902
46.185
46.2227
46.2451
46.2654
46.2788
46.3012
46.3175
46.3359
46.3359
46.3736
46.4123
46.5051
46.5265
46.5428
46.5632
46.6019
46.6987
46.7518
46.7568
46.8078
46.8476
46.921
46.9404
46.9577
47.0208
47.0719
47.1279
47.1463
47.1716
47.187
47.2217
47.2287
47.2788
47.3165
47.3369
47.3369
47.3726
47.392
47.392
47.4297
47.5428
47.5692
47.6366
47.6813
47.7324
47.7334
47.7498
47.7508
47.8252
47.8262
47.8853
47.9954
47.9954
48.0351
48.0749
48.0769
48.0892
48.0932
48.2044
48.3051
48.3165
48.3399
48.4868
48.5275
48.5796
48.7131
48.715
48.8252
48.8545
48.9384
48.9394
49.0208
49.0322
49.0545
49.0709
49.1349
49.1706
49.2431
49.2664
49.3155
49.3185
49.3542
49.4123
49.449
49.4764
49.5091
49.5225
49.5225
49.5235
49.5989
49.6763
49.8242
49.8863
49.9066
49.9384
50.0361
50.0505
50.0729
50.0892
50.0972
50.1647
50.2207
50.2401
50.2431
50.2962
50.2962
50.3145
50.3716
50.447
50.4674
50.5979
50.5979
50.6356
50.6376
50.654
50.6733
50.6917
50.7294
50.7711
50.8049
50.8302
50.8629
50.8629
50.8679
50.8997
50.9557
50.9761
50.9944
50.9944
50.9954
51.0575
51.0882
51.2034
51.2585
51.2972
51.2972
51.3532
51.3542
51.4878
51.5612
51.654
51.66
51.7111
51.7478
51.7508
51.7671
51.7905
51.8138
51.9404
52.0495
52.2778
52.3706
52.3706
52.39
52.446
52.458
52.5786
52.5835
52.7304
52.7304
52.8893
52.917
52.9547
52.9751
52.9761
52.9924
53.1453
53.2004
53.2481
53.2565
53.3706
53.391
53.4277
53.4654
53.5592
53.6724
53.7091
53.7468
53.7845
53.8629
54.0118
54.1056
54.125
54.2197
54.2197
54.2431
54.2992
54.3002
54.3503
54.3513
54.3552
54.39
54.4103
54.4277
54.4654
54.5215
54.5959
54.6183
54.6897
54.7121
54.9364
54.9924
54.9934
55.0515
55.125
55.2624
55.3309
55.4267
55.4441
55.4441
55.5205
55.6714
55.8222
55.8436
55.8803
56.0852
56.18
56.18
56.1994
56.2381
56.2391
56.3175
56.39
56.4684
56.5001
56.5195
56.5949
56.5969
56.6232
56.652
56.652
56.6704
56.7081
56.9547
56.9721
57.0282
57.0292
57.1443
57.1647
57.179
57.1984
57.2545
57.2738
57.2748
57.2748
57.3115
57.3676
57.3686
57.388
57.5195
57.5378
57.5756
57.6714
57.7081
57.7091
57.7651
57.8773
57.8977
58.0465
58.1036
58.122
58.185
58.2178
58.2738
58.4818
58.5572
58.5949
58.6316
58.654
58.6907
58.7264
58.8386
58.8773
59.0332
59.0669
59.0669
59.0679
59.2758
59.4798
59.5378
59.5552
59.6694
59.7438
59.7468
59.7815
59.7825
59.8579
59.9527
60.0272
60.121
60.4227
60.5378
60.5552
60.6143
60.7642
60.8763
60.8957
60.915
61.0078
61.0282
61.0455
61.1597
61.3736
61.393
61.4421
61.5195
61.5378
61.651
61.6684
61.6877
61.7091
61.7468
61.7855
61.8202
61.8753
62.0078
62.0659
62.1627
62.179
62.2451
62.2545
62.2962
62.5919
62.7244
62.7612
62.7671
62.8192
62.9497
63.2515
63.3646
63.3676
63.4033
63.5021
63.5155
63.65
63.6664
63.7051
63.7244
63.7244
63.7795
63.8182
63.8182
63.8366
63.8927
63.912
63.9304
64.1016
64.3776
64.4604
64.4981
64.5349
64.5716
64.652
64.6857
64.8192
64.8212
64.911
65.0252
65.1026
65.2138
65.2321
65.2505
65.3646
65.4217
65.4401
65.4401
65.4584
65.5716
65.5909
65.6316
65.7408
65.7622
65.855
65.9691
66.0341
66.1944
66.1954
66.2688
66.3259
66.382
66.4574
66.5532
66.6083
66.6837
67.0425
67.0425
67.0609
67.1557
67.175
67.2718
67.2882
67.4197
67.4574
67.5185
67.5458
67.5899
67.5959
67.6277
67.7041
67.7602
67.7969
67.8162
68.0803
68.1547
68.175
68.2679
68.3249
68.387
68.4227
68.5696
68.6287
68.7775
68.8152
68.9304
68.9661
69.117
69.1547
69.1944
69.2525
69.2922
69.3994
69.4197
69.6287
69.7592
69.852
69.853
69.8713
69.8713
70.0222
70.116
70.1537
70.1577
70.2698
70.3056
70.3066
70.382
70.4748
70.5502
70.6817
70.6827
70.7428
70.7765
70.8142
70.8723
70.909
71.1353
71.2485
71.2862
71.4004
71.5309
71.6326
71.6624
71.6827
71.7775
71.8897
71.8897
72.0262
72.0793
72.2485
72.5125
72.7185
73.0202
73.2088
73.2659
73.2842
73.2892
73.3413
73.7562
73.7775
73.8703
74.0579
74.3229
74.3413
74.4544
74.4922
74.642
74.7001
74.7378
74.9061
75.0609
75.1711
75.2078
75.3115
75.3493
75.4381
75.9815
76.115
76.3249
76.3606
76.4147
76.4902
76.6227
76.6981
76.9438
77.1691
77.2832
77.3954
77.3954
77.5279
77.5482
77.642
78.0936
78.1314
78.1874
78.3606
78.5656
79.0579
79.0753
79.0936
79.3596
79.378
79.4341
79.5452
79.7338
80.0926
80.1333
80.1864
80.4321
80.4882
80.9601
81.2425
81.2465
81.7542
82.1294
82.3373
82.4524
82.582
82.6768
82.7135
82.7145
82.7706
82.7706
83.0182
83.2038
83.2792
83.4688
83.5259
83.5443
83.6247
83.8857
84.641
84.6768
84.7125
84.7512
85.0336
85.316
85.374
85.5443
85.6187
85.8633
86.1294
86.2028
86.373
86.4475
86.4688
86.6013
87.3343
87.4678
87.7115
87.8053
87.9184
88.1447
88.1641
88.2222
88.2589
88.852
89.0122
89.9581
90.4832
90.5045
90.7289
91.2609
91.313
91.4465
91.7666
91.842
92.0152
92.2619
92.6544
92.6901
92.7462
92.7572
93.0112
93.1611
93.7462
93.7462
94.3924
94.5566
94.7462
94.8033
95.0847
95.0906
95.7259
95.8206
95.9154
96.0276
96.104
96.3874
96.4048
96.4251
96.5055
96.576
96.6514
96.7829
97.4608
97.7839
97.8757
97.8971
98.0276
98.1611
98.9512
99.5169
99.7239
99.7432
99.8196
99.9125
99.9879
100.102
100.8554
100.8584
101.046
101.2152
101.5343
101.7799
101.9115
101.9869
102.0072
102.2509
102.5904
102.6117
102.7239
102.7606
102.9551
103.37
103.4598
103.5526
103.6852
104.0613
104.4772
104.7229
105.4598
106.0797
106.3243
106.7015
106.7035
107.4107
107.4375
107.6871
107.9462
108.3804
108.9512
109.2102
109.3437
109.6077
110.1338
111.1541
112.568
112.6638
112.7933
112.9248
112.9829
113.6434
114.566
114.9238
115.0216
115.3814
115.6405
116.2479
116.5834
116.6588
117.3774
119.1869
120.4896
120.8648
121.034
122.7506
123.7333
125.9759
126.8424
127.6538
127.7099
128.8434
128.8444
130.0504
132.9729
133.4439
133.7079
134.5377
137.9536
141.7417
143.8742
145.0975
146.3799
146.3808
148.6429
150.0017
151.1516
151.8692
152.1903
171.0304
182.5138
185.3038
199.4681
