3.0
3.0
3.0
3.0
3.0
3.0
3.0
3.0
3.0
3.0
3.0
3.0
3.0
3.0
3.0
3.0
3.0
3.0
3.0
3.0
3.0
3.0
3.0
3.0
3.0
3.0
3.0
3.0
3.0
3.0
3.0
3.0
3.0
3.0
3.0
3.0
3.0
3.0
3.0
3.0
3.0
3.0
3.0
3.0
3.0
3.0
3.0
3.0
3.0
3.0
3.0
3.0
3.0
3.0
3.0
3.0
3.0
3.0
3.0
3.0
3.0
3.0
3.0
3.0
3.0
3.0
3.0
3.0
3.0
3.0
3.0
3.0
3.0
3.0
3.0
3.0
3.0
3.0
3.0
3.0
3.0
3.0
3.0
3.0
3.0
3.0
3.0
3.0
3.0
3.0
3.0
3.0
3.0
3.0
3.0
3.0
3.0
3.0
3.0
3.0
3.0
3.0
3.0
3.0
3.0
3.0
3.0
3.0
3.0
3.0
3.0
3.0
3.0
3.0
3.0
3.0
3.0
3.0
3.0
3.0
3.0
3.0
3.0
3.0
3.0
3.0
3.0
3.0
3.0
3.0
3.0
3.0
3.0
3.0
3.0
3.0
3.0
3.0
3.0
3.0
3.0
3.0
3.0
3.0
4.0
4.0
4.0
4.0
4.0
4.0
4.0
4.0
4.0
4.0
4.0
4.0
4.0
4.0
4.0
4.0
4.0
4.0
4.0
4.0
4.0
4.0
4.0
4.0
4.0
4.0
4.0
4.0
4.0
4.0
4.0
4.0
4.0
4.0
4.0
4.0
4.0
4.0
4.0
4.0
4.0
4.0
4.0
4.0
4.0
4.0
4.0
4.0
4.0
4.0
4.0
4.0
4.0
4.0
4.0
4.0
4.0
4.0
4.0
4.0
4.0
4.0
4.0
4.0
4.0
4.0
4.0
4.0
4.0
4.0
4.0
4.0
4.0
4.0
4.0
4.0
4.0
4.0
4.0
4.0
4.0
4.2997
4.2997
4.2997
4.3752
4.4129
4.4129
4.4506
4.4506
4.4506
4.4883
4.4883
4.4883
4.4883
4.4883
4.526
4.526
4.526
4.5638
4.5638
4.5638
4.5638
4.6015
4.6015
4.6015
4.6015
4.6015
4.6392
4.6392
4.6392
4.6392
4.6392
4.6392
4.6392
4.6769
4.6769
4.6769
4.6769
4.7146
4.7523
4.7523
4.7523
4.7523
4.7901
4.7901
4.8278
4.8278
4.8278
4.8278
4.8278
4.8655
4.8655
4.9032
4.9409
4.9409
4.9786
4.9786
4.9786
4.9786
4.9786
4.9786
5.0
5.0
5.0
5.0
5.0
5.0
5.0
5.0
5.0
5.0
5.0
5.0
5.0
5.0
5.0
5.0
5.0
5.0
5.0
5.0
5.0
5.0
5.0
5.0
5.0
5.0
5.0
5.0
5.0
5.0
5.0
5.0
5.0
5.0
5.0
5.0
5.0
5.0
5.0
5.0
5.0
5.0
5.0
5.0
5.0
5.0164
5.0541
5.0541
5.0918
5.1295
5.1295
5.1295
5.1672
5.1672
5.1672
5.205
5.205
5.205
5.2804
5.2804
5.2997
5.3375
5.3558
5.3558
5.3752
5.3752
5.3935
5.3935
5.3935
5.4129
5.4129
5.4313
5.4313
5.4506
5.469
5.469
5.4883
5.4883
5.5067
5.5067
5.5444
5.5444
5.5638
5.6015
5.6198
5.6198
5.6769
5.6769
5.6953
5.6953
5.6953
5.7523
5.7523
5.7707
5.7707
5.7707
5.8084
5.8278
5.8461
5.8461
5.8461
5.8461
5.8655
5.8839
5.9032
5.9032
5.9216
5.9593
5.9593
5.9786
6.0
6.0
6.0
6.0
6.0
6.0
6.0
6.0
6.0
6.0
6.0
6.0
6.0
6.0
6.0
6.0
6.0
6.0
6.0
6.0
6.0
6.0
6.0
6.0
6.0
6.0
6.0
6.0
6.0164
6.0164
6.0347
6.0347
6.0541
6.0724
6.1102
6.1102
6.1479
6.1672
6.1856
6.205
6.205
6.205
6.205
6.2233
6.2233
6.2233
6.2427
6.2427
6.2427
6.261
6.261
6.261
6.2987
6.2987
6.3365
6.3365
6.3375
6.3558
6.3558
6.3558
6.3742
6.3742
6.3742
6.3752
6.3935
6.3935
6.4129
6.469
6.469
6.469
6.4873
6.4873
6.4873
6.4883
6.5067
6.5067
6.525
6.525
6.525
6.5638
6.5638
6.6005
6.6005
6.6005
6.6005
6.6015
6.6198
6.6198
6.6382
6.6382
6.6576
6.6759
6.6759
6.6769
6.6769
6.7136
6.7136
6.7514
6.7891
6.7891
6.8084
6.8268
6.8278
6.8278
6.8655
6.8655
6.8839
6.9022
6.9399
6.9399
6.9593
6.9593
6.9777
7.0
7.0
7.0
7.0
7.0
7.0
7.0
7.0
7.0
7.0
7.0
7.0
7.0
7.0
7.0154
7.0531
7.0531
7.0541
7.0908
7.0908
7.1672
7.204
7.204
7.205
7.2417
7.2417
7.2427
7.261
7.2794
7.2794
7.2794
7.2997
7.3181
7.3548
7.3548
7.3558
7.3752
7.4129
7.4303
7.4303
7.4496
7.4506
7.469
7.469
7.5057
7.5067
7.525
7.525
7.526
7.5444
7.5628
7.5628
7.5811
7.5821
7.6005
7.6005
7.6015
7.6188
7.6382
7.6392
7.6576
7.6759
7.6943
7.6953
7.6953
7.7136
7.7136
7.732
7.732
7.732
7.732
7.733
7.7514
7.7514
7.7697
7.8084
7.8451
7.8461
7.8645
7.8645
7.8655
7.8655
7.8829
7.8839
7.9022
7.9206
7.9206
7.9409
7.9583
7.9583
7.9583
7.9593
7.9786
8.0
8.0
8.0
8.0
8.0
8.0
8.0
8.0
8.0
8.0
8.0
8.0
8.0
8.0
8.0
8.0
8.0337
8.0531
8.0714
8.0714
8.0714
8.0908
8.0908
8.0918
8.1092
8.1092
8.1092
8.1285
8.1662
8.1662
8.1672
8.1856
8.204
8.2223
8.2223
8.2223
8.2233
8.2233
8.2427
8.261
8.2794
8.2977
8.3171
8.3171
8.3548
8.3558
8.3558
8.3742
8.3752
8.3935
8.4109
8.4109
8.4109
8.4486
8.4496
8.4496
8.469
8.4863
8.4863
8.5057
8.5057
8.5241
8.5434
8.5434
8.5638
8.5995
8.6372
8.6392
8.6576
8.6576
8.6749
8.6943
8.7136
8.7146
8.732
8.7697
8.7881
8.7881
8.7891
8.8074
8.8258
8.8635
8.8655
8.8829
8.8839
8.9012
8.9389
8.9399
8.9409
8.9593
8.9593
8.996
9.0
9.0
9.0
9.0
9.0
9.0
9.0
9.0
9.0
9.0144
9.0521
9.0521
9.0724
9.0898
9.0898
9.0908
9.0908
9.1469
9.1479
9.1652
9.1856
9.2223
9.2233
9.2407
9.2417
9.2784
9.2784
9.2987
9.3161
9.3161
9.3375
9.3538
9.3915
9.4109
9.467
9.468
9.4873
9.4883
9.5057
9.5067
9.5241
9.5434
9.5444
9.5801
9.6015
9.6188
9.6392
9.6556
9.6933
9.6953
9.6953
9.7136
9.732
9.7504
9.7687
9.7707
9.7881
9.7881
9.8268
9.8441
9.8829
9.9012
9.9206
9.9573
9.9583
9.9777
9.995
10.0
10.0
10.0
10.0
10.0
10.0
10.0
10.0
10.0164
10.0521
10.0541
10.0898
10.0898
10.1092
10.1275
10.1459
10.1469
10.1479
10.1652
10.205
10.2213
10.2213
10.2407
10.2407
10.2427
10.3161
10.3345
10.3548
10.3548
10.3722
10.3722
10.3732
10.3742
10.3915
10.4293
10.4293
10.4476
10.4476
10.4476
10.526
10.5424
10.5434
10.6198
10.6362
10.6749
10.6953
10.6953
10.7116
10.731
10.7687
10.7871
10.8074
10.8248
10.8441
10.8625
10.8625
10.8635
10.8635
10.8819
10.9206
10.9777
10.995
11.0
11.0
11.0
11.0
11.0
11.0
11.0134
11.0134
11.0327
11.0347
11.0511
11.0521
11.0898
11.1082
11.1265
11.1459
11.1459
11.1836
11.1856
11.205
11.2213
11.2397
11.2397
11.2774
11.2774
11.3345
11.3528
11.3548
11.3722
11.3935
11.4293
11.4476
11.5414
11.5424
11.5608
11.5791
11.5985
11.6168
11.6178
11.6188
11.6546
11.6546
11.6933
11.7146
11.7697
11.7871
11.8248
11.8625
11.8635
11.9186
11.9186
11.9563
11.9573
11.9767
11.9787
11.995
12.0
12.0
12.0
12.0
12.0
12.0
12.0317
12.0511
12.0511
12.0714
12.0888
12.1072
12.1102
12.1449
12.1642
12.1652
12.1662
12.1672
12.2203
12.2213
12.2233
12.2774
12.2958
12.2958
12.2968
12.3528
12.3548
12.3712
12.3915
12.4466
12.4843
12.4853
12.5221
12.6168
12.6739
12.6739
12.6749
12.6933
12.7106
12.7116
12.7116
12.7146
12.7514
12.7861
12.7871
12.8064
12.8238
12.8248
12.8461
12.8819
12.8992
12.9186
12.9186
12.9369
12.995
13.0124
13.0134
13.0144
13.0327
13.0327
13.0501
13.0878
13.0888
13.1255
13.1265
13.1632
13.1642
13.1652
13.1826
13.201
13.202
13.2203
13.2387
13.2387
13.26
13.2784
13.2958
13.3141
13.3141
13.3518
13.3896
13.3915
13.4273
13.4273
13.4283
13.4283
13.4466
13.4476
13.4496
13.4853
13.6159
13.6352
13.6923
13.7667
13.7677
13.7861
13.8044
13.8615
13.8615
13.8655
13.8799
13.8829
13.9216
13.9369
13.9563
14.0124
14.0124
14.0307
14.0685
14.0888
14.1255
14.257
14.2968
14.2968
14.3325
14.3518
14.3712
14.3915
14.4089
14.4456
14.4833
14.4853
14.5047
14.5211
14.5424
14.5975
14.733
14.7861
14.8422
14.8432
14.8441
14.8605
14.8829
14.8982
14.9002
14.9563
15.0
15.0
15.0
15.0134
15.0134
15.0501
15.0685
15.0705
15.1245
15.1255
15.1662
15.2
15.2
15.2377
15.2764
15.2997
15.3131
15.3335
15.3905
15.4456
15.5037
15.5791
15.6015
15.6149
15.6188
15.6342
15.728
15.729
15.7657
15.7861
15.8034
15.8064
15.8228
15.8228
15.8228
15.8605
15.8809
15.8982
15.9379
15.9543
15.9563
16.0
16.0327
16.0878
16.0878
16.1052
16.1255
16.1439
16.1439
16.1672
16.1672
16.2
16.201
16.2377
16.2938
16.3131
16.3508
16.3712
16.3896
16.4263
16.4263
16.4263
16.4446
16.464
16.465
16.5017
16.5588
16.6159
16.6198
16.6332
16.6556
16.6709
16.6913
16.7136
16.8034
16.8412
16.8595
16.8605
16.8789
16.8789
16.8799
16.8972
16.8972
17.0481
17.0675
17.1052
17.1062
17.1235
17.1613
17.261
17.2754
17.2784
17.2794
17.2938
17.2938
17.3558
17.3702
17.3876
17.3905
17.3915
17.4079
17.4883
17.5017
17.5037
17.5384
17.5821
17.6392
17.6516
17.6933
17.7087
17.7647
17.8024
17.8992
17.9156
17.9176
17.9543
17.9737
17.993
18.1042
18.1255
18.1439
18.1806
18.2744
18.2754
18.2928
18.3315
18.3498
18.3905
18.4099
18.4253
18.464
18.5017
18.5191
18.5201
18.5404
18.5568
18.6516
18.6913
18.7831
18.8402
18.8585
18.8962
18.9156
18.934
18.935
18.9533
18.9747
18.991
19.0848
19.1225
19.1285
19.1623
19.2173
19.2173
19.255
19.2734
19.2734
19.2754
19.2938
19.3111
19.3315
19.3682
19.3692
19.3866
19.4059
19.4059
19.4273
19.4436
19.466
19.5037
19.5578
19.5751
19.5945
19.6015
19.6913
19.8208
19.8218
19.8432
19.8972
19.934
19.9543
19.99
20.0655
20.0675
20.1429
20.1796
20.2163
20.2918
20.3325
20.3528
20.3682
20.3742
20.3876
20.462
20.465
20.4804
20.4804
20.5191
20.5751
20.6139
20.6709
20.6883
20.726
20.728
20.8014
20.8024
20.8034
20.8392
20.8952
20.9146
20.9166
20.933
20.9523
20.9717
20.9717
20.99
21.0104
21.0104
21.0848
21.1215
21.1215
21.1225
21.1235
21.197
21.255
21.2724
21.462
21.5568
21.6119
21.6129
21.6139
21.6149
21.6149
21.6312
21.6322
21.6332
21.6536
21.6719
21.6953
21.725
21.726
21.7647
21.8024
21.8605
21.8952
21.933
21.989
22.0695
22.1052
22.1796
22.1816
22.2153
22.2163
22.2908
22.3111
22.3478
22.3662
22.3672
22.4039
22.4416
22.4987
22.5925
22.6119
22.6506
22.725
22.7811
22.7831
22.8005
22.8829
22.8962
23.0645
23.0655
23.1245
23.1583
23.2714
23.2908
23.2918
23.2928
23.3091
23.3101
23.3846
23.462
23.5578
23.5732
23.5935
23.6129
23.6486
23.8565
23.8952
23.9126
23.9503
24.1225
24.1235
24.1766
24.1776
24.3275
24.3325
24.3846
24.4089
24.4416
24.464
24.5538
24.5558
24.5732
24.5732
24.5925
24.6669
24.6863
24.7821
24.8372
24.8555
24.8942
24.8952
24.934
24.9503
25.0451
25.197
25.2153
25.2377
25.2704
25.3856
25.3866
25.4784
25.4784
25.5538
25.5558
25.5915
25.5925
25.7424
25.7424
25.7821
25.8362
25.8769
25.9126
26.1379
26.1786
26.2888
26.3151
26.459
26.461
26.4774
26.4794
26.5151
26.6486
26.6853
26.7414
26.7801
26.8198
26.987
26.988
27.1573
27.1756
27.194
27.2694
27.3642
27.4243
27.4957
27.7037
27.7975
27.8729
27.9513
28.0471
28.1746
28.2357
28.2541
28.3632
28.4977
28.4997
28.5161
28.5528
28.5895
28.6282
28.6466
28.7597
28.8362
28.8382
28.986
29.0248
29.0258
29.2123
29.2531
29.3255
29.4947
29.6089
29.722
29.8342
29.8575
29.9096
29.986
30.0228
30.0605
30.1379
30.1593
30.2327
30.3816
30.458
30.6079
30.6109
30.665
30.7394
30.8555
30.8719
30.8913
30.9096
31.0788
31.1439
31.192
31.2297
31.3632
31.3806
31.3826
31.3866
31.3876
31.6262
31.7394
31.7394
31.7965
31.9657
32.0605
32.0665
32.0972
32.1166
32.1349
32.2501
32.2674
32.3439
32.3816
32.3989
32.7811
32.7965
32.8923
32.927
32.9687
32.9841
33.0635
33.192
33.3071
33.4367
33.5925
33.7027
33.7761
33.8322
33.8362
33.8699
34.0585
34.0645
34.2094
34.2287
34.2317
34.2664
34.3979
34.3989
34.4744
34.6242
35.1349
35.3409
35.4173
35.4416
35.6069
35.6486
35.7374
35.7374
35.8312
35.8689
36.0952
36.1329
36.4377
36.454
36.721
36.7741
36.7955
36.926
36.9831
37.2838
37.3786
37.5662
37.5865
37.717
37.8496
37.8689
37.8699
38.0188
38.0381
38.3205
38.5334
38.6813
38.6977
38.7354
38.8486
38.8699
38.924
39.0778
39.0942
39.2084
39.3429
39.3979
39.661
39.7771
39.7915
39.9433
40.0749
40.2828
40.3409
40.3439
40.3592
40.4907
40.5285
40.5722
40.6213
40.9984
41.1116
41.1687
41.2247
41.2471
41.4887
41.5835
41.716
41.9433
41.9617
42.1299
42.2054
42.2431
42.3012
42.3389
42.4327
42.4694
42.5448
42.6967
42.6977
42.6997
42.7905
42.9036
43.0565
43.1503
43.2992
43.3369
43.3409
43.3746
43.6763
43.7711
43.8515
43.8659
43.8843
44.0769
44.191
44.2471
44.3572
44.4694
44.6386
44.8466
45.1116
45.2054
45.2431
45.3736
45.451
45.5071
45.6753
46.0188
46.0341
46.0729
46.3002
46.3061
46.394
46.4887
46.5255
46.7131
46.7691
46.9577
47.1106
47.2595
47.3165
47.4674
47.6937
47.8069
47.8639
47.9954
48.0188
48.2788
48.3736
48.3756
48.4674
48.4868
48.9567
49.0515
49.6356
49.8466
49.922
50.0882
50.185
50.5061
50.8456
50.8619
50.8689
51.448
51.448
51.655
51.7294
51.8987
52.0341
52.0872
52.3716
52.5031
52.5398
52.8059
53.2207
53.2768
53.4451
53.4828
53.5021
53.6714
53.8793
53.8997
54.1086
54.3135
54.446
54.5235
54.652
54.7284
54.8783
55.1617
55.2942
55.3309
55.5602
55.9344
56.1994
56.2972
56.4441
56.7642
56.8039
56.8416
56.9547
57.0699
57.3125
57.6183
57.8456
58.3299
58.3523
58.4053
58.6704
58.7081
59.386
59.388
59.4053
59.7671
60.3483
60.3483
60.385
60.4431
60.5612
60.6977
60.8579
60.9537
61.4798
61.4887
61.5736
61.5939
61.6346
61.8182
62.2525
62.3463
62.3676
62.5939
62.6297
62.6297
62.8386
62.9915
63.177
63.7234
63.856
63.9497
64.3289
64.4614
64.4818
64.8202
65.0629
65.1383
65.3279
65.4024
65.5001
65.6306
65.6857
65.7805
65.8192
65.854
66.3289
66.4768
67.175
67.3463
67.9284
68.5899
68.7775
70.2291
70.9468
71.0976
71.2301
71.3453
71.9274
72.0028
72.4922
73.116
73.1333
73.3616
73.6614
74.1343
75.2465
75.4341
75.8887
76.0018
76.4951
76.9051
77.4331
77.7368
77.9611
78.4534
78.9234
79.0926
79.1874
80.7368
81.7328
81.849
82.2812
82.3179
82.8857
83.3557
83.5249
84.4892
84.7318
85.8123
85.845
86.1874
86.2028
86.4311
86.636
86.7115
86.8083
87.0162
88.3189
88.4842
88.8643
89.6544
89.8306
90.0887
91.1998
91.8797
92.5413
92.7656
92.8971
93.6708
94.4251
94.6341
96.6688
98.1397
99.6861
100.2559
100.7269
101.6291
102.7606
104.7789
105.6861
105.9859
106.0633
107.369
109.0777
109.4385
110.5894
111.1928
113.6434
114.2683
114.3958
114.6812
117.8097
118.2256
120.7323
121.9586
123.1869
126.0013
126.8434
130.7273
131.4275
131.9342
132.2186
138.1575
138.4235
139.8568
141.8568
145.3084
145.5714
150.8875
171.2419
