3.0
3.0
3.0
3.0
3.0
3.0
3.0
3.0
3.0
3.0
3.0
3.0
3.0
3.0
3.0
3.0
3.0
3.0
3.0
3.0
3.0
3.0
3.0
3.0
3.0
3.0
3.0
3.0
3.0
3.0
3.0
3.0
3.0
3.0
3.0
3.0
3.0
3.0
3.0
3.0
3.0
3.0
3.0
3.0
3.0
3.0
3.0
3.0
3.0
3.0
3.0
3.0
3.0
3.0
3.0
3.0
3.0
3.0
3.0
3.0
3.0
3.0
3.0
3.0
3.0
3.0
3.0
3.0
3.0
3.0
3.0
3.0
3.0
3.0
3.0
3.0
3.0
3.0
3.0
3.0
3.0
3.0
3.0
3.0
3.0
3.0
3.0
3.0
3.0
3.0
3.0
3.0
3.0
3.0
3.0
3.0
3.0
3.0
3.0
3.0
3.0
3.0
3.0
3.0
3.0
3.0
3.0
3.0
3.0
3.0
3.0
3.0
3.0
3.0
3.0
3.0
3.0
3.0
3.0
3.0
3.0
3.0
3.0
3.0
3.0
3.0
3.0
3.0
3.0
3.0
3.0
3.0
3.0
3.0
3.0
3.0
3.0
3.0
3.0
3.0
3.0
3.0
3.0
3.0
3.0
3.0
3.0
3.0
3.0
3.0
3.0
3.0
3.0
3.0
3.0
3.0
3.0
3.0
3.0
3.0
3.0
3.0
3.0
3.0
3.0
3.0
3.0
3.0
3.0
3.0
3.0
3.0
3.0
3.0
3.0
3.0
3.0
3.0
3.0
3.0
3.0
3.0
3.0
3.0
3.0
3.0
3.0
3.0
3.0
3.0
3.0
3.0
3.0
3.0
4.0
4.0
4.0
4.0
4.0
4.0
4.0
4.0
4.0
4.0
4.0
4.0
4.0
4.0
4.0
4.0
4.0
4.0
4.0
4.0
4.0
4.0
4.0
4.0
4.0
4.0
4.0
4.0
4.0
4.0
4.0
4.0
4.0
4.0
4.0
4.0
4.0
4.0
4.0
4.0
4.0
4.0
4.0
4.0
4.0
4.0
4.0
4.0
4.0
4.0
4.0
4.0
4.0
4.0
4.0
4.0
4.0
4.0
4.0
4.0
4.0
4.0
4.0
4.0
4.0
4.0
4.0
4.0
4.0
4.0
4.0
4.0
4.0
4.0
4.0
4.0
4.0
4.0
4.0
4.0
4.0
4.0
4.0
4.0
4.0
4.0
4.0
4.0
4.0
4.0
4.0
4.0
4.0
4.0
4.0
4.0
4.0
4.0
4.0
4.0
4.0
4.0
4.0
4.0
4.0
4.0
4.0
4.0
4.0
4.0
4.0
4.0
4.0
4.0
4.0
4.0
4.0
4.0
4.2998
4.2998
4.2998
4.3752
4.3752
4.3752
4.3752
4.4506
4.4506
4.4883
4.4883
4.4883
4.5261
4.5638
4.6392
4.6392
4.7146
4.7524
4.7524
4.7524
4.7901
4.7901
4.8278
4.8655
4.8655
4.8655
4.9032
4.9409
4.9787
4.9787
5.0
5.0
5.0
5.0
5.0
5.0
5.0
5.0
5.0
5.0
5.0
5.0
5.0
5.0
5.0
5.0
5.0
5.0
5.0
5.0
5.0
5.0
5.0
5.0
5.0
5.0
5.0
5.0
5.0
5.0
5.0
5.0
5.0
5.0
5.0
5.0
5.0
5.0
5.0
5.0
5.0
5.0
5.0
5.0
5.0
5.0
5.0
5.0
5.0
5.0
5.0
5.0
5.0
5.0
5.0
5.0
5.0
5.0
5.0
5.0
5.0
5.0
5.0
5.0
5.0
5.0
5.0
5.0
5.0
5.0
5.0
5.0
5.0
5.0
5.0
5.0
5.0
5.0
5.0
5.0
5.0
5.0164
5.0918
5.0918
5.1295
5.1673
5.2427
5.2804
5.3181
5.3181
5.3375
5.3375
5.3375
5.3558
5.3558
5.3936
5.3936
5.4129
5.4129
5.4313
5.469
5.5638
5.5638
5.5821
5.5821
5.6015
5.6392
5.6576
5.6769
5.6953
5.7146
5.7707
5.8084
5.8278
5.8462
5.8462
5.8655
5.8655
5.8655
5.8839
5.9032
5.9032
5.9409
5.9409
5.997
6.0
6.0
6.0
6.0
6.0
6.0
6.0
6.0
6.0
6.0
6.0
6.0
6.0
6.0
6.0
6.0
6.0
6.0
6.0
6.0
6.0
6.0
6.0
6.0
6.0
6.0
6.0
6.0
6.0
6.0
6.0
6.0
6.0
6.0
6.0
6.0
6.0
6.0
6.0
6.0
6.0
6.0
6.0
6.0
6.0
6.0
6.0
6.0
6.0
6.0164
6.0164
6.0541
6.0541
6.0725
6.0725
6.0918
6.0918
6.1102
6.1479
6.1856
6.1856
6.2611
6.2611
6.2988
6.3365
6.3375
6.3752
6.3936
6.4313
6.4313
6.469
6.4874
6.4874
6.5251
6.5251
6.5261
6.5261
6.5444
6.6015
6.6199
6.6382
6.6576
6.6576
6.7137
6.7137
6.7514
6.7514
6.7514
6.7707
6.7707
6.7707
6.7891
6.7901
6.8084
6.8645
6.9032
6.9216
6.94
6.9409
6.9409
6.9593
6.9593
6.9593
6.9593
6.9777
6.997
7.0
7.0
7.0
7.0
7.0
7.0
7.0
7.0
7.0
7.0
7.0
7.0
7.0
7.0
7.0
7.0
7.0
7.0
7.0
7.0
7.0
7.0
7.0
7.0
7.0
7.0
7.0
7.0
7.0
7.0
7.0
7.0
7.0
7.0
7.0
7.0
7.0
7.0
7.0
7.0
7.0154
7.0531
7.0908
7.0918
7.1663
7.1856
7.1856
7.205
7.2233
7.2417
7.2427
7.2611
7.2794
7.2794
7.2794
7.2794
7.2804
7.2804
7.2988
7.2998
7.3365
7.3375
7.3548
7.3558
7.3742
7.3752
7.3926
7.3936
7.4119
7.4119
7.4129
7.4303
7.4303
7.4496
7.4496
7.4506
7.468
7.468
7.469
7.4874
7.4874
7.5057
7.5251
7.5434
7.5628
7.5812
7.6189
7.6382
7.6392
7.6392
7.6566
7.6769
7.6943
7.732
7.7514
7.7524
7.7524
7.8452
7.8645
7.8655
7.8839
7.9022
7.94
7.94
7.9583
7.9777
7.9787
8.0
8.0
8.0
8.0
8.0
8.0
8.0
8.0
8.0
8.0
8.0
8.0
8.0
8.0
8.0
8.0
8.0
8.0
8.0
8.0
8.0
8.0
8.0
8.0
8.0
8.0
8.0
8.0
8.0
8.0
8.0
8.0338
8.0531
8.0531
8.0715
8.0725
8.1469
8.1479
8.1846
8.1856
8.1856
8.2601
8.2804
8.2978
8.3171
8.3355
8.3355
8.3375
8.3558
8.3732
8.3732
8.3742
8.3926
8.4109
8.4109
8.4303
8.4486
8.4506
8.468
8.5057
8.5057
8.5057
8.5067
8.5241
8.5444
8.5812
8.6015
8.6576
8.6769
8.6953
8.6953
8.7127
8.733
8.7504
8.7697
8.7891
8.7891
8.7901
8.8084
8.8258
8.8278
8.8452
8.8839
8.9013
8.9032
8.9593
8.9767
8.9787
8.996
8.996
8.996
9.0
9.0
9.0
9.0
9.0
9.0
9.0
9.0
9.0
9.0
9.0
9.0
9.0
9.0
9.0
9.0
9.0
9.0
9.0
9.0
9.0
9.0
9.0
9.0
9.0
9.0144
9.0338
9.0521
9.0715
9.0715
9.0898
9.1276
9.1276
9.1285
9.1469
9.2223
9.2223
9.2427
9.2784
9.2978
9.3161
9.3752
9.3916
9.3936
9.4313
9.4313
9.4496
9.469
9.4883
9.5067
9.5821
9.6199
9.6556
9.6943
9.732
9.7504
9.7504
9.7697
9.7901
9.7901
9.8084
9.8442
9.8442
9.8645
9.8819
9.9216
9.9951
10.0
10.0
10.0
10.0
10.0
10.0
10.0
10.0
10.0
10.0
10.0
10.0
10.0
10.0
10.0
10.0
10.0
10.0
10.0
10.0
10.0
10.0144
10.0144
10.0164
10.0164
10.0328
10.0715
10.0715
10.1102
10.1479
10.2223
10.2233
10.2417
10.2611
10.2794
10.2968
10.2978
10.3171
10.3365
10.3375
10.3722
10.3752
10.3916
10.4109
10.4119
10.4119
10.4293
10.4874
10.5067
10.5067
10.5251
10.5444
10.5444
10.5618
10.5638
10.5802
10.5821
10.5995
10.6362
10.6372
10.6382
10.6556
10.6576
10.6576
10.674
10.674
10.7687
10.7881
10.7891
10.7901
10.7901
10.7901
10.8065
10.8278
10.8819
10.938
10.9573
10.9593
10.9757
10.9951
11.0
11.0
11.0
11.0
11.0
11.0
11.0
11.0
11.0
11.0
11.0
11.0144
11.0154
11.0164
11.0164
11.0511
11.0511
11.0511
11.0531
11.0888
11.0908
11.1266
11.1479
11.1643
11.205
11.2407
11.2417
11.2774
11.3345
11.3375
11.3742
11.3752
11.3906
11.3936
11.4119
11.4129
11.4283
11.4477
11.4496
11.468
11.5067
11.5251
11.5628
11.5638
11.5792
11.5792
11.5792
11.6015
11.6362
11.6546
11.6556
11.7117
11.73
11.732
11.7524
11.7678
11.8055
11.8065
11.8065
11.8248
11.8248
11.8819
11.9196
11.9409
11.9563
11.9563
11.9573
11.9573
11.9767
11.9767
12.0
12.0
12.0
12.0
12.0134
12.0318
12.0511
12.1072
12.1072
12.1092
12.1266
12.1295
12.1449
12.1653
12.2397
12.2417
12.2427
12.2427
12.2591
12.2784
12.2998
12.3152
12.3161
12.3171
12.3548
12.3558
12.3916
12.3916
12.4283
12.4496
12.4883
12.5057
12.5598
12.6169
12.6353
12.6362
12.6566
12.73
12.8084
12.8238
12.8248
12.8278
12.8809
12.8819
12.8829
12.9216
12.94
12.9563
12.9747
12.9787
13.0
13.0
13.0
13.0
13.0
13.0347
13.0888
13.0898
13.1266
13.1295
13.1449
13.2204
13.2764
13.2794
13.2988
13.3355
13.3742
13.3906
13.3926
13.4313
13.467
13.468
13.4844
13.4844
13.4883
13.4883
13.5037
13.5608
13.5975
13.6536
13.6556
13.6576
13.6913
13.732
13.7861
13.8045
13.8616
13.8635
13.8645
13.8799
13.8809
13.937
13.9573
13.9931
13.9941
14.0
14.0
14.0
14.0
14.0511
14.0511
14.0685
14.0685
14.1082
14.1092
14.1256
14.1449
14.1479
14.1817
14.201
14.202
14.2958
14.3142
14.3335
14.3539
14.3722
14.3896
14.3896
14.4273
14.4854
14.5047
14.5211
14.5221
14.5241
14.5415
14.5598
14.5975
14.5985
14.5985
14.6343
14.6362
14.6392
14.6536
14.7474
14.7668
14.7851
14.7901
14.7901
14.8268
14.8278
14.8422
14.8606
14.8616
14.8829
14.8983
14.9003
14.9196
14.9554
14.9593
14.9747
14.9767
14.9931
15.0
15.0
15.0
15.0
15.0
15.0
15.0318
15.0492
15.0492
15.1072
15.1102
15.1459
15.1623
15.1623
15.1633
15.1817
15.2194
15.2387
15.2571
15.2948
15.2968
15.3152
15.3509
15.3509
15.3509
15.3558
15.3702
15.3702
15.3722
15.4109
15.4273
15.4506
15.466
15.467
15.4834
15.5444
15.5782
15.5792
15.5975
15.6169
15.6546
15.672
15.73
15.7658
15.7678
15.7851
15.8035
15.8045
15.8045
15.8422
15.8442
15.8799
15.8819
15.9921
16.0
16.0
16.0308
16.0492
16.0521
16.0521
16.0675
16.0908
16.1052
16.1633
16.202
16.2194
16.2417
16.2561
16.2571
16.2755
16.2764
16.2938
16.3142
16.3171
16.3325
16.3722
16.3936
16.407
16.4447
16.466
16.5588
16.5792
16.6189
16.6353
16.671
16.6953
16.7107
16.7107
16.7658
16.7861
16.8035
16.8055
16.8412
16.8452
16.9777
16.9787
17.0
17.0
17.0124
17.0134
17.0338
17.0511
17.0675
17.0705
17.1266
17.1449
17.1807
17.2387
17.2755
17.2764
17.2968
17.3539
17.3702
17.3752
17.3876
17.3876
17.407
17.4253
17.4293
17.5047
17.5578
17.5588
17.5821
17.6005
17.7271
17.7678
17.7851
17.8035
17.8228
17.8268
17.8799
17.9176
17.9216
17.936
17.939
17.9534
18.0
18.0114
18.0288
18.0288
18.0482
18.0482
18.0511
18.0665
18.0869
18.1042
18.1449
18.1479
18.1613
18.1633
18.199
18.2184
18.2377
18.2551
18.2561
18.2745
18.3132
18.3529
18.3683
18.4313
18.4437
18.4477
18.4631
18.4631
18.467
18.5008
18.5018
18.5261
18.5568
18.5578
18.5598
18.5946
18.6343
18.6392
18.6769
18.6894
18.6894
18.7077
18.7678
18.7851
18.7861
18.7901
18.8075
18.8258
18.8412
18.8452
18.9727
18.9911
19.0
19.0288
19.0472
19.0501
19.0849
19.1042
19.1246
19.142
19.1643
19.1663
19.1846
19.205
19.3112
19.3112
19.3122
19.3365
19.3519
19.3683
19.3712
19.4253
19.4303
19.4437
19.5261
19.5568
19.5772
19.6129
19.6129
19.6546
19.7261
19.7261
19.7271
19.7271
19.7494
19.7638
19.7648
19.7832
19.8025
19.8045
19.8586
19.8596
19.9534
20.0
20.0095
20.0472
20.0492
20.0511
20.143
20.1603
20.2
20.2174
20.3152
20.3325
20.3539
20.3693
20.464
20.464
20.464
20.4854
20.4998
20.5251
20.5261
20.5936
20.6129
20.6189
20.6353
20.6392
20.6903
20.733
20.7648
20.7678
20.7822
20.8199
20.8248
20.8576
20.9147
20.934
20.9707
20.9717
20.9717
21.0
21.0
21.0085
21.0134
21.0278
21.0655
21.0655
21.0685
21.0859
21.0879
21.0918
21.1216
21.204
21.2804
21.2918
21.3305
21.3906
21.4253
21.4253
21.4263
21.4427
21.5365
21.5742
21.5742
21.5752
21.6362
21.6497
21.674
21.7444
21.7628
21.7832
21.7861
21.8084
21.8238
21.8596
21.9003
21.9921
22.0085
22.0665
22.1216
22.1236
22.198
22.205
22.2154
22.2164
22.2397
22.2541
22.2591
22.2755
22.2928
22.3663
22.3663
22.407
22.408
22.4234
22.4611
22.5008
22.5221
22.5395
22.6303
22.7067
22.7707
22.8005
22.8258
22.8402
22.8576
22.934
22.9727
22.9737
23.0114
23.0462
23.0501
23.1033
23.1236
23.143
23.1439
23.1787
23.199
23.2154
23.2174
23.2531
23.2551
23.2745
23.3092
23.3673
23.3673
23.3683
23.3886
23.4477
23.4601
23.465
23.4804
23.5008
23.5018
23.5211
23.5385
23.6313
23.672
23.6884
23.7057
23.7241
23.7658
23.7812
23.8402
23.8442
23.8606
23.8983
23.9127
23.9137
23.933
23.933
23.9707
24.0134
24.0164
24.0288
24.0452
24.1206
24.2338
24.3112
24.3286
24.3663
24.3846
24.404
24.407
24.4243
24.4427
24.4611
24.4794
24.5018
24.5162
24.5162
24.5405
24.5539
24.5742
24.6293
24.7057
24.7077
24.7077
24.7241
24.7241
24.7658
24.8373
24.8432
24.8933
24.9147
24.9881
24.9891
24.9921
24.996
25.0
25.0
25.0114
25.0134
25.0288
25.0298
25.0655
25.0819
25.1459
25.1777
25.2174
25.2328
25.3122
25.3459
25.4224
25.4621
25.4794
25.4968
25.5355
25.5539
25.5539
25.611
25.6487
25.6576
25.7047
25.7231
25.7231
25.7425
25.8005
25.8973
25.8973
26.0501
26.0626
26.1023
26.1072
26.1236
26.1574
26.1767
26.1836
26.2154
26.2164
26.2367
26.2581
26.2725
26.2928
26.3315
26.3315
26.3459
26.3459
26.3469
26.3673
26.4089
26.4224
26.4253
26.4457
26.5345
26.5578
26.5578
26.5722
26.5906
26.6119
26.6343
26.6526
26.7057
26.7067
26.7985
26.7985
26.7995
26.8179
26.8973
26.9003
26.932
26.9707
26.9891
27.0626
27.1003
27.1023
27.1236
27.1574
27.1574
27.1767
27.1807
27.2328
27.2755
27.3092
27.3102
27.3489
27.3712
27.4204
27.5529
27.5539
27.5559
27.5916
27.6506
27.6903
27.7271
27.7454
27.7464
27.7628
27.8353
27.8546
27.9301
27.9737
28.0472
28.0809
28.1062
28.1767
28.1941
28.2318
28.2735
28.2899
28.3827
28.5027
28.5142
28.5152
28.5896
28.5946
28.6139
28.6149
28.6506
28.7251
28.7871
28.8839
28.9291
28.9494
28.9901
29.0278
29.0616
29.1186
29.2174
29.3072
29.4417
29.4496
29.5916
29.6651
29.6864
29.7231
29.7782
29.7841
29.8343
29.8432
29.9901
30.0819
30.1186
30.14
30.2194
30.2308
30.2561
30.3256
30.3837
30.3896
30.4194
30.4755
30.4968
30.4968
30.5181
30.5365
30.5549
30.5713
30.5886
30.6457
30.6641
30.669
30.7782
30.8363
30.9157
30.9474
30.9658
30.9668
31.0258
31.0636
31.1737
31.1737
31.2164
31.2308
31.2675
31.2899
31.3276
31.344
31.3846
31.4397
31.4571
31.4591
31.4591
31.4948
31.5142
31.5559
31.5568
31.6263
31.6854
31.8035
31.8169
31.874
31.8943
31.9157
31.9166
31.9658
32.0636
32.0819
32.1167
32.1196
32.136
32.1544
32.1951
32.2164
32.2308
32.2482
32.4234
32.4378
32.4571
32.5956
32.6844
32.6854
32.7201
32.7415
32.7832
32.8546
32.8933
32.931
32.936
32.9484
32.9658
33.0239
33.0606
33.137
33.139
33.1593
33.1727
33.2338
33.2502
33.2675
33.2685
33.4631
33.4775
33.5316
33.5896
33.608
33.6447
33.667
33.6814
33.7201
33.7762
33.8526
33.8933
33.9281
34.0025
34.0239
34.0422
34.1534
34.2675
34.3266
34.343
34.4378
34.4784
34.4958
34.5112
34.5112
34.5122
34.5335
34.5896
34.6467
34.7762
34.9077
34.933
34.9455
34.9474
35.0025
35.0045
35.0209
35.0393
35.0412
35.0789
35.141
35.1718
35.2288
35.2298
35.2472
35.2502
35.2918
35.341
35.3633
35.3981
35.5355
35.5499
35.606
35.6631
35.67
35.73
35.7454
35.7752
35.7752
35.8507
35.9445
35.9668
36.0278
36.0616
36.1147
36.137
36.1911
36.2665
36.3216
36.3226
36.4174
36.5683
36.6263
36.7008
36.7018
36.7221
36.7569
36.7608
36.7871
36.8333
36.8526
36.9261
37.0383
37.1216
37.2124
37.2268
37.2358
37.4611
37.6864
37.7172
37.7271
37.8536
37.9097
37.9291
37.9638
38.0045
38.2328
38.3777
38.4978
38.5489
38.5663
38.6313
38.6998
38.7802
38.9058
38.9291
39.0045
39.0199
39.135
39.1901
39.4601
39.4715
39.4899
39.5857
39.6303
39.7221
39.7782
39.7926
39.873
39.9241
39.9281
39.9464
39.9474
40.077
40.1236
40.1504
40.1504
40.1941
40.2636
40.343
40.3584
40.4755
40.4968
40.5683
40.5693
40.5906
40.609
40.7985
40.8477
40.8884
40.9648
40.9996
41.0373
41.0953
41.1206
41.338
41.338
41.344
41.4512
41.4571
41.6234
41.6343
41.6641
41.7057
41.7906
41.8671
41.9038
42.0616
42.0839
42.1504
42.1678
42.1698
42.2318
42.3003
42.345
42.3643
42.4715
42.5112
42.5276
42.5286
42.5325
42.6641
42.7529
42.8283
42.8497
42.8671
42.869
42.9127
42.9822
43.0229
43.0239
43.1862
43.1872
43.2462
43.3991
43.4387
43.5857
43.6447
43.7742
43.7772
43.81
43.8507
44.0005
44.2993
44.3177
44.403
44.5817
44.6388
44.7569
44.8015
44.8139
44.9861
45.0546
45.1698
45.2239
45.337
45.3971
45.5509
45.5857
45.6398
45.6775
45.6958
45.9048
45.9445
46.073
46.1852
46.337
46.338
46.4909
46.5296
46.6591
46.6949
46.7211
46.8641
46.9067
46.9589
46.9966
47.1117
47.1862
47.2422
47.2422
47.3216
47.345
47.5614
47.9028
47.9097
47.9648
48.0849
48.1465
48.1504
48.2085
48.2973
48.4551
48.4705
48.4804
48.5296
48.6194
48.6214
48.7509
48.8834
48.9028
48.9077
48.9425
48.9589
49.0333
49.0333
49.3941
49.4938
49.5489
49.6407
49.7152
49.7733
49.8254
49.9569
50.0517
50.28
50.3177
50.3544
50.3738
50.4849
50.4869
50.6388
50.7519
50.8671
51.0904
51.2413
51.4621
51.4899
51.545
51.607
51.608
51.61
51.6368
51.6735
51.7742
51.9792
52.0179
52.0527
52.0934
52.1068
52.1147
52.1658
52.277
52.3341
52.4666
52.5073
52.6224
52.7286
52.8641
52.9628
53.0507
53.276
53.277
53.342
53.3708
53.3718
53.4705
53.4849
53.6532
53.7345
53.748
53.806
53.8254
53.8671
54.2006
54.2442
54.3331
54.4472
54.5777
54.7857
54.9733
55.0904
55.1638
55.1951
55.5961
55.7093
55.9202
55.9579
56.2383
56.3718
56.4269
56.5256
56.6164
56.9241
57.0333
57.0507
57.3728
57.3797
57.4442
57.4666
57.5767
57.603
57.6745
57.6919
58.009
58.3872
58.6834
58.7395
58.9608
59.1028
59.1271
59.1455
59.2189
59.336
59.3524
59.744
59.8214
59.9336
59.9762
60.0566
60.2353
60.2383
60.2576
60.276
60.3708
60.4879
60.5604
60.7936
60.8591
60.9192
61.0527
61.0641
61.1484
61.1812
61.3708
61.4154
61.4288
61.5361
61.6174
61.6512
61.8011
61.8785
61.9152
62.3514
62.6571
62.6869
62.7286
62.9395
63.0284
63.3206
63.4065
63.5167
63.5738
63.745
63.8437
63.8998
63.9539
64.0894
64.1008
64.4075
64.746
64.7653
64.7877
64.8264
65.0303
65.1385
65.1782
65.3301
65.3485
65.3842
65.479
65.5177
65.7499
65.8735
65.9693
66.0294
66.54
66.7296
67.2924
67.4135
67.5351
67.5693
67.5797
67.6145
68.008
68.01
68.1038
68.7643
69.2691
69.2874
69.3465
69.5738
69.9093
69.9286
70.2045
70.2353
70.3048
70.3842
70.5505
70.5515
70.7083
70.8011
70.9316
71.3187
71.6065
72.0021
72.1559
72.5137
72.6552
72.8194
72.8194
72.8522
72.8775
73.0398
73.0844
73.1832
73.4065
73.4363
73.5678
74.4626
74.5331
74.5668
74.9336
75.3212
75.6994
75.742
75.8492
75.9162
76.3986
76.8775
76.9867
78.2393
78.5872
79.3018
79.7003
80.1113
80.5678
80.6259
81.1897
81.5659
81.5892
81.8319
82.0041
82.2671
82.5822
83.2924
83.4497
83.6219
84.4497
84.5281
84.684
84.9991
85.5465
85.8696
85.943
86.0145
86.1103
86.685
87.416
88.148
89.3172
89.5058
89.5599
89.6616
90.2254
90.3336
90.5639
90.5708
90.9276
91.2418
91.7381
91.9073
92.1837
92.3549
92.68
92.7698
93.3763
93.9361
94.0572
95.7371
97.9952
98.6403
98.8026
99.5137
99.8964
100.9167
100.9411
103.0096
103.7862
104.6209
105.0329
105.5173
106.4284
106.9505
107.9088
108.0433
108.5927
108.613
109.2696
110.1361
110.352
111.3609
112.5416
112.5743
113.5694
113.9515
114.7763
116.1138
116.5356
117.4533
117.6602
117.8681
118.0994
118.9416
123.354
126.0151
126.5684
131.7688
136.0121
142.5188
155.0796
178.1228
199.3625
225.8603
255.914
