3.0
3.0
3.0
3.0
3.0
3.0
3.0
3.0
3.0
3.0
3.0
3.0
3.0
3.0
3.0
3.0
3.0
3.0
3.0
3.0
3.0
3.0
3.0
3.0
3.0
3.0
3.0
3.0
3.0
3.0
3.0
3.0
3.0
3.0
3.0
3.0
3.0
3.0
3.0
3.0
3.0
3.0
3.0
3.0
3.0
3.0
3.0
3.0
3.0
3.0
3.0
3.0
3.0
3.0
3.0
3.0
3.0
3.0
3.0
3.0
3.0
3.0
3.0
3.0
3.0
3.0
3.0
3.0
3.0
3.0
3.0
4.0
4.0
4.0
4.0
4.0
4.0
4.0
4.0
4.0
4.0
4.0
4.0
4.0
4.0
4.0
4.0
4.0
4.0
4.0
4.0
4.0
4.0
4.0
4.0
4.0
4.0
4.0
4.0
4.0
4.0
4.0
4.0
4.0
4.0
4.0
4.0
4.0
4.0
4.0
4.0
4.0
4.0
4.0
4.0
4.0
4.0
4.0
4.3375
4.3752
4.4129
4.4883
4.4883
4.5638
4.6015
4.6392
4.6392
4.6769
4.7146
4.7901
4.8278
4.8655
4.8655
5.0
5.0
5.0
5.0
5.0
5.0
5.0
5.0
5.0
5.0
5.0
5.0
5.0
5.0
5.0
5.0
5.0
5.0
5.0
5.0
5.0
5.0
5.0
5.0
5.0
5.0
5.0
5.0
5.0
5.0
5.0
5.0
5.0
5.0
5.0
5.0
5.0164
5.0164
5.1673
5.205
5.2427
5.2427
5.3375
5.3558
5.3558
5.3752
5.3936
5.4313
5.4313
5.4883
5.5261
5.5444
5.5821
5.5821
5.5821
5.5821
5.6015
5.6015
5.6015
5.6199
5.6576
5.6953
5.6953
5.733
5.733
5.733
5.733
5.733
5.7524
5.7707
5.7707
5.7707
5.7901
5.7901
5.8084
5.8278
5.9216
5.9216
5.9593
5.9593
5.997
5.997
6.0
6.0
6.0
6.0
6.0
6.0
6.0
6.0
6.0
6.0
6.0
6.0
6.0
6.0
6.0
6.0
6.0
6.0164
6.0164
6.0918
6.0918
6.1295
6.1479
6.205
6.205
6.2988
6.3181
6.3375
6.3375
6.3558
6.3558
6.3742
6.4129
6.4496
6.469
6.4883
6.5628
6.5821
6.5821
6.6015
6.6382
6.6392
6.7137
6.8084
6.8268
6.8645
6.8839
6.9216
6.9216
6.94
6.9593
6.9777
6.997
7.0
7.0
7.0
7.0
7.0
7.0
7.0
7.0
7.0
7.0
7.0
7.0
7.0
7.0
7.0
7.0
7.0
7.0
7.0
7.0154
7.0164
7.0531
7.0918
7.1295
7.1663
7.1663
7.2233
7.2417
7.2804
7.3365
7.3375
7.3548
7.3548
7.3558
7.3752
7.3936
7.4119
7.4303
7.4303
7.4496
7.469
7.5251
7.5261
7.5444
7.5444
7.5628
7.5628
7.6189
7.6382
7.6566
7.6566
7.7146
7.7697
7.8268
7.8452
7.8645
7.8829
7.94
7.94
7.94
7.9593
8.0
8.0
8.0
8.0
8.0
8.0
8.0
8.0
8.0
8.0
8.0
8.0
8.0
8.0164
8.0908
8.1092
8.1092
8.1285
8.1469
8.1673
8.204
8.2233
8.2233
8.2417
8.2427
8.2611
8.3365
8.3375
8.4119
8.4129
8.4486
8.4883
8.5057
8.5057
8.5261
8.5261
8.5638
8.6015
8.6189
8.6392
8.6749
8.6759
8.6769
8.7127
8.7137
8.7514
8.7524
8.7707
8.8075
8.8268
8.8278
8.8452
8.8655
8.9022
8.9216
8.94
8.9767
8.997
9.0
9.0
9.0
9.0
9.0
9.0
9.0
9.0
9.0
9.0
9.0
9.0
9.0
9.0
9.0
9.0164
9.0725
9.0908
9.1469
9.1846
9.204
9.205
9.2427
9.2601
9.2978
9.3375
9.3375
9.3742
9.3916
9.4109
9.4506
9.467
9.467
9.4864
9.5067
9.5424
9.5434
9.5444
9.6005
9.6015
9.6372
9.6566
9.6576
9.7137
9.731
9.733
9.7514
9.7891
9.8065
9.8075
9.8452
9.8645
9.8655
9.9196
9.939
9.939
9.9409
9.9583
9.9787
9.997
10.0
10.0
10.0
10.0
10.0
10.0164
10.0541
10.0898
10.0908
10.0918
10.1092
10.1276
10.1459
10.1653
10.203
10.2407
10.2784
10.2784
10.2968
10.2998
10.3722
10.5231
10.5424
10.5638
10.5985
10.5995
10.6362
10.6382
10.6769
10.6943
10.6943
10.731
10.8452
10.9032
10.9032
10.938
10.9573
10.9951
11.0
11.0
11.0
11.0
11.0
11.0
11.0
11.0
11.0134
11.0144
11.0164
11.0511
11.1673
11.1836
11.1856
11.2214
11.2427
11.3181
11.3375
11.3529
11.4283
11.4496
11.468
11.5037
11.5638
11.5638
11.5985
11.6015
11.6576
11.73
11.731
11.7494
11.8055
11.8635
11.9206
11.9941
12.0
12.0
12.0
12.0
12.0
12.0
12.0
12.0
12.0511
12.0705
12.205
12.2214
12.3529
12.3906
12.3926
12.4283
12.4467
12.466
12.4844
12.5057
12.5608
12.5608
12.5608
12.5821
12.5975
12.6749
12.7146
12.8055
12.8248
12.8432
12.8993
12.9013
12.9409
12.9747
12.997
13.0
13.0
13.0
13.0
13.0
13.0347
13.0501
13.0541
13.1072
13.1072
13.1826
13.1826
13.1826
13.1856
13.2764
13.3896
13.3926
13.4283
13.469
13.5231
13.5415
13.5598
13.5782
13.5792
13.6005
13.6353
13.6362
13.6392
13.6546
13.6546
13.6576
13.6933
13.7668
13.7871
13.8452
13.8799
13.8809
13.9176
13.937
13.9554
14.0
14.0
14.0134
14.0308
14.0541
14.0541
14.0685
14.1062
14.1285
14.1295
14.1673
14.1817
14.1817
14.1836
14.205
14.2214
14.2998
14.3325
14.3722
14.4089
14.5792
14.5821
14.5965
14.6353
14.6536
14.673
14.6749
14.6913
14.7107
14.8084
14.8422
14.8432
14.8809
14.8983
14.9022
14.9196
14.9757
14.9787
14.9787
15.0
15.0114
15.0164
15.0492
15.0492
15.0695
15.0869
15.1062
15.1256
15.1256
15.2194
15.2377
15.2417
15.2988
15.3325
15.3335
15.3519
15.3712
15.465
15.469
15.4834
15.5027
15.5588
15.5985
15.6526
15.672
15.672
15.7097
15.7291
15.8045
15.8228
15.8412
15.8809
15.9767
16.0
16.0869
16.0918
16.1246
16.1449
16.1623
16.1826
16.2223
16.3132
16.3315
16.3529
16.3752
16.408
16.4283
16.4303
16.4313
16.5201
16.5588
16.5638
16.5772
16.5792
16.6362
16.731
16.7841
16.8278
16.8655
16.8973
16.9186
16.9544
16.9727
16.9787
16.9921
16.9921
16.997
17.0
17.0104
17.1102
17.1236
17.1256
17.143
17.143
17.143
17.2367
17.2938
17.2938
17.3142
17.3693
17.3876
17.407
17.407
17.4293
17.4467
17.4506
17.4506
17.5008
17.5047
17.6516
17.671
17.7087
17.7464
17.7464
17.7464
17.7648
17.7658
17.8035
17.8779
17.8799
17.9157
17.9176
17.937
17.9554
17.9573
18.0
18.0482
18.0869
18.1042
18.1042
18.143
18.1623
18.1633
18.1797
18.1856
18.205
18.2184
18.2948
18.3132
18.3152
18.3315
18.3693
18.408
18.464
18.5008
18.5047
18.5415
18.5568
18.6139
18.6343
18.6392
18.7146
18.8025
18.8065
18.8228
18.8655
18.934
19.0095
19.0104
19.0104
19.0328
19.0879
19.1633
19.1807
19.2174
19.2611
19.2928
19.3305
19.3305
19.3315
19.4119
19.4467
19.4621
19.5191
19.5261
19.5385
19.5568
19.5608
19.5792
19.5946
19.5946
19.5946
19.6179
19.7107
19.7271
19.7454
19.7454
19.7464
19.7464
19.7638
19.7687
19.7832
19.7861
19.8015
19.8084
19.8219
19.8228
19.8278
19.8392
19.8392
19.8392
19.8442
19.8586
19.8606
19.8655
19.9186
19.9544
20.0154
20.0278
20.0278
20.0278
20.0482
20.0655
20.0849
20.1266
20.1603
20.2174
20.2367
20.2541
20.2551
20.2735
20.2918
20.3673
20.3876
20.4477
20.4998
20.5181
20.5375
20.5559
20.5559
20.6313
20.6313
20.669
20.669
20.6903
20.6923
20.7444
20.7444
20.7638
20.8199
20.8392
20.8442
20.8442
20.8769
20.8829
20.8953
20.9003
20.9524
20.9931
21.0288
21.0482
21.0492
21.0888
21.1033
21.1449
21.1623
21.1856
21.1971
21.2174
21.2611
21.3152
21.3345
21.4253
21.465
21.4804
21.4844
21.5181
21.5568
21.5936
21.6526
21.6874
21.7454
21.7822
21.7871
21.8442
21.8953
21.8953
21.9891
22.0298
22.0462
22.0645
22.1276
22.1787
22.2174
22.2531
22.2541
22.2958
22.3181
22.3856
22.404
22.408
22.4234
22.4293
22.4874
22.4883
22.5027
22.5588
22.6497
22.7057
22.7057
22.7628
22.7687
22.8189
22.8442
22.8566
22.8953
22.932
22.9554
22.9554
22.9563
23.0085
23.0645
23.1236
23.1246
23.1817
23.198
23.2154
23.2338
23.2348
23.2348
23.2918
23.3479
23.3663
23.5027
23.5395
23.5549
23.5559
23.5742
23.6864
23.7057
23.7057
23.7067
23.7435
23.9003
23.9698
23.9911
24.0829
24.1206
24.1613
24.1971
24.2154
24.3529
24.3886
24.406
24.4601
24.4794
24.5181
24.5732
24.5926
24.6903
24.7241
24.7444
24.7618
24.7841
24.7995
24.8189
24.8373
24.8556
24.875
24.8779
24.8943
24.9127
24.9504
24.9504
24.9688
24.9707
25.0511
25.0636
25.0819
25.0908
25.1206
25.1469
25.1767
25.2194
25.2328
25.2377
25.2521
25.2561
25.2745
25.3102
25.3335
25.3459
25.3469
25.3837
25.3837
25.403
25.4591
25.4968
25.5415
25.5588
25.5608
25.5732
25.5752
25.5926
25.611
25.611
25.6333
25.6343
25.7425
25.7648
25.8373
25.8556
25.8933
25.9176
25.9494
25.9544
25.9931
26.0626
26.0636
26.1216
26.138
26.1757
26.1836
26.2377
26.2705
26.3459
26.4407
26.4591
26.464
26.5018
26.5956
26.6333
26.8189
26.8556
26.9301
26.9678
26.9871
27.0065
27.0472
27.1777
27.1941
27.1941
27.2387
27.2561
27.2908
27.2938
27.3142
27.3296
27.3315
27.3449
27.3846
27.3876
27.403
27.4397
27.464
27.4804
27.5916
27.6467
27.7038
27.7221
27.7415
27.7425
27.8546
27.8546
27.9107
27.9147
27.9871
28.0655
28.0993
28.1747
28.1941
28.1971
28.2124
28.3643
28.3643
28.3702
28.407
28.4214
28.4263
28.4581
28.4591
28.4794
28.4824
28.4958
28.5529
28.6273
28.6273
28.6273
28.6467
28.7687
28.7802
28.8005
28.8546
28.8963
29.0239
29.0422
29.0616
29.2124
29.2204
29.2521
29.4194
29.4243
29.4387
29.4571
29.4804
29.4948
29.4948
29.608
29.608
29.6323
29.7782
29.7832
29.7995
29.8625
29.873
29.8914
29.9166
29.9514
29.9668
30.0085
30.0229
30.0229
30.0675
30.0983
30.0983
30.1177
30.1186
30.136
30.14
30.1777
30.2115
30.2308
30.2338
30.2541
30.2889
30.3623
30.4253
30.4765
30.5132
30.5201
30.6457
30.6457
30.8536
30.9474
31.0422
31.0819
31.0983
31.1256
31.1583
31.1787
31.2308
31.2541
31.3246
31.343
31.3807
31.4378
31.4561
31.5509
31.6263
31.6457
31.7251
31.8149
31.8353
31.8556
31.9281
31.936
31.9504
32.0412
32.0973
32.135
32.135
32.142
32.1737
32.2105
32.2328
32.3613
32.5732
32.6254
32.6263
32.7008
32.7008
32.7956
32.8517
32.9271
33.0636
33.136
33.1583
33.2551
33.3053
33.3122
33.409
33.4174
33.4571
33.4775
33.5559
33.7435
33.7454
33.7618
33.8556
33.9077
34.0025
34.1177
34.1921
34.2298
34.4551
34.5519
34.5936
34.6824
34.6998
34.7192
34.7211
34.7579
34.7752
34.8353
34.9737
35.0963
35.1013
35.1216
35.134
35.1524
35.2328
35.2512
35.4368
35.6487
35.7559
35.7598
35.7772
35.7966
35.8884
35.8943
35.9077
36.0015
36.0065
36.0288
36.0626
36.138
36.1524
36.2154
36.2288
36.2839
36.4184
36.4919
36.5375
36.5479
36.6437
36.7648
36.7995
36.9067
37.0973
37.0983
37.1186
37.1574
37.2665
37.3216
37.3305
37.3787
37.3991
37.4174
37.4938
37.5906
37.6631
37.67
37.6988
37.7365
37.7792
37.7976
37.812
37.8303
37.869
37.9812
37.9871
38.3206
38.3777
38.3856
38.3971
38.3991
38.5857
38.5857
38.5896
38.6427
38.812
38.9812
39.2502
39.2656
39.2656
39.34
39.3876
39.4551
39.4765
39.603
39.6224
40.0556
40.076
40.1524
40.2075
40.2348
40.2512
40.669
40.7018
40.7345
40.7589
40.8477
40.8671
41.1757
41.2298
41.2442
41.2626
41.2899
41.34
41.3683
41.3807
41.3817
41.4154
41.5276
41.547
41.6214
42.1186
42.1688
42.6467
42.8283
42.8477
42.9608
43.1321
43.2665
43.3062
43.4889
43.546
43.6591
43.7182
43.812
43.8467
44.0924
44.1718
44.2993
44.4502
44.6775
44.7896
45.0537
45.0537
45.0914
45.343
45.3594
45.3747
45.5509
45.602
45.608
45.7028
45.8179
45.8189
45.8457
45.8914
46.0005
46.0789
46.135
46.1564
46.2521
46.2606
46.2859
46.6755
46.6755
46.9395
47.1301
47.6234
47.6745
48.1737
48.1872
48.2596
48.3167
48.3544
48.4308
48.5797
48.7306
48.9946
49.0333
49.0894
49.0934
49.1514
49.5866
49.6224
49.8497
49.9445
50.1455
50.3197
50.5827
50.667
50.8428
50.9802
51.2016
51.3033
51.3187
51.4621
51.5623
51.7296
51.7673
51.9385
52.0333
52.1698
52.2006
52.3147
52.3514
52.3708
52.5226
52.6949
52.805
52.9559
53.4502
54.1628
54.1668
54.1812
54.9599
55.0527
55.2462
55.6611
55.8428
56.0854
56.1147
56.1445
56.2249
56.3127
56.5003
56.7266
56.7847
56.8854
56.9996
57.0402
58.6512
58.8204
59.3544
59.9152
60.1405
60.2179
60.9142
61.3281
62.1425
62.5167
63.1579
63.4502
63.542
63.5931
64.1852
64.7837
65.6909
65.8175
66.8204
66.9103
67.3013
69.3068
69.8591
70.8706
71.3802
71.4557
71.7683
71.8368
71.9326
72.2547
72.3609
73.0959
73.4199
74.9897
76.208
78.0959
78.3202
78.7381
79.0755
79.276
80.4026
82.3946
83.0041
84.2458
84.4353
84.7207
90.6016
94.7078
94.879
96.5803
98.6904
98.9515
104.62
106.081
110.9659
118.3083
165.5039
168.566
