3.0
3.0
3.0
3.0
3.0
3.0
3.0
3.0
3.0
3.0
3.0
3.0
3.0
3.0
3.0
3.0
3.0
3.0
3.0
3.0
3.0
3.0
3.0
3.0
3.0
3.0
3.0
3.0
3.0
4.0
4.0
4.0
4.0
4.0
4.0
4.0
4.0
4.0
4.0
4.0
4.0
4.0
4.0
4.0
4.0
4.0
4.0
4.0
4.0
4.0
4.0
4.6392
5.0
5.0
5.0
5.0
5.0
5.0
5.0
5.0
5.0
5.0
5.0164
5.205
5.6015
5.6576
5.6953
5.733
5.9216
6.0
6.0
6.0
6.0
6.0
6.0
6.0
6.0
6.0
6.0
6.0
6.0
6.0
6.0
6.0
6.0725
6.0918
6.3181
6.4506
6.469
6.4883
6.5444
6.7524
6.7901
6.9777
7.0
7.0
7.0
7.0
7.0
7.0
7.0
7.0
7.0
7.2611
7.3171
7.3548
7.4496
7.4506
7.5821
7.7697
7.7901
7.8452
8.0
8.0
8.0
8.0
8.0
8.0
8.0
8.0
8.0
8.0
8.0164
8.0918
8.1092
8.3926
8.5628
8.8278
8.9206
8.9206
9.0
9.0
9.0
9.0
9.0715
9.1092
9.2794
9.3916
9.468
9.4864
9.8829
9.9593
10.0
10.0
10.0
10.0
10.1459
10.2968
10.3181
10.3355
10.3926
10.5444
10.5618
10.7494
11.0
11.0
11.0
11.0705
11.1082
11.1285
11.2407
11.5821
11.6556
11.7697
11.8278
11.938
11.9563
12.0
12.0
12.0
12.0
12.1082
12.6556
12.7678
12.7901
12.9032
13.0
13.0
13.0
13.2774
13.3896
13.4496
13.7137
14.0
14.0
14.0
14.0541
14.1256
14.201
14.204
14.2804
14.8045
15.0
15.0347
15.0685
15.2755
15.6015
15.7524
15.7901
16.2988
16.5405
16.6749
16.6943
17.0
17.0114
17.0298
17.4447
17.4506
17.7281
17.9534
17.9737
18.0
18.0114
18.6943
18.8268
18.8779
18.8779
18.9911
19.0
19.0859
19.3161
19.3742
19.5191
19.5385
19.5956
19.671
19.9777
20.0
20.1033
20.2735
20.3866
20.4129
20.6526
20.6759
20.8278
20.8779
21.1226
21.1459
21.1633
21.2804
21.4988
21.5946
22.0
22.0
22.2387
22.2998
22.5802
22.7812
22.9787
23.0888
23.1023
23.2541
23.2715
23.932
24.2338
24.2725
24.2899
24.5261
24.5355
24.5752
24.8566
24.9931
25.1439
25.2407
25.3122
25.7425
25.7812
25.8373
25.9544
26.2968
26.3082
26.3906
27.139
27.402
27.4874
27.5539
27.5946
27.6189
28.3181
28.5395
28.7221
28.873
29.3449
29.3519
29.4194
29.4581
29.8179
29.8914
30.1023
30.1062
30.2124
30.2427
30.3062
30.3305
30.408
30.4194
30.4447
30.5896
30.6139
30.7772
30.8645
30.9658
31.2318
31.2998
31.3132
31.4561
31.5142
31.7395
31.7638
31.8169
31.935
32.0849
32.3266
32.3807
32.4368
32.6254
32.9271
33.0725
33.3807
33.5876
33.6303
34.2601
34.3375
34.4234
34.5112
34.611
34.8323
35.077
35.1266
35.4854
35.5578
35.6998
36.0015
36.2879
36.6015
36.7077
37.0288
37.1082
37.2348
37.4348
38.5365
38.5896
38.8904
39.0606
39.0839
39.2164
40.136
40.1737
40.3767
40.6611
40.6795
40.9301
41.1311
41.1757
41.8199
42.0859
42.136
42.3941
42.4378
42.7231
43.2432
43.9415
44.3747
44.5663
44.7906
44.874
45.1291
45.4427
45.6273
45.9212
46.4601
46.8844
47.5325
47.7345
47.7519
48.8447
49.0422
49.5653
50.0452
50.2035
50.3529
50.7877
51.0313
51.1291
51.4919
51.7867
53.2566
53.2626
53.3747
53.9802
54.338
55.3673
58.1023
58.2219
58.5941
58.8428
60.7375
60.8581
60.9519
61.2413
61.4983
62.9529
63.9192
64.6686
65.0641
65.9693
66.6472
67.0815
67.9822
70.5033
71.6755
72.4383
79.6964
80.0224
82.7217
84.0939
84.1113
84.1286
87.1113
90.9857
91.9624
93.7108
93.9023
95.9197
101.0909
102.1972
105.5143
109.5317
114.8761
124.492
