3.0
3.0
3.0
3.0
3.0
3.0
3.0
3.0
3.0
3.0
3.0
3.0
3.0
3.0
3.0
3.0
3.0
3.0
3.0
3.0
3.0
3.0
3.0
3.0
3.0
3.0
3.0
3.0
3.0
3.0
3.0
3.0
3.0
3.0
3.0
3.0
3.0
3.0
3.0
3.0
3.0
3.0
3.0
3.0
3.0
3.0
3.0
3.0
3.0
3.0
3.0
3.0
3.0
3.0
3.0
3.0
3.0
3.0
3.0
3.0
3.0
3.0
3.0
3.0
3.0
3.0
3.0
3.0
3.0
3.0
3.0
3.0
3.0
3.0
3.0
3.0
3.0
3.0
3.0
3.0
3.0
3.0
3.0
3.0
3.0
3.0
3.0
3.0
3.0
3.0
3.0
3.0
3.0
3.0
3.0
3.0
3.0
3.0
3.0
3.0
3.0
3.0
3.0
3.0
3.0
3.0
3.0
3.0
3.0
3.0
3.0
3.0
3.0
3.0
3.0
3.0
3.0
3.0
3.0
3.0
3.0
3.0
3.0
3.0
3.0
3.0
3.0
3.0
3.0
3.0
3.0
3.0
3.0
3.0
3.0
3.0
3.0
3.0
3.0
3.0
3.0
3.0
3.0
3.0
3.0
3.0
3.0
3.0
3.0
3.0
3.0
3.0
3.0
3.0
3.0
3.0
3.0
3.0
3.0
3.0
3.0
3.0
3.0
3.0
3.0
3.0
3.0
3.0
3.0
3.0
3.0
3.0
3.0
3.0
3.0
3.0
3.0
3.0
3.0
3.0
3.0
3.0
3.0
3.0
3.0
3.0
3.0
3.0
3.0
3.0
3.0
3.0
3.0
3.0
3.0
3.0
3.0
3.0
3.0
3.0
3.0
3.0
3.0
3.0
3.0
3.0
3.0
3.0
3.0
3.0
3.0
3.0
3.0
3.0
3.0
3.0
3.0
3.0
3.0
3.0
3.0
3.0
3.0
3.0
3.0
3.0
3.0
3.0
3.0
3.0
3.0
3.0
3.0
3.0
3.0
3.0
3.0
3.0
3.0
3.0
3.0
3.0
3.0
3.0
3.0
3.0
3.0
3.0
3.0
3.0
3.0
3.0
3.0
3.0
3.0
3.0
3.0
3.0
3.0
3.0
3.0
3.0
3.0
3.0
3.0
3.0
4.0
4.0
4.0
4.0
4.0
4.0
4.0
4.0
4.0
4.0
4.0
4.0
4.0
4.0
4.0
4.0
4.0
4.0
4.0
4.0
4.0
4.0
4.0
4.0
4.0
4.0
4.0
4.0
4.0
4.0
4.0
4.0
4.0
4.0
4.0
4.0
4.0
4.0
4.0
4.0
4.0
4.0
4.0
4.0
4.0
4.0
4.0
4.0
4.0
4.0
4.0
4.0
4.0
4.0
4.0
4.0
4.0
4.0
4.0
4.0
4.0
4.0
4.0
4.0
4.0
4.0
4.0
4.0
4.0
4.0
4.0
4.0
4.0
4.0
4.0
4.0
4.0
4.0
4.0
4.0
4.0
4.0
4.0
4.0
4.0
4.0
4.0
4.0
4.0
4.0
4.0
4.0
4.0
4.0
4.0
4.0
4.0
4.0
4.0
4.0
4.0
4.0
4.0
4.0
4.0
4.0
4.0
4.0
4.0
4.0
4.0
4.0
4.0
4.0
4.0
4.0
4.0
4.0
4.0
4.0
4.0
4.0
4.0
4.0
4.0
4.0
4.0
4.0
4.0
4.0
4.0
4.0
4.0
4.0
4.0
4.0
4.0
4.0
4.0
4.0
4.0
4.0
4.0
4.0
4.0
4.0
4.0
4.0
4.0
4.0
4.0
4.0
4.0
4.0
4.0
4.0
4.0
4.0
4.0
4.0
4.0
4.0
4.0
4.0
4.0
4.0
4.0
4.0
4.0
4.0
4.0
4.0
4.0
4.0
4.0
4.0
4.0
4.0
4.0
4.0
4.0
4.0
4.0
4.0
4.0
4.0
4.0
4.0
4.0
4.0
4.0
4.0
4.2997
4.2997
4.3752
4.3752
4.3752
5.0
5.0
5.0
5.0
5.0
5.0
5.0
5.0
5.0
5.0
5.0
5.0
5.0
5.0
5.0
5.0
5.0
5.0
5.0
5.0
5.0
5.0
5.0
5.0
5.0
5.0
5.0
5.0
5.0
5.0
5.0
5.0
5.0
5.0
5.0
5.0
5.0
5.0
5.0
5.0
5.0
5.0
5.0
5.0
5.0
5.0
5.0
5.0
5.0
5.0
5.0
5.0
5.0
5.0
5.0
5.0
5.0
5.0
5.0
5.0
5.0
5.0
5.0
5.0
5.0
5.0
5.0
5.0
5.0
5.0
5.0
5.0
5.0
5.0
5.0
5.0
5.0
5.0
5.0
5.0
5.0
5.0
5.0
5.0
5.0
5.0
5.0
5.0
5.0
5.0
5.0
5.0
5.0
5.0
5.0
5.0
5.0
5.0
5.0
5.0
5.0
5.0
5.0
5.0
5.0
5.0
5.0
5.0
5.0
5.0
5.0
5.0
5.0
5.0
5.0
5.0
5.0
5.0
5.0
5.0
5.0
5.0
5.0
5.0
5.0
5.0
5.0
5.0
5.0
5.0
5.0
5.0
5.0
5.0
5.0
5.0
5.0
5.0
5.0
5.0
5.0
5.0
5.0
5.0
5.0
5.0
5.1295
5.1672
5.2804
5.2997
5.3375
5.3752
5.3752
5.4129
5.469
5.4883
5.6392
5.6392
5.6769
5.6769
5.8084
5.9216
5.9409
5.9786
6.0
6.0
6.0
6.0
6.0
6.0
6.0
6.0
6.0
6.0
6.0
6.0
6.0
6.0
6.0
6.0
6.0
6.0
6.0
6.0
6.0
6.0
6.0
6.0
6.0
6.0
6.0
6.0
6.0
6.0
6.0
6.0
6.0
6.0
6.0
6.0
6.0
6.0
6.0
6.0
6.0
6.0
6.0
6.0
6.0
6.0
6.0
6.0
6.0
6.0
6.0
6.0
6.0
6.0
6.0
6.0
6.0
6.0
6.0
6.0
6.0
6.0
6.0
6.0
6.0
6.0
6.0
6.0
6.0
6.0
6.0
6.0
6.0
6.0
6.0
6.0
6.0
6.0
6.0
6.0
6.0
6.0
6.0
6.0
6.0
6.0
6.0
6.0
6.0
6.0
6.0
6.0
6.0
6.0
6.0
6.0
6.0
6.3181
6.3181
6.3365
6.3752
6.4506
6.4506
6.469
6.525
6.526
6.6005
6.6015
6.6392
6.6392
6.7136
6.7146
6.7901
6.7901
6.8461
6.9593
6.9786
7.0
7.0
7.0
7.0
7.0
7.0
7.0
7.0
7.0
7.0
7.0
7.0
7.0
7.0
7.0
7.0
7.0
7.0
7.0
7.0
7.0
7.0
7.0
7.0
7.0
7.0
7.0
7.0
7.0
7.0
7.0
7.0
7.0
7.0
7.0
7.0
7.0
7.0
7.0
7.0
7.0
7.0
7.0
7.0
7.0
7.0
7.0
7.0
7.0
7.0
7.0
7.0
7.0
7.0
7.0
7.0
7.0
7.0
7.0
7.0
7.0
7.0
7.0
7.0
7.0
7.0
7.0
7.0
7.0
7.0
7.0
7.0
7.0
7.0
7.0
7.0
7.0
7.0
7.0
7.0
7.0
7.0
7.0
7.0
7.0
7.0
7.0154
7.0347
7.0541
7.0918
7.0918
7.1102
7.1285
7.1295
7.1672
7.2233
7.2987
7.2997
7.3558
7.4119
7.4506
7.525
7.526
7.5434
7.5628
7.5638
7.6015
7.6382
7.6382
7.6576
7.7136
7.7146
7.7514
7.7891
8.0
8.0
8.0
8.0
8.0
8.0
8.0
8.0
8.0
8.0
8.0
8.0
8.0
8.0
8.0
8.0
8.0
8.0
8.0
8.0
8.0
8.0
8.0
8.0
8.0
8.0
8.0
8.0
8.0
8.0
8.0
8.0
8.0
8.0
8.0
8.0
8.0
8.0
8.0
8.0
8.0
8.0
8.0
8.0
8.0
8.0
8.0
8.0
8.0
8.0
8.0
8.0
8.0
8.0
8.0
8.0
8.0
8.0
8.0
8.0
8.0
8.0
8.0
8.0
8.0
8.0
8.0
8.0
8.0
8.0
8.0
8.0
8.0
8.0
8.0
8.0
8.0
8.0
8.0724
8.1295
8.2794
8.3742
8.3752
8.4873
8.526
8.5638
8.6576
8.7136
8.7136
8.733
8.7514
8.7514
8.7891
8.8084
9.0
9.0
9.0
9.0
9.0
9.0
9.0
9.0
9.0
9.0
9.0
9.0
9.0
9.0
9.0
9.0
9.0
9.0
9.0
9.0
9.0
9.0
9.0
9.0
9.0
9.0
9.0
9.0
9.0
9.0
9.0
9.0
9.0
9.0
9.0144
9.0531
9.0724
9.0724
9.0918
9.1469
9.2997
9.2997
9.4486
9.469
9.5057
9.5811
9.6015
9.7146
9.7523
9.7707
9.8084
9.8258
9.8839
9.9777
9.997
10.0
10.0
10.0
10.0
10.0
10.0
10.0
10.0
10.0
10.0
10.0
10.0
10.0
10.0
10.0
10.0
10.0
10.0
10.0
10.0
10.0
10.0
10.0
10.0
10.0
10.0
10.0
10.0
10.0164
10.0337
10.0531
10.1082
10.2407
10.26
10.26
10.261
10.3181
10.3752
10.4109
10.4313
10.4506
10.4853
10.5434
10.5811
10.5985
10.5995
10.6005
10.6015
10.6178
10.6566
10.7146
10.733
10.7881
10.8278
10.8278
10.8278
10.8645
10.8819
10.9032
10.9032
10.9757
10.997
11.0
11.0
11.0
11.0
11.0
11.0
11.0
11.0
11.0
11.0
11.0
11.0
11.0
11.0
11.0
11.0
11.0
11.0
11.0
11.0
11.0
11.0
11.0
11.0
11.0
11.0
11.0
11.0
11.0
11.0
11.0
11.0
11.0
11.0888
11.1479
11.3375
11.3915
11.468
11.469
11.6005
11.6382
11.6392
11.733
11.7523
11.8084
11.8278
11.8451
11.8461
11.8819
11.9002
11.9216
11.9593
12.0
12.0
12.0
12.0
12.0
12.0
12.0
12.0
12.0
12.0
12.0
12.0
12.0
12.0
12.0
12.0154
12.0164
12.0908
12.0908
12.1295
12.2407
12.2427
12.259
12.26
12.2977
12.3151
12.3151
12.3345
12.3548
12.4506
12.5424
12.5444
12.5628
12.5801
12.5821
12.6178
12.6392
12.6769
12.731
12.8625
12.9409
12.9757
13.0
13.0
13.0
13.0
13.0
13.0347
13.0347
13.0511
13.2997
13.3141
13.3558
13.4466
13.468
13.4843
13.4883
13.5231
13.5424
13.5638
13.6198
13.6566
13.7126
13.7514
13.7881
13.7901
13.8278
13.9186
13.9389
13.9787
14.0
14.0
14.0
14.0
14.0
14.0541
14.0888
14.0908
14.0918
14.1255
14.1285
14.1295
14.261
14.2804
14.2987
14.2997
14.3161
14.3752
14.4273
14.4293
14.5037
14.5047
14.5067
14.5414
14.5444
14.5598
14.7146
14.7494
14.8238
14.8278
14.8461
14.8615
14.8992
15.0
15.0
15.0
15.0
15.0
15.0
15.0
15.0
15.0
15.1642
15.1652
15.1816
15.202
15.3141
15.3752
15.3896
15.4466
15.4486
15.5414
15.6178
15.6739
15.6903
15.6923
15.6933
15.7881
15.8034
16.0
16.0
16.0
16.0491
16.1245
16.1642
16.1856
16.2
16.201
16.2754
16.2938
16.3345
16.3712
16.4089
16.4293
16.5047
16.5067
16.5578
16.5628
16.5965
16.6576
16.7861
16.8461
16.8655
17.0
17.0
17.0134
17.0491
17.0685
17.1052
17.259
17.2938
17.3121
17.3141
17.3365
17.4273
17.4313
17.4313
17.5221
17.525
17.5811
17.5821
17.6566
17.6769
17.7464
17.9389
18.0
18.0
18.0317
18.0511
18.0695
18.0714
18.0714
18.255
18.2958
18.3548
18.3752
18.4253
18.465
18.467
18.5201
18.6139
18.6392
18.6546
18.7087
18.7647
18.7657
18.8451
18.9022
19.0
19.0
19.1052
19.1662
19.2233
19.256
19.2774
19.4436
19.4466
19.5231
19.5638
19.6168
19.6923
19.8248
19.8248
19.8392
19.9523
19.9757
20.0
20.0
20.0695
20.0868
20.1816
20.2764
20.3325
20.3702
20.4243
20.7647
20.7871
20.8972
20.9146
21.0
21.0
21.0
21.1662
21.2367
21.2784
21.3692
21.4099
21.462
21.6516
21.7444
21.8014
21.934
21.9523
22.0471
22.1439
22.1786
22.2744
22.3935
22.469
22.5821
22.6526
22.6729
22.7811
22.8759
22.934
22.9553
23.0297
23.0848
23.0888
23.1459
23.2183
23.2377
23.3111
23.466
23.5434
23.5945
23.5955
23.728
23.8188
23.9176
23.9513
24.0
24.0268
24.1235
24.1603
24.2938
24.3876
24.4039
24.5191
24.6362
24.6526
24.6893
24.7687
24.8014
24.8372
24.995
25.0
25.1205
25.1389
25.1786
25.2153
25.4967
25.5945
25.6322
25.6729
25.7523
25.932
26.0084
26.0461
26.1196
26.3285
26.4804
26.5151
26.5161
26.6853
26.8392
26.8555
26.8565
26.8759
26.992
27.2724
27.3935
27.5712
27.6709
27.7096
28.0461
28.0645
28.2357
28.2878
28.526
28.723
28.7791
28.8188
28.8198
28.986
29.0258
29.0451
29.0992
29.6883
29.8362
29.9483
30.0461
30.7791
30.9096
30.9186
31.3682
31.4387
31.5354
31.7871
31.8392
31.8759
31.9841
32.1205
32.2153
32.3612
32.3836
32.7086
32.723
32.8952
33.0828
33.2491
33.4396
33.5508
33.5528
33.5915
33.9176
33.928
34.1349
34.2153
34.4039
34.5548
34.663
34.664
34.8168
34.8362
35.0014
35.2918
35.663
35.6813
35.721
35.8332
35.8699
36.4059
36.4263
36.4367
37.4754
37.5761
37.6997
38.2357
38.458
38.4997
38.7771
38.8332
38.9156
38.9811
38.987
39.0381
39.2828
39.4907
39.6039
39.6049
39.6813
39.9423
40.0401
40.1319
40.2481
40.3776
40.8128
41.1493
41.1736
41.2624
41.3786
41.3836
41.462
41.7905
41.8913
42.1573
42.5875
42.659
44.2451
44.9974
45.1736
45.2421
45.9801
46.3002
46.4203
46.4878
47.449
47.451
47.716
47.9026
48.4868
49.0709
49.4674
49.5275
50.4664
53.1299
54.0679
55.8466
56.125
56.4083
56.6813
56.7141
57.2614
58.0475
58.4684
59.5388
60.1473
60.2758
60.386
61.6316
61.7091
64.0843
66.8222
67.4674
68.0996
69.2118
70.645
70.6743
71.7642
73.4574
74.0589
75.3036
80.2996
87.377
90.112
91.2842
