3.0
3.0
3.0
3.0
3.0
3.0
3.0
3.0
3.0
3.0
3.0
3.0
3.0
3.0
3.0
3.0
3.0
3.0
3.0
3.0
3.0
3.0
3.0
3.0
3.0
3.0
3.0
3.0
3.0
3.0
3.0
3.0
3.0
3.0
3.0
3.0
3.0
3.0
3.0
3.0
3.0
3.0
3.0
3.0
3.0
3.0
3.0
3.0
3.0
3.0
3.0
3.0
3.0
3.0
3.0
3.0
3.0
3.0
3.0
3.0
3.0
3.0
3.0
3.0
3.0
3.0
3.0
3.0
3.0
3.0
3.0
3.0
3.0
3.0
3.0
3.0
3.0
3.0
3.0
3.0
3.0
3.0
3.0
3.0
3.0
3.0
3.0
3.0
3.0
3.0
3.0
3.0
3.0
3.0
3.0
3.0
3.0
3.0
3.0
3.0
3.0
3.0
3.0
3.0
3.0
3.0
3.0
3.0
3.0
3.0
3.0
3.0
3.0
3.0
3.0
3.0
3.0
3.0
3.0
3.0
3.0
3.0
3.0
3.0
3.0
3.0
3.0
3.0
3.0
3.0
3.0
3.0
3.0
3.0
3.0
3.0
3.0
3.0
3.0
3.0
3.0
3.0
3.0
3.0
3.0
3.0
3.0
3.0
3.0
3.0
3.0
3.0
3.0
3.0
3.0
3.0
3.0
3.0
3.0
3.0
3.0
3.0
3.0
3.0
3.0
3.0
3.0
3.0
3.0
3.0
3.0
3.0
3.0
3.0
3.0
3.0
3.0
3.0
3.0
3.0
3.0
3.0
3.0
3.0
3.0
3.0
3.0
3.0
3.0
3.0
3.0
3.0
3.0
3.0
3.0
3.0
3.0
3.0
3.0
3.0
3.0
3.0
3.0
3.0
3.0
3.0
3.0
3.0
3.0
3.0
3.0
3.0
3.0
3.0
3.0
3.0
3.0
3.0
3.0
3.0
3.0
3.0
3.0
3.0
3.0
3.0
3.0
3.0
3.0
3.0
3.0
3.0
3.0
3.0
3.0
3.0
3.0
3.0
3.0
3.0
3.0
3.0
3.0
3.0
3.0
3.0
3.0
3.0
3.0
3.0
3.0
3.0
3.0
3.0
3.0
3.0
3.0
3.0
3.0
3.0
3.0
3.0
3.0
3.0
3.0
3.0
3.0
3.0
3.0
3.0
3.0
3.0
3.0
3.0
3.0
3.0
3.0
3.0
3.0
3.0
3.0
3.0
3.0
3.0
3.0
3.0
3.0
3.0
3.0
3.0
3.0
3.0
3.0
3.0
3.0
3.0
3.0
3.0
3.0
3.0
3.0
3.0
3.0
3.0
3.0
3.0
3.0
3.0
3.0
3.0
3.0
3.0
3.0
3.0
3.0
4.0
4.0
4.0
4.0
4.0
4.0
4.0
4.0
4.0
4.0
4.0
4.0
4.0
4.0
4.0
4.0
4.0
4.0
4.0
4.0
4.0
4.0
4.0
4.0
4.0
4.0
4.0
4.0
4.0
4.0
4.0
4.0
4.0
4.0
4.0
4.0
4.0
4.0
4.0
4.0
4.0
4.0
4.0
4.0
4.0
4.0
4.0
4.0
4.0
4.0
4.0
4.0
4.0
4.0
4.0
4.0
4.0
4.0
4.0
4.0
4.0
4.0
4.0
4.0
4.0
4.0
4.0
4.0
4.0
4.0
4.0
4.0
4.0
4.0
4.0
4.0
4.0
4.0
4.0
4.0
4.0
4.0
4.0
4.0
4.0
4.0
4.0
4.0
4.0
4.0
4.0
4.0
4.0
4.0
4.0
4.0
4.0
4.0
4.0
4.0
4.0
4.0
4.0
4.0
4.0
4.0
4.0
4.0
4.0
4.0
4.0
4.0
4.0
4.0
4.0
4.0
4.0
4.0
4.0
4.0
4.0
4.0
4.0
4.0
4.0
4.0
4.0
4.0
4.0
4.0
4.0
4.0
4.0
4.0
4.0
4.0
4.0
4.0
4.0
4.0
4.0
4.0
4.0
4.0
4.0
4.0
4.0
4.0
4.0
4.0
4.0
4.0
4.0
4.0
4.0
4.0
4.0
4.0
4.0
4.0
4.0
4.0
4.0
4.0
4.0
4.0
4.0
4.0
4.0
4.0
4.0
4.0
4.0
4.0
4.0
4.0
4.0
4.0
4.0
4.0
4.0
4.0
4.0
4.0
4.0
4.0
4.0
4.0
4.0
4.0
4.0
4.0
4.0
4.0
4.0
4.0
4.0
4.0
4.0
4.0
4.0
4.0
4.0
4.0
4.0
4.0
4.0
4.0
4.0
4.0
4.0
4.0
4.0
4.0
4.0
4.0
4.0
4.0
4.0
4.0
4.0
4.0
4.0
4.0
4.0
4.0
4.0
4.0
4.0
4.0
4.0
4.0
4.0
4.0
4.0
4.0
4.0
4.0
4.0
4.0
4.3375
4.3752
4.3752
4.4129
4.4883
4.6769
4.7523
4.8278
4.8655
5.0
5.0
5.0
5.0
5.0
5.0
5.0
5.0
5.0
5.0
5.0
5.0
5.0
5.0
5.0
5.0
5.0
5.0
5.0
5.0
5.0
5.0
5.0
5.0
5.0
5.0
5.0
5.0
5.0
5.0
5.0
5.0
5.0
5.0
5.0
5.0
5.0
5.0
5.0
5.0
5.0
5.0
5.0
5.0
5.0
5.0
5.0
5.0
5.0
5.0
5.0
5.0
5.0
5.0
5.0
5.0
5.0
5.0
5.0
5.0
5.0
5.0
5.0
5.0
5.0
5.0
5.0
5.0
5.0
5.0
5.0
5.0
5.0
5.0
5.0
5.0
5.0
5.0
5.0
5.0
5.0
5.0
5.0
5.0
5.0
5.0
5.0
5.0
5.0
5.0
5.0
5.0
5.0
5.0
5.0
5.0
5.0
5.0
5.0
5.0
5.0
5.0
5.0
5.0
5.0
5.0
5.0
5.0
5.0
5.0
5.0
5.0
5.0
5.0
5.0
5.0
5.0
5.0
5.0
5.0
5.0
5.0
5.0
5.0
5.0
5.0
5.0
5.0
5.0
5.0
5.0
5.0
5.0
5.0
5.0
5.0
5.0
5.0
5.0
5.0
5.0
5.0
5.0
5.0
5.0
5.0
5.0
5.0
5.0
5.0
5.0
5.0
5.0
5.0
5.0
5.0
5.0
5.0
5.0
5.0
5.0
5.0
5.0
5.0
5.0
5.0
5.0
5.0
5.0
5.0
5.0
5.0
5.0
5.0
5.0
5.0
5.0
5.0
5.0
5.0
5.0
5.0
5.0
5.0
5.0
5.0
5.0
5.0
5.0
5.0
5.0
5.0
5.0
5.0
5.0
5.0
5.0
5.0
5.0
5.0
5.0
5.0
5.0
5.0164
5.0918
5.205
5.3181
5.3181
5.3375
5.3935
5.4129
5.4506
5.4506
5.469
5.526
5.5638
5.6015
5.6198
5.6392
5.6392
5.6576
5.6769
5.7146
5.733
5.7523
5.7901
5.8084
5.8084
5.8655
5.9216
6.0
6.0
6.0
6.0
6.0
6.0
6.0
6.0
6.0
6.0
6.0
6.0
6.0
6.0
6.0
6.0
6.0
6.0
6.0
6.0
6.0
6.0
6.0
6.0
6.0
6.0
6.0
6.0
6.0
6.0
6.0
6.0
6.0
6.0
6.0
6.0
6.0
6.0
6.0
6.0
6.0
6.0
6.0
6.0
6.0
6.0
6.0
6.0
6.0
6.0
6.0
6.0
6.0
6.0
6.0
6.0
6.0
6.0
6.0
6.0
6.0
6.0
6.0
6.0
6.0
6.0
6.0
6.0
6.0
6.0
6.0
6.0
6.0
6.0
6.0
6.0
6.0
6.0
6.0
6.0
6.0
6.0
6.0
6.0
6.0
6.0
6.0
6.0
6.0
6.0
6.0
6.0
6.0
6.0
6.0
6.0
6.0
6.0
6.0
6.0
6.0
6.0
6.0
6.0
6.0
6.0
6.0
6.0
6.0
6.0
6.0
6.0
6.0
6.0
6.0
6.0
6.0
6.0
6.0
6.0
6.0
6.0
6.0
6.0
6.0
6.0
6.0
6.0
6.0
6.0
6.0
6.0
6.0
6.0
6.0
6.0
6.0
6.0
6.0
6.0
6.0
6.0
6.0
6.0
6.0
6.0
6.0
6.0
6.0
6.0164
6.0347
6.0541
6.0918
6.1672
6.2233
6.2427
6.2804
6.2987
6.2997
6.3365
6.3742
6.3752
6.4313
6.4496
6.4506
6.469
6.4883
6.5067
6.525
6.5444
6.5444
6.5628
6.6015
6.6382
6.6576
6.6953
6.733
6.7523
6.7523
6.7891
6.7901
6.7901
6.8268
6.9022
6.9399
6.9409
6.9786
6.997
6.997
7.0
7.0
7.0
7.0
7.0
7.0
7.0
7.0
7.0
7.0
7.0
7.0
7.0
7.0
7.0
7.0
7.0
7.0
7.0
7.0
7.0
7.0
7.0
7.0
7.0
7.0
7.0
7.0
7.0
7.0
7.0
7.0
7.0
7.0
7.0
7.0
7.0
7.0
7.0
7.0
7.0
7.0
7.0
7.0
7.0
7.0
7.0
7.0
7.0
7.0
7.0
7.0
7.0
7.0
7.0
7.0
7.0
7.0
7.0
7.0
7.0
7.0
7.0
7.0
7.0
7.0
7.0
7.0
7.0
7.0
7.0
7.0
7.0
7.0
7.0
7.0
7.0
7.0
7.0
7.0
7.0
7.0
7.0
7.0
7.0
7.0
7.0
7.0
7.0
7.0
7.0
7.0
7.0
7.0
7.0
7.0
7.0
7.0
7.0
7.0
7.0
7.0
7.0
7.0
7.0
7.0
7.0
7.0
7.0
7.0
7.0
7.0
7.0
7.0
7.0
7.0
7.0
7.0
7.0
7.0
7.0
7.0
7.0
7.0
7.0
7.0
7.0
7.0
7.0
7.0
7.0
7.0
7.0
7.0
7.0
7.0
7.0
7.0
7.0
7.0
7.0
7.0918
7.1285
7.1479
7.205
7.2233
7.2427
7.2794
7.2794
7.2804
7.2987
7.2987
7.3171
7.3375
7.3375
7.3935
7.4129
7.4496
7.4873
7.5057
7.5444
7.5638
7.6005
7.6005
7.6382
7.6392
7.6769
7.6769
7.7146
7.733
7.7514
7.7523
7.7697
7.8461
7.8645
7.8655
7.8839
7.9022
7.9032
7.9206
7.9409
7.9583
7.9777
8.0
8.0
8.0
8.0
8.0
8.0
8.0
8.0
8.0
8.0
8.0
8.0
8.0
8.0
8.0
8.0
8.0
8.0
8.0
8.0
8.0
8.0
8.0
8.0
8.0
8.0
8.0
8.0
8.0
8.0
8.0
8.0
8.0
8.0
8.0
8.0
8.0
8.0
8.0
8.0
8.0
8.0
8.0
8.0
8.0
8.0
8.0
8.0
8.0
8.0
8.0
8.0
8.0
8.0
8.0
8.0
8.0
8.0
8.0
8.0
8.0
8.0
8.0
8.0
8.0
8.0
8.0
8.0
8.0
8.0
8.0
8.0
8.0
8.0
8.0
8.0
8.0
8.0
8.0
8.0
8.0
8.0
8.0
8.0
8.0
8.0
8.0
8.0
8.0
8.0
8.0
8.0
8.0
8.0
8.0
8.0
8.0
8.0
8.0
8.0
8.0
8.0
8.0
8.0154
8.0164
8.0337
8.0714
8.0714
8.1285
8.1295
8.1479
8.1662
8.1662
8.1672
8.1672
8.205
8.2233
8.26
8.2804
8.2804
8.2997
8.2997
8.3171
8.3181
8.3365
8.3375
8.3548
8.3548
8.3742
8.3752
8.3752
8.4506
8.4506
8.5067
8.525
8.525
8.5434
8.5444
8.6015
8.6198
8.6566
8.6943
8.7146
8.7146
8.8461
8.8655
8.8655
8.8829
8.9012
8.9022
8.9032
8.9409
8.9777
9.0
9.0
9.0
9.0
9.0
9.0
9.0
9.0
9.0
9.0
9.0
9.0
9.0
9.0
9.0
9.0
9.0
9.0
9.0
9.0
9.0
9.0
9.0
9.0
9.0
9.0
9.0
9.0
9.0
9.0
9.0
9.0
9.0
9.0
9.0
9.0
9.0
9.0
9.0
9.0
9.0
9.0
9.0
9.0
9.0
9.0
9.0
9.0
9.0
9.0
9.0
9.0
9.0
9.0
9.0
9.0
9.0
9.0
9.0
9.0
9.0
9.0
9.0
9.0
9.0
9.0
9.0
9.0
9.0
9.0
9.0
9.0
9.0
9.0
9.0
9.0
9.0
9.0
9.0
9.0
9.0
9.0
9.0
9.0
9.0
9.0
9.0
9.0
9.0
9.0154
9.0164
9.0541
9.0724
9.0898
9.1102
9.1295
9.1469
9.1672
9.2233
9.2427
9.2427
9.2804
9.2804
9.2987
9.2997
9.3161
9.3181
9.3181
9.3181
9.3375
9.3548
9.3558
9.3915
9.3935
9.4109
9.4119
9.4293
9.4303
9.4303
9.4313
9.4313
9.4486
9.4496
9.4863
9.4863
9.4883
9.525
9.5821
9.5995
9.6015
9.6198
9.6392
9.6749
9.6769
9.6769
9.6953
9.7146
9.7687
9.7707
9.7707
9.8278
9.8461
9.8635
9.8645
9.9032
9.9389
9.9409
9.9767
9.9787
9.9787
9.995
10.0
10.0
10.0
10.0
10.0
10.0
10.0
10.0
10.0
10.0
10.0
10.0
10.0
10.0
10.0
10.0
10.0
10.0
10.0
10.0
10.0
10.0
10.0
10.0
10.0
10.0
10.0
10.0
10.0
10.0
10.0
10.0
10.0
10.0
10.0
10.0
10.0
10.0
10.0
10.0
10.0
10.0
10.0
10.0
10.0
10.0
10.0
10.0
10.0
10.0
10.0
10.0
10.0
10.0
10.0
10.0
10.0
10.0
10.0
10.0
10.0
10.0
10.0
10.0
10.0
10.0
10.0
10.0
10.0
10.0144
10.1092
10.1092
10.1469
10.205
10.2427
10.2987
10.3181
10.3181
10.3355
10.3375
10.3752
10.3935
10.4119
10.4129
10.4129
10.4303
10.4313
10.4506
10.469
10.4883
10.5067
10.5231
10.526
10.5424
10.5638
10.5638
10.5821
10.6372
10.6382
10.6566
10.7126
10.7136
10.7146
10.733
10.733
10.7891
10.8074
10.8084
10.8258
10.8451
10.8645
10.8645
10.9032
10.9196
10.995
11.0
11.0
11.0
11.0
11.0
11.0
11.0
11.0
11.0
11.0
11.0
11.0
11.0
11.0
11.0
11.0
11.0
11.0
11.0
11.0
11.0
11.0
11.0
11.0
11.0
11.0
11.0
11.0
11.0
11.0
11.0
11.0
11.0
11.0
11.0
11.0
11.0
11.0
11.0
11.0
11.0
11.0
11.0
11.0
11.0
11.0
11.0
11.0
11.0
11.0
11.0
11.0
11.0
11.0154
11.0521
11.0705
11.0714
11.0908
11.0918
11.0918
11.1092
11.1102
11.1846
11.204
11.2223
11.2223
11.2407
11.2417
11.2427
11.2774
11.2804
11.2804
11.2804
11.2997
11.3181
11.3375
11.3538
11.4129
11.4506
11.466
11.468
11.4883
11.5067
11.5241
11.5791
11.5791
11.5811
11.6015
11.6015
11.6382
11.6382
11.6739
11.6769
11.6769
11.6923
11.7136
11.733
11.733
11.7523
11.7707
11.8074
11.8278
11.8461
11.8625
11.8645
11.8655
11.9409
11.9563
11.9593
11.9777
11.9777
11.9777
11.995
11.997
12.0
12.0
12.0
12.0
12.0
12.0
12.0
12.0
12.0
12.0
12.0
12.0
12.0
12.0
12.0
12.0
12.0
12.0
12.0
12.0
12.0
12.0
12.0
12.0
12.0
12.0
12.0
12.0
12.0
12.0
12.0
12.0
12.0
12.0
12.0
12.0
12.0144
12.0511
12.0521
12.0541
12.0724
12.1082
12.1102
12.1479
12.2213
12.258
12.2784
12.2958
12.2997
12.3335
12.3345
12.3345
12.3528
12.3538
12.3925
12.4119
12.4466
12.4496
12.525
12.5638
12.5821
12.6005
12.6015
12.6188
12.6392
12.6546
12.6759
12.6769
12.6769
12.733
12.7504
12.7677
12.7871
12.7901
12.7901
12.8238
12.8278
12.8461
12.8635
12.8829
12.8829
12.9022
12.9409
12.9573
12.9593
12.9747
12.9777
12.9787
12.9787
12.9787
13.0
13.0
13.0
13.0
13.0
13.0
13.0
13.0
13.0
13.0
13.0
13.0
13.0
13.0
13.0
13.0
13.0
13.0
13.0
13.0
13.0
13.0
13.0
13.0
13.0
13.0
13.0
13.0
13.0
13.0
13.0
13.0
13.0
13.0
13.0
13.0
13.0
13.0
13.0
13.0
13.0
13.0
13.0
13.0531
13.0714
13.0908
13.1082
13.1459
13.1479
13.1672
13.1672
13.1826
13.202
13.202
13.2407
13.2784
13.2794
13.2968
13.3181
13.3935
13.4109
13.4119
13.4129
13.4129
13.4293
13.4496
13.469
13.5047
13.5057
13.5404
13.5444
13.5608
13.5638
13.5638
13.5821
13.6005
13.6015
13.6015
13.6015
13.6168
13.6198
13.6382
13.6729
13.6729
13.6769
13.7116
13.73
13.7494
13.7861
13.7871
13.8084
13.8238
13.8809
13.8829
13.8839
13.8992
13.9002
13.9196
13.9379
13.9409
13.9409
13.9583
13.9777
13.993
13.995
14.0
14.0
14.0
14.0
14.0
14.0
14.0
14.0
14.0
14.0
14.0
14.0
14.0
14.0
14.0
14.0
14.0
14.0
14.0
14.0
14.0
14.0
14.0
14.0
14.0
14.0
14.0
14.0
14.0
14.0154
14.0164
14.0327
14.1072
14.1275
14.1652
14.1652
14.1672
14.202
14.2223
14.2948
14.2997
14.3375
14.3712
14.465
14.4833
14.4863
14.4883
14.5027
14.5424
14.5588
14.5801
14.5965
14.6005
14.6168
14.6392
14.6392
14.6556
14.6923
14.6953
14.6953
14.732
14.7474
14.7901
14.8432
14.8451
14.8809
14.8819
14.8982
14.8992
14.9002
14.9216
14.9737
14.995
15.0
15.0
15.0
15.0
15.0
15.0
15.0
15.0
15.0
15.0
15.0
15.0
15.0
15.0
15.0
15.0521
15.0531
15.0541
15.0685
15.0878
15.0908
15.1265
15.1275
15.1632
15.1856
15.202
15.2397
15.2427
15.2948
15.3141
15.3355
15.3365
15.3375
15.3508
15.3518
15.3548
15.3742
15.3752
15.3752
15.3935
15.4079
15.4129
15.4293
15.4293
15.4313
15.4476
15.5211
15.5231
15.5638
15.5638
15.5771
15.6149
15.6198
15.6382
15.6759
15.6769
15.6769
15.6953
15.73
15.7707
15.7851
15.7861
15.8054
15.8635
15.8829
15.8992
15.9002
15.9359
15.9389
15.9737
15.9777
16.0
16.0
16.0
16.0
16.0
16.0
16.0
16.0
16.0
16.0
16.0
16.0
16.0
16.0
16.0
16.0
16.0317
16.0511
16.0704
16.0868
16.0918
16.1295
16.1295
16.1295
16.1469
16.203
16.2774
16.2978
16.2997
16.2997
16.2997
16.3702
16.3742
16.4466
16.466
16.469
16.4853
16.5057
16.526
16.5598
16.5598
16.5975
16.6015
16.6198
16.6198
16.6536
16.6556
16.6576
16.6769
16.6769
16.6903
16.6953
16.729
16.73
16.7677
16.7871
16.8044
16.8432
16.8982
16.9196
16.9216
16.9379
16.9757
17.0
17.0
17.0
17.0
17.0
17.0
17.0
17.0
17.0
17.0
17.0
17.0
17.0
17.0521
17.1062
17.1082
17.1275
17.1439
17.2948
17.3181
17.3508
17.3732
17.3752
17.3896
17.3935
17.4293
17.4313
17.4466
17.4843
17.4883
17.5037
17.5444
17.5638
17.5791
17.6015
17.6149
17.6188
17.6352
17.6526
17.6729
17.732
17.7514
17.7667
17.7841
17.8034
17.8054
17.8451
17.8645
17.8799
17.9002
17.9166
17.9369
17.9573
17.9737
17.9757
17.991
17.994
18.0
18.0
18.0
18.0
18.0
18.0
18.0124
18.0307
18.0714
18.1429
18.1662
18.1816
18.202
18.2213
18.255
18.2968
18.2987
18.3508
18.3548
18.3692
18.3896
18.3896
18.4089
18.4253
18.466
18.4853
18.5027
18.5241
18.5588
18.5638
18.5801
18.5945
18.5965
18.5965
18.6178
18.6332
18.6392
18.6709
18.6923
18.7146
18.7474
18.7677
18.7871
18.8461
18.8779
18.8789
18.8789
18.9166
18.9206
18.9399
18.9543
18.9767
18.9767
18.995
19.0
19.0
19.0
19.0
19.0297
19.0501
19.0531
19.0541
19.0704
19.0888
19.1092
19.1255
19.1275
19.1439
19.1613
19.1642
19.1652
19.1796
19.198
19.2
19.2387
19.2427
19.2968
19.3161
19.3305
19.3335
19.3375
19.3702
19.4129
19.4263
19.4506
19.469
19.4873
19.5037
19.5211
19.5628
19.5638
19.5771
19.6159
19.6556
19.6769
19.731
19.7484
19.7637
19.7657
19.7677
19.7687
19.8044
19.8084
19.8238
19.8258
19.8402
19.8779
19.8809
19.992
19.995
20.0
20.0
20.0
20.0
20.0
20.0
20.0
20.0
20.0
20.0
20.0337
20.0501
20.0685
20.1102
20.1826
20.203
20.203
20.205
20.2203
20.255
20.2734
20.2774
20.2804
20.2987
20.3498
20.3732
20.3905
20.3925
20.4089
20.4129
20.4253
20.4456
20.465
20.466
20.5201
20.5231
20.525
20.5404
20.5568
20.5791
20.6129
20.6139
20.6178
20.6198
20.6322
20.6506
20.6953
20.7464
20.7494
20.7667
20.7707
20.7821
20.8034
20.8412
20.8461
20.8625
20.8625
20.8769
20.8952
20.933
20.9389
20.9717
20.9727
20.9786
21.0
21.0
21.0
21.0
21.0
21.0
21.0511
21.1042
21.1082
21.1275
21.1593
21.1632
21.1672
21.1846
21.2213
21.2427
21.2427
21.2744
21.2774
21.3131
21.3305
21.3752
21.3935
21.4069
21.4263
21.4426
21.462
21.464
21.467
21.4873
21.5221
21.525
21.5384
21.5404
21.5751
21.5821
21.6332
21.6729
21.7647
21.8064
21.8769
21.8789
21.8819
21.9146
21.9186
21.9379
21.9543
21.991
21.992
21.993
22.0
22.0
22.0094
22.0278
22.0297
22.0655
22.0858
22.0918
22.1295
22.1459
22.2541
22.258
22.2958
22.2968
22.3111
22.3538
22.3558
22.3925
22.4069
22.461
22.465
22.469
22.5047
22.5201
22.5801
22.6119
22.6168
22.6312
22.6506
22.6719
22.7096
22.729
22.733
22.7434
22.7901
22.8402
22.8402
22.8585
22.8799
22.8799
22.8819
22.8839
22.9156
22.9543
23.0
23.0
23.0084
23.0144
23.0317
23.0471
23.0848
23.1603
23.2357
23.2958
23.3518
23.3856
23.4823
23.5037
23.5558
23.5578
23.6129
23.6352
23.6719
23.6903
23.7146
23.7627
23.8005
23.8034
23.8278
23.8575
23.8819
23.8839
23.934
23.9533
23.9717
23.99
24.0
24.0
24.0
24.0104
24.0317
24.0451
24.0501
24.0704
24.0724
24.0838
24.1042
24.1205
24.1265
24.1295
24.1295
24.198
24.2213
24.259
24.2714
24.2898
24.3101
24.3121
24.3468
24.3682
24.3752
24.3856
24.3886
24.4223
24.4293
24.4426
24.4436
24.4496
24.464
24.4987
24.5007
24.5181
24.5201
24.5201
24.5568
24.5761
24.5761
24.6526
24.7057
24.7067
24.7077
24.727
24.7637
24.7801
24.8178
24.8218
24.8238
24.8952
24.9533
24.9553
24.994
25.0
25.0
25.0
25.0878
25.1012
25.1012
25.1265
25.1265
25.1295
25.1439
25.1593
25.1642
25.1836
25.2173
25.2223
25.2347
25.2397
25.3285
25.3498
25.3508
25.3672
25.3692
25.3915
25.4873
25.5007
25.5374
25.5751
25.5791
25.6332
25.6729
25.725
25.728
25.7995
25.8005
25.8565
25.8645
25.8749
25.8932
25.9196
25.9757
25.988
26.0645
26.1072
26.1196
26.1225
26.1459
26.196
26.2143
26.2407
26.3335
26.3459
26.3488
26.3528
26.4129
26.4243
26.4774
26.4823
26.5047
26.5047
26.5414
26.5722
26.6302
26.6669
26.7057
26.723
26.7637
26.7791
26.7985
26.7985
26.8208
26.8228
26.8585
26.8779
26.8799
26.932
26.934
26.9503
26.9523
26.991
26.994
27.0
27.0278
27.0828
27.1419
27.1776
27.2183
27.2317
27.3642
27.3752
27.4029
27.4243
27.459
27.4794
27.5151
27.5905
27.5915
27.6669
27.729
27.7995
27.8005
27.8248
27.8402
27.8412
27.9136
27.9156
27.9727
28.0064
28.0074
28.0248
28.0278
28.0501
28.0521
28.1603
28.197
28.2357
28.2521
28.2724
28.2754
28.2764
28.2928
28.3846
28.3896
28.4019
28.4203
28.4223
28.4253
28.4263
28.4416
28.5007
28.5057
28.5598
28.5608
28.5955
28.6312
28.6332
28.6342
28.7414
28.7831
28.8064
28.8084
28.8218
28.8545
28.931
28.932
28.9717
29.0248
29.1255
29.1369
29.195
29.196
29.2163
29.2193
29.2407
29.256
29.3449
29.3632
29.3846
29.4019
29.4059
29.5007
29.5191
29.5354
29.5821
29.5915
29.6119
29.6833
29.6903
29.6913
29.6913
29.7047
29.7116
29.7454
29.7985
29.8014
29.8044
29.8729
29.8962
29.929
29.9677
29.9737
29.99
30.0054
30.0481
30.1052
30.1235
30.1419
30.3071
30.3275
30.3285
30.3528
30.3632
30.4039
30.4416
30.462
30.4833
30.4967
30.5334
30.5761
30.5771
30.6178
30.6282
30.6833
30.6863
30.721
30.7637
30.7647
30.8158
30.8362
30.8719
30.8719
30.8739
30.8769
30.8789
30.9096
30.9166
30.9483
30.9667
31.0044
31.0054
31.0421
31.0695
31.1196
31.1419
31.1603
31.1756
31.193
31.193
31.194
31.2327
31.3101
31.3999
31.4019
31.462
31.5151
31.5791
31.6833
31.6893
31.7821
31.7965
31.8238
31.8535
31.8923
31.9359
31.9483
31.9667
32.0
32.0297
32.0625
32.0695
32.1349
32.1359
32.1369
32.1409
32.1563
32.1736
32.3866
32.3866
32.4029
32.4049
32.468
32.4764
32.4813
32.5771
32.5781
32.5935
32.6302
32.6669
32.6823
32.6883
32.7037
32.7057
32.7791
32.8208
32.8372
32.8412
32.8719
32.8729
32.9463
32.9851
33.0541
33.0982
33.1012
33.1186
33.1265
33.199
33.2714
33.2868
33.2938
33.3439
33.3672
33.3989
33.4019
33.4213
33.4367
33.456
33.5131
33.5161
33.5364
33.5712
33.5905
33.6332
33.6526
33.665
33.725
33.7414
33.7821
33.7821
33.8014
33.8014
33.8332
33.8932
33.931
33.931
33.9841
34.0
34.0258
34.0595
34.0982
34.0992
34.1156
34.1399
34.1543
34.2173
34.2501
34.3478
34.4029
34.4794
34.5151
34.5508
34.5558
34.6168
34.6272
34.6302
34.6436
34.6669
34.719
34.7374
34.7761
34.7781
34.7831
34.7975
34.8208
34.9156
34.926
34.9399
34.9687
35.0054
35.0317
35.0391
35.0431
35.0521
35.0645
35.1339
35.1349
35.1632
35.2213
35.2511
35.2858
35.2968
35.3419
35.3672
35.4223
35.4263
35.4506
35.456
35.5672
35.6272
35.7086
35.725
35.7568
35.7597
35.7617
35.7945
35.7955
35.8352
35.8575
35.934
35.9657
35.9727
36.0625
36.0818
36.0858
36.0982
36.1706
36.1716
36.2
36.2918
36.3061
36.3672
36.3836
36.4233
36.4937
36.5191
36.6342
36.6823
36.7607
36.7627
36.7965
36.8873
36.9399
36.9453
36.9841
37.0401
37.0982
37.1002
37.3295
37.3632
37.4153
37.4387
37.463
37.6242
37.662
37.6997
37.717
37.7404
37.7791
37.7851
37.7995
37.8525
37.8709
37.8903
37.925
37.9473
37.9523
38.0014
38.0024
38.0228
38.0228
38.0615
38.0982
38.0992
38.2267
38.2704
38.3806
38.4446
38.5101
38.6069
38.6546
38.7037
38.7975
38.8883
38.8923
38.987
39.0054
39.0491
39.0645
39.0898
39.1012
39.1136
39.1329
39.19
39.2684
39.3012
39.3121
39.3225
39.4897
39.6426
39.6446
39.6496
39.6709
39.6853
39.7384
39.7404
39.7424
39.7587
39.8148
39.8883
39.8972
39.9106
39.9433
39.989
40.0054
40.0178
40.0381
40.1687
40.1806
40.192
40.2287
40.3345
40.3776
40.396
40.396
40.4253
40.4714
40.5528
40.5875
40.5895
40.6059
40.6119
40.7374
40.7617
40.8108
40.8168
40.8779
40.8913
40.929
41.0625
41.0972
41.1503
41.1593
41.2123
41.2511
41.4724
41.5285
41.5354
41.5722
41.5875
41.6029
41.6272
41.6446
41.6689
41.7587
41.7935
41.8525
41.9046
41.9463
42.0014
42.0361
42.0371
42.0565
42.0665
42.1146
42.1513
42.19
42.2347
42.2624
42.3582
42.4957
42.4987
42.4997
42.5528
42.66
42.6793
42.7017
42.7017
42.7751
42.7761
42.7955
42.8302
42.8496
42.8719
42.8853
42.933
43.0371
43.1299
43.1513
43.2064
43.2064
43.2123
43.2287
43.2451
43.2828
43.2828
43.3185
43.3225
43.3572
43.3796
43.3836
43.3856
43.4039
43.4133
43.4163
43.4694
43.7364
43.7761
43.7915
43.9707
43.9781
44.1156
44.1573
44.1746
44.2104
44.2257
44.2461
44.3369
44.4947
44.5905
44.663
44.6773
44.7141
44.8486
44.931
44.9617
44.9811
45.0545
45.2451
45.3032
45.3572
45.3969
45.5071
45.5438
45.6232
45.6773
45.7007
45.7444
45.7568
45.9463
45.9657
45.9801
46.0341
46.0381
46.2247
46.2654
46.3165
46.3632
46.3989
46.4123
46.452
46.4887
46.5324
46.6947
46.7344
46.8382
46.8466
46.9617
47.0605
47.0709
47.0788
47.0828
47.1146
47.1419
47.2153
47.2267
47.393
47.45
47.454
47.726
47.73
47.8098
47.8292
47.9801
47.9994
48.1473
48.2451
48.2684
48.3155
48.3155
48.3349
48.391
48.392
48.4337
48.449
48.6099
48.6396
48.66
48.9964
49.193
49.2818
49.4143
49.4337
49.454
49.4947
49.5121
49.5245
49.5632
49.5855
49.66
49.7344
49.7354
49.8456
49.8515
49.9066
50.0972
50.1647
50.2014
50.2808
50.3041
50.3175
50.4233
50.6049
50.7424
50.922
50.9394
50.9567
51.0024
51.1126
51.2391
51.2768
51.3622
51.3766
51.3999
51.5498
51.5632
51.6753
51.6773
51.7354
51.7414
51.8138
51.8272
52.4287
52.6416
52.8709
52.8823
53.1483
53.181
53.3329
53.456
53.5815
53.6366
53.7945
53.8098
53.8486
53.8669
53.8813
53.918
53.92
53.9944
54.0322
54.1066
54.1106
54.1523
54.182
54.2034
54.2401
54.3155
54.4083
54.447
54.4848
54.5959
54.7111
54.7314
54.7681
54.7875
54.8039
54.916
54.9557
54.9801
55.0108
55.0371
55.0421
55.1106
55.125
55.2585
55.4073
55.4277
55.4317
55.4644
55.5612
55.6907
55.8302
56.1687
56.2227
56.2585
56.2605
56.2868
56.3493
56.39
56.4203
56.5448
56.5949
56.6714
56.6714
57.123
57.1433
57.1443
57.1627
57.1984
57.3051
57.3493
57.3736
57.5602
57.5969
57.6813
57.8039
57.9801
58.0198
58.2614
58.2992
58.4808
58.5071
58.5205
58.5949
58.5969
58.6049
58.6133
58.658
58.7304
58.7855
58.8138
59.0759
59.0882
59.2094
59.4073
59.4243
59.4277
59.4808
59.4848
59.5642
59.6133
59.6406
59.7071
59.8416
59.917
59.9811
60.124
60.124
60.1617
60.1994
60.2351
60.2391
60.2778
60.2982
60.3299
60.4237
60.4654
60.5185
60.5999
60.6272
60.7111
60.918
61.0178
61.0679
61.0833
61.3309
61.3612
61.3706
61.4123
61.5011
61.6049
61.6704
61.7691
61.914
61.9885
62.0044
62.1677
62.178
62.179
62.2197
62.2748
62.2758
62.387
62.4838
62.6877
62.7294
62.7374
62.7915
62.8029
62.9984
62.9994
63.2605
63.2758
63.914
63.9701
64.2515
64.4694
64.5071
64.7131
64.7244
64.7528
64.8579
64.9394
65.0455
65.1116
65.2718
65.446
65.6139
65.649
65.8927
65.913
65.917
66.0068
66.0629
66.0659
66.3145
66.3299
66.3542
66.387
66.5552
66.6277
66.7274
66.7438
66.9488
67.0843
67.177
67.2371
67.3259
67.391
67.4594
67.9517
68.0689
68.0996
68.1587
68.2207
68.2545
68.3473
68.3696
68.6306
68.7989
69.2902
69.6753
69.8763
69.8967
70.0465
70.0833
70.3076
70.4798
70.4991
70.6233
70.6733
70.7765
70.7959
70.8212
70.8386
71.4564
71.6153
71.6857
71.7388
71.9284
71.9885
72.178
72.3666
72.4307
72.7388
72.7815
73.0212
73.0589
73.2088
73.2575
73.8316
73.8733
73.8833
73.9264
74.12
74.3974
74.4401
74.4991
74.5031
75.0078
75.0589
75.118
75.3513
75.6133
75.647
75.849
75.9488
76.3656
76.4157
76.4788
76.6674
76.7989
76.8192
76.9641
77.3433
77.3443
77.3443
77.4604
77.6287
77.8743
78.0763
78.118
78.2738
78.2758
78.3249
78.3716
78.5502
78.6644
79.0976
79.1617
79.3587
79.5135
79.5969
79.6267
79.91
80.0763
80.0763
80.1884
80.2242
80.3944
80.585
80.6023
80.7185
80.7805
81.0966
81.3636
81.4524
81.5676
81.7195
82.0549
82.8123
83.1661
83.2842
83.2882
83.5135
84.1304
84.3403
84.384
84.641
84.7338
84.7889
85.2609
85.2782
85.3924
85.4301
85.7378
85.7929
86.6237
86.845
86.9408
87.2232
87.5085
87.5289
87.6887
88.3056
88.3577
88.4728
89.0152
89.0887
89.8643
89.8967
89.9775
90.0946
90.1254
90.2088
90.4137
90.5215
91.0703
91.3046
91.7666
92.373
92.5879
93.377
93.6961
94.0733
94.5452
94.7859
95.7462
96.3874
96.5269
96.7105
97.5189
97.6698
97.6738
97.7135
98.0847
98.2926
98.3557
98.4505
98.7289
99.0653
99.0867
99.7809
99.8981
99.9348
99.9581
100.0509
100.4411
101.4048
101.4097
101.4311
102.2325
102.4078
102.4107
102.7239
102.7626
103.2946
104.4221
104.8033
105.5546
106.1397
106.1641
106.2405
106.6331
106.6837
106.8757
107.099
107.7045
107.8157
108.5526
108.9085
109.2866
109.3988
109.573
109.9675
110.7025
110.8083
111.0613
111.8891
112.7963
112.9001
112.9522
113.9601
115.1898
115.4211
116.1908
116.2842
116.3968
118.3427
118.579
119.4028
119.6628
119.8514
122.0921
124.565
124.9769
127.6935
128.6638
129.5978
130.8618
131.2379
132.507
132.6528
134.7089
134.9055
135.2553
135.3764
136.6008
136.9576
137.1432
137.6876
139.8801
140.4265
144.8578
146.4072
147.5878
154.8772
158.1148
162.2096
167.8602
168.5411
173.3485
181.4433
186.683
188.8071
191.8969
192.7217
195.6433
195.7411
211.6363
217.6393
251.6531
