3.0
3.0
3.0
3.0
3.0
3.0
3.0
3.0
3.0
3.0
3.0
3.0
3.0
3.0
3.0
3.0
3.0
3.0
3.0
3.0
3.0
3.0
3.0
3.0
3.0
3.0
3.0
3.0
3.0
3.0
3.0
3.0
3.0
3.0
3.0
3.0
3.0
3.0
3.0
3.0
3.0
3.0
3.0
3.0
3.0
3.0
3.0
3.0
3.0
3.0
3.0
3.0
3.0
3.0
3.0
3.0
3.0
3.0
3.0
3.0
3.0
3.0
3.0
3.0
3.0
3.0
3.0
3.0
3.0
3.0
3.0
3.0
3.0
3.0
3.0
3.0
3.0
3.0
3.0
4.0
4.0
4.0
4.0
4.0
4.0
4.0
4.0
4.0
4.0
4.0
4.0
4.0
4.0
4.0
4.0
4.0
4.0
4.0
4.0
4.0
4.0
4.0
4.0
4.0
4.0
4.0
4.0
4.0
4.0
4.0
4.0
4.0
4.0
4.0
4.0
4.0
4.0
4.0
4.0
4.0
4.0
4.0
4.0
4.0
4.0
4.0
4.0
4.0
4.0
4.0
4.0
4.0
4.0
4.0
4.0
4.0
4.0
4.0
4.0
4.0
4.5261
4.6392
4.7146
4.8655
4.9409
5.0
5.0
5.0
5.0
5.0
5.0
5.0
5.0
5.0
5.0
5.0
5.0
5.0
5.0
5.0
5.0
5.0
5.0
5.0
5.0
5.0
5.0
5.0
5.0
5.0
5.0
5.0
5.0
5.0
5.0
5.0
5.0
5.0
5.0
5.205
5.2427
5.3558
5.3558
5.3936
5.3936
5.4129
5.4313
5.469
5.5261
5.5444
5.5821
5.5821
5.6392
5.6769
5.7146
5.8084
5.8084
5.8084
5.8655
5.9032
6.0
6.0
6.0
6.0
6.0
6.0
6.0
6.0
6.0
6.0
6.0
6.0
6.0
6.0
6.0
6.0
6.0
6.0
6.0
6.1673
6.1856
6.2233
6.2427
6.3365
6.3558
6.4129
6.4506
6.5067
6.5251
6.5628
6.5638
6.5821
6.6199
6.6576
6.6953
6.7137
6.7146
6.733
6.7901
6.7901
6.8084
6.8268
6.8462
6.8655
6.9216
6.9593
6.9787
6.9787
7.0
7.0
7.0
7.0
7.0
7.0
7.0
7.0
7.0
7.0
7.0
7.0
7.0
7.0
7.0
7.0164
7.0347
7.0347
7.0541
7.1285
7.1295
7.1479
7.1673
7.1673
7.2427
7.2611
7.2611
7.2804
7.3181
7.3375
7.3548
7.3558
7.3752
7.4119
7.4129
7.4129
7.4129
7.4313
7.4313
7.5067
7.5067
7.5251
7.5261
7.5638
7.6382
7.6566
7.6769
7.732
7.733
7.7707
7.7707
7.7901
7.8268
7.8462
7.8645
7.8839
7.9022
7.9022
7.9022
7.9593
8.0
8.0
8.0
8.0
8.0
8.0
8.0
8.0154
8.0918
8.1092
8.1295
8.1673
8.1856
8.2804
8.2978
8.2978
8.2988
8.2988
8.2998
8.3365
8.4303
8.4874
8.5241
8.5251
8.5821
8.6005
8.6372
8.6566
8.6759
8.6943
8.6943
8.6953
8.7514
8.7514
8.7514
8.7891
8.8084
8.9206
8.9787
8.997
9.0
9.0
9.0
9.0
9.0
9.0
9.0
9.0
9.0
9.0
9.0541
9.0715
9.0908
9.0908
9.1102
9.1285
9.1285
9.1673
9.204
9.2407
9.2417
9.2601
9.2611
9.2794
9.2978
9.3171
9.3171
9.3355
9.3355
9.3375
9.3375
9.3936
9.3936
9.4109
9.4109
9.4109
9.468
9.468
9.5057
9.5067
9.5618
9.5618
9.5638
9.5812
9.6556
9.6566
9.6759
9.6933
9.732
9.7524
9.7687
9.8258
9.8645
9.9196
9.9196
9.9767
10.0
10.0
10.0
10.0
10.0164
10.0521
10.0715
10.1469
10.203
10.2223
10.2407
10.2611
10.3345
10.3365
10.3752
10.3916
10.4293
10.4303
10.4477
10.4477
10.468
10.4864
10.5802
10.6556
10.7514
10.7514
10.8452
10.8462
10.9003
10.94
10.9767
11.0
11.0
11.0
11.0
11.0
11.0
11.0
11.0715
11.0888
11.0888
11.0898
11.1285
11.1643
11.1673
11.1836
11.1846
11.202
11.2968
11.2988
11.3548
11.3732
11.4129
11.4283
11.4486
11.5047
11.5057
11.5792
11.5995
11.6199
11.6362
11.6923
11.7127
11.731
11.733
11.733
11.7871
11.8442
11.8645
11.9573
11.9757
12.0
12.0
12.0134
12.0511
12.1092
12.203
12.2397
12.2407
12.2804
12.3152
12.466
12.4844
12.5037
12.5221
12.5231
12.5231
12.5231
12.6382
12.6556
12.7107
12.7117
12.7861
12.8055
12.8432
12.8625
12.9186
12.938
12.9409
12.9409
12.9563
13.0
13.0
13.0
13.0328
13.1266
13.1836
13.2387
13.2581
13.2591
13.2601
13.2958
13.3345
13.3365
13.3519
13.3722
13.4109
13.4303
13.4313
13.469
13.4844
13.5027
13.5037
13.5231
13.5251
13.5821
13.6159
13.6382
13.6392
13.6536
13.6546
13.6923
13.6923
13.7107
13.7291
13.7668
13.7861
13.8065
13.8616
13.9186
13.9747
13.9931
13.9941
13.9951
14.0
14.0
14.0
14.0
14.0
14.0164
14.0347
14.0511
14.0685
14.1449
14.1846
14.2204
14.2387
14.2581
14.2774
14.2948
14.3519
14.3896
14.4273
14.4457
14.4477
14.4834
14.5037
14.5782
14.5792
14.7097
14.7117
14.733
14.7494
14.8238
14.8809
14.9196
14.937
14.939
14.9747
14.9787
14.9931
14.9951
15.0
15.0308
15.0318
15.0705
15.1062
15.1062
15.1439
15.1449
15.1623
15.1633
15.1663
15.1817
15.2223
15.2377
15.3142
15.3325
15.3325
15.3926
15.408
15.408
15.4457
15.4457
15.4834
15.4883
15.5018
15.5027
15.5211
15.5221
15.5608
15.5608
15.5782
15.5965
15.6149
15.6392
15.6536
15.672
15.672
15.6933
15.7117
15.7146
15.7281
15.73
15.7484
15.7861
15.8055
15.8606
15.8799
15.8819
15.936
15.9573
15.9737
15.9747
16.0
16.0
16.0134
16.0675
16.1062
16.1062
16.1449
16.1459
16.1623
16.2184
16.2377
16.2387
16.2561
16.3161
16.3161
16.3161
16.3509
16.4293
16.4447
16.4447
16.466
16.4834
16.5792
16.5956
16.6149
16.6333
16.6343
16.6903
16.7291
16.7841
16.7851
16.7901
16.8219
16.8248
16.8412
16.8606
16.8799
16.8799
16.8973
16.8973
16.9206
16.9216
17.0
17.0
17.0
17.0114
17.0482
17.0675
17.0675
17.1613
17.1807
17.1817
17.2367
17.2561
17.2948
17.3315
17.3315
17.3896
17.408
17.4506
17.4834
17.5018
17.5598
17.5762
17.6536
17.6536
17.7464
17.7494
17.7494
17.7658
17.7668
17.8258
17.8402
17.8402
17.8596
17.8779
17.8983
17.9003
17.9013
17.9157
17.9157
17.9176
17.9206
17.936
17.9534
17.9534
17.9931
17.996
17.997
18.0104
18.0665
18.1052
18.1295
18.2174
18.2367
18.2377
18.2551
18.2794
18.2948
18.3683
18.406
18.408
18.4437
18.4447
18.464
18.4844
18.5385
18.5568
18.5975
18.6516
18.6516
18.671
18.672
18.7087
18.7464
18.7851
18.8586
18.8596
18.8779
18.8779
18.8963
18.936
18.9737
19.0
19.0472
19.0482
19.0501
19.0675
19.0898
19.2
19.2184
19.2358
19.2551
19.2591
19.2794
19.3161
19.3866
19.3896
19.4437
19.4998
19.5008
19.5191
19.5221
19.5395
19.5568
19.5568
19.5638
19.6526
19.6566
19.671
19.6759
19.6884
19.6884
19.7261
19.7648
19.7648
19.7658
19.8209
19.8248
19.8392
19.8402
19.8596
19.8973
19.8983
19.9003
19.9157
19.934
19.9717
19.9901
20.0
20.0318
20.0665
20.0675
20.0705
20.0859
20.142
20.1797
20.198
20.198
20.199
20.2561
20.2601
20.2735
20.3161
20.3296
20.3305
20.3375
20.3529
20.3683
20.3683
20.3683
20.405
20.406
20.4437
20.4631
20.4804
20.5181
20.5191
20.5568
20.5752
20.5946
20.6159
20.6323
20.6323
20.6516
20.6894
20.7271
20.7484
20.7638
20.7638
20.8015
20.8248
20.8576
20.8789
20.8953
20.8963
20.8963
20.9534
21.0085
21.0085
21.0134
21.0462
21.0462
21.0521
21.0665
21.0918
21.1062
21.1246
21.1797
21.2367
21.2551
21.2764
21.3171
21.3296
21.3479
21.3896
21.3926
21.4621
21.4804
21.4988
21.5201
21.5752
21.5782
21.6506
21.7067
21.7444
21.8228
21.8382
21.8769
21.9013
21.9147
21.933
21.934
21.9891
21.9931
22.0
22.0645
22.1216
22.1216
22.1673
22.1787
22.1971
22.1971
22.199
22.2908
22.2948
22.3142
22.4611
22.4611
22.4621
22.4621
22.5549
22.668
22.669
22.7832
22.8199
22.8238
22.8382
22.8576
22.8596
22.9698
22.9707
22.9737
23.0
23.0075
23.0085
23.1033
23.1593
23.2348
23.2377
23.3102
23.3286
23.3469
23.3499
23.4089
23.4089
23.4224
23.4243
23.4601
23.4601
23.468
23.5172
23.5201
23.5365
23.5762
23.611
23.6149
23.6497
23.6506
23.6556
23.6769
23.7057
23.7067
23.7241
23.7241
23.7251
23.7812
23.7812
23.7841
23.8005
23.876
23.932
23.932
23.9881
23.9881
23.9931
24.0
24.0075
24.0075
24.0452
24.1013
24.1206
24.1583
24.1777
24.2164
24.2531
24.2725
24.2899
24.2899
24.2918
24.3092
24.3092
24.3846
24.4293
24.4417
24.4784
24.4794
24.4978
24.4978
24.5008
24.5355
24.5355
24.5365
24.5578
24.5638
24.669
24.6864
24.7047
24.7241
24.7454
24.7618
24.7678
24.7812
24.8179
24.8556
24.8933
24.8963
24.9127
24.9504
24.9891
24.9901
25.0258
25.0452
25.0869
25.1023
25.1023
25.1256
25.143
25.1777
25.1951
25.199
25.2144
25.2338
25.2338
25.2338
25.2521
25.2735
25.2918
25.3375
25.3459
25.3702
25.3846
25.3856
25.3856
25.407
25.4407
25.4621
25.464
25.4784
25.4784
25.4784
25.4804
25.4968
25.4968
25.5539
25.5722
25.5742
25.6303
25.6487
25.6516
25.667
25.668
25.673
25.7271
25.7425
25.7618
25.7871
25.874
25.875
25.8933
25.9494
25.9494
25.9504
25.9688
25.9688
25.9698
25.9921
26.0442
26.0442
26.0819
26.1196
26.1216
26.1574
26.2184
26.2338
26.2521
26.2988
26.2998
26.3082
26.3266
26.3276
26.3459
26.3459
26.3509
26.3837
26.4214
26.4253
26.4784
26.4854
26.5345
26.5529
26.5549
26.5916
26.61
26.6303
26.666
26.667
26.6864
26.7231
26.7425
26.7792
26.7985
26.7995
26.8546
26.874
26.8769
26.8923
26.8933
26.9127
26.9157
26.9494
27.0
27.0065
27.0452
27.0626
27.1003
27.1003
27.1013
27.1042
27.1196
27.1246
27.138
27.1951
27.1951
27.199
27.2134
27.2318
27.2338
27.2348
27.2695
27.2889
27.2948
27.3092
27.3266
27.3643
27.3837
27.408
27.4214
27.4224
27.4397
27.4417
27.4784
27.5152
27.5345
27.5345
27.5355
27.5568
27.5936
27.6477
27.666
27.7221
27.7221
27.7241
27.7291
27.7425
27.7792
27.8566
27.9484
27.9563
27.9678
28.0
28.0239
28.0432
28.0442
28.0626
28.0645
28.0809
28.0809
28.0809
28.0839
28.1082
28.1186
28.137
28.1836
28.1941
28.2124
28.2512
28.3072
28.3082
28.3092
28.3092
28.3256
28.3266
28.3266
28.3286
28.3643
28.3837
28.3856
28.4243
28.4397
28.4775
28.4824
28.4998
28.5142
28.5335
28.5529
28.5539
28.5732
28.5732
28.5956
28.6844
28.7241
28.7261
28.8536
28.8566
28.8586
28.875
28.9107
28.9127
28.9291
28.9484
28.9534
28.9678
28.9698
28.9727
29.0239
29.0422
29.0799
29.0993
29.1186
29.138
29.139
29.1583
29.1747
29.1757
29.1941
29.1941
29.2308
29.2685
29.344
29.3633
29.3693
29.4194
29.4204
29.4387
29.4397
29.4765
29.5345
29.5896
29.608
29.608
29.6273
29.6283
29.6467
29.672
29.7822
29.8343
29.8353
29.8914
29.8914
29.8943
29.9097
29.9484
29.9678
29.9852
29.9941
30.0278
30.0616
30.1206
30.137
30.1554
30.1931
30.1941
30.1941
30.2328
30.2492
30.2685
30.2695
30.2705
30.2725
30.3092
30.3246
30.3256
30.3315
30.3827
30.4571
30.4581
30.4581
30.4621
30.5132
30.5519
30.608
30.6263
30.6263
30.6303
30.6313
30.6651
30.7271
30.7435
30.7966
30.7985
30.8149
30.8179
30.8219
30.8412
30.8526
30.8536
30.8586
30.8914
30.9097
30.9097
30.9117
30.9852
31.0229
31.0799
31.0799
31.1246
31.136
31.1747
31.1921
31.1971
31.2308
31.2938
31.3053
31.3623
31.402
31.4194
31.4263
31.4948
31.5325
31.61
31.6457
31.6487
31.6834
31.6854
31.7018
31.7018
31.7668
31.7772
31.7802
31.8159
31.8159
31.8333
31.8526
31.8536
31.8536
31.871
31.9157
31.9281
31.9464
31.9668
32.0055
32.0229
32.0412
32.0789
32.0809
32.0973
32.0973
32.0973
32.1167
32.1817
32.1921
32.201
32.2105
32.2298
32.2859
32.2869
32.2869
32.3053
32.3062
32.3817
32.3886
32.3991
32.408
32.4204
32.4368
32.4755
32.5345
32.5499
32.5886
32.607
32.608
32.6263
32.6447
32.6447
32.7018
32.7211
32.8373
32.8586
32.873
32.9281
32.9678
33.0025
33.0025
33.0219
33.0268
33.0328
33.0606
33.0789
33.135
33.136
33.1737
33.1737
33.1911
33.2105
33.2482
33.2665
33.3053
33.3236
33.3236
33.3236
33.3246
33.3643
33.3643
33.3797
33.3991
33.4194
33.4551
33.4571
33.4745
33.4755
33.4938
33.5306
33.5306
33.5395
33.5499
33.606
33.6631
33.7201
33.7484
33.7762
33.7782
33.8139
33.8139
33.8323
33.8323
33.8894
33.9013
33.9087
33.9271
33.9455
33.9464
33.9464
33.9832
34.0209
34.0219
34.0586
34.0596
34.0839
34.0918
34.1052
34.1167
34.134
34.1737
34.1911
34.1971
34.2105
34.2472
34.2665
34.2675
34.3053
34.3062
34.342
34.344
34.3991
34.4745
34.5122
34.5886
34.5886
34.606
34.607
34.6254
34.6263
34.6447
34.6621
34.6814
34.7579
34.7589
34.7956
34.813
34.8412
34.8507
34.8556
34.871
34.873
34.8894
34.9271
35.0402
35.0402
35.078
35.0983
35.1157
35.134
35.134
35.14
35.1727
35.1757
35.1901
35.2095
35.2278
35.2288
35.2472
35.2541
35.2656
35.2656
35.3807
35.3981
35.4174
35.4378
35.5296
35.5489
35.605
35.6139
35.6244
35.6254
35.6437
35.6621
35.6998
35.7008
35.7569
35.7995
35.8323
35.8526
35.869
35.869
35.871
35.8894
35.8894
35.9067
35.9077
35.9445
35.9445
35.9504
35.9638
35.9822
36.0035
36.0199
36.0209
36.0229
36.1033
36.1147
36.1147
36.1157
36.1901
36.1911
36.2144
36.2472
36.2541
36.2869
36.3459
36.3603
36.3613
36.3787
36.4358
36.4541
36.4735
36.5296
36.5499
36.6437
36.6621
36.6631
36.669
36.6988
36.7192
36.7375
36.7559
36.7762
36.7936
36.7956
36.813
36.8373
36.8874
36.8884
36.8914
36.9261
36.9455
37.0199
37.0383
37.0586
37.0586
37.1052
37.1137
37.1196
37.1544
37.1718
37.1737
37.1901
37.1951
37.2278
37.2298
37.3594
37.4234
37.4387
37.4532
37.4725
37.4775
37.4988
37.4988
37.5296
37.5296
37.5663
37.5683
37.5857
37.6234
37.7549
37.7559
37.7742
37.813
37.8497
37.8874
37.9127
37.9251
37.9281
38.0015
38.0383
38.0953
38.1514
38.1891
38.2075
38.2085
38.2124
38.2268
38.2462
38.2839
38.3236
38.3787
38.3961
38.4338
38.4368
38.5092
38.5286
38.547
38.5479
38.5663
38.6263
38.6417
38.6795
38.6795
38.7201
38.7425
38.7733
38.7936
38.8487
38.8864
38.9157
38.9241
38.9618
38.9842
38.9996
39.0199
39.0422
39.0566
39.075
39.0943
39.0943
39.1321
39.1504
39.1504
39.1698
39.1698
39.1911
39.1931
39.2085
39.3023
39.3206
39.3226
39.3584
39.3767
39.3797
39.3961
39.4144
39.4611
39.5276
39.5286
39.5296
39.547
39.5479
39.5653
39.5663
39.5683
39.5847
39.605
39.6224
39.6854
39.7162
39.7172
39.7733
39.7733
39.7752
39.8536
39.8671
39.8671
39.8874
39.9048
39.9048
39.9251
39.9261
39.9618
39.9996
39.9996
40.0373
40.0576
40.0953
40.1737
40.1881
40.2065
40.2908
40.3023
40.3197
40.339
40.4522
40.4745
40.5082
40.5276
40.547
40.5519
40.5713
40.6214
40.6283
40.6407
40.6427
40.7162
40.7182
40.7365
40.7723
40.7916
40.7936
40.81
40.81
40.8477
40.8487
40.8904
40.9077
40.9425
40.9425
40.9618
40.9618
40.9812
40.9822
41.0189
41.0363
41.0383
41.074
41.074
41.1127
41.1872
41.2249
41.2318
41.2442
41.2452
41.2452
41.2626
41.2829
41.3266
41.3951
41.3951
41.4135
41.4328
41.4889
41.5082
41.5266
41.5266
41.5837
41.5837
41.602
41.6398
41.6417
41.6631
41.7345
41.7529
41.7549
41.812
41.8293
41.8313
41.9067
41.9231
41.9241
41.9618
41.9802
41.9802
42.0363
42.0556
42.074
42.075
42.076
42.1117
42.1127
42.1301
42.1583
42.2065
42.2249
42.2442
42.2626
42.2626
42.3003
42.3187
42.34
42.341
42.3941
42.3951
42.4725
42.4899
42.4919
42.5132
42.5663
42.6407
42.6601
42.6775
42.7713
42.7906
42.7906
42.81
42.811
42.812
42.8283
42.8487
42.871
42.8854
42.9048
42.9599
42.9976
42.9996
43.0005
43.0199
43.0239
43.0363
43.0363
43.0373
43.0556
43.075
43.1127
43.1494
43.1678
43.1688
43.2432
43.2432
43.2636
43.281
43.2859
43.3072
43.3187
43.3236
43.339
43.3574
43.3757
43.4125
43.4135
43.4705
43.4879
43.5073
43.545
43.603
43.6204
43.6273
43.6581
43.6581
43.6601
43.6795
43.6903
43.6968
43.6968
43.7152
43.7345
43.7405
43.7906
43.7956
43.81
43.8283
43.8467
43.8507
43.8651
43.8874
43.9782
43.9792
43.9976
43.9996
44.0169
44.0606
44.1107
44.1301
44.1688
44.1688
44.1862
44.3013
44.3187
44.344
44.3747
44.4125
44.4125
44.4125
44.4581
44.4735
44.5122
44.546
44.5653
44.5837
44.6581
44.6765
44.6949
44.6949
44.6958
44.7345
44.7519
44.7539
44.7713
44.7723
44.7762
44.809
44.8283
44.8834
44.9221
44.9599
44.9966
44.9976
45.0159
45.0343
45.0566
45.1097
45.1311
45.1484
45.1484
45.1688
45.2045
45.2045
45.2065
45.2432
45.2432
45.336
45.339
45.34
45.3554
45.5082
45.5906
45.6001
45.6398
45.7152
45.7336
45.7345
45.7519
45.808
45.8641
45.8651
45.9589
45.9608
46.0149
46.0527
46.0537
46.072
46.072
46.1514
46.2045
46.2115
46.2134
46.2229
46.2606
46.279
46.3167
46.3177
46.3643
46.4676
46.4715
46.5053
46.543
46.5807
46.6194
46.6194
46.6378
46.6785
46.6814
46.6949
46.7385
46.807
46.8457
46.8641
46.8641
46.87
46.9202
46.9202
46.9212
46.9648
46.9707
46.9772
46.9966
47.0075
47.0904
47.0914
47.1658
47.1658
47.1668
47.2045
47.2229
47.28
47.3053
47.3167
47.3177
47.336
47.3544
47.3728
47.4164
47.5063
47.5306
47.5663
47.5991
47.6194
47.6214
47.6571
47.7122
47.7122
47.7316
47.7316
47.7345
47.7877
47.808
47.8447
47.9435
47.9956
47.9956
48.0333
48.0343
48.0343
48.0353
48.0527
48.1087
48.1291
48.1514
48.1842
48.2413
48.2596
48.2596
48.3157
48.3167
48.3574
48.3728
48.3747
48.3911
48.4105
48.4502
48.4859
48.5053
48.5266
48.5623
48.5623
48.6174
48.6174
48.6398
48.6968
48.7306
48.7306
48.7316
48.807
48.8437
48.8631
48.8824
48.9008
48.9202
48.9385
48.9946
48.9956
48.9956
49.0383
49.0537
49.0904
49.1078
49.1281
49.1331
49.134
49.1484
49.1658
49.1658
49.1852
49.2219
49.2403
49.2413
49.2606
49.2963
49.3167
49.3534
49.3544
49.3971
49.4115
49.4298
49.4472
49.4676
49.4849
49.4849
49.4869
49.5236
49.542
49.5604
49.5614
49.5797
49.5857
49.5991
49.5991
49.5991
49.6378
49.6834
49.6929
49.7365
49.7499
49.7529
49.7867
49.813
49.8244
49.8244
49.8293
49.8437
49.8621
49.8621
49.8621
49.8621
49.8631
49.8641
49.9192
49.9202
49.9569
49.9579
49.9762
50.0323
50.07
50.07
50.1097
50.1648
50.1832
50.2219
50.2393
50.278
50.2963
50.336
50.3534
50.3554
50.4095
50.4115
50.4135
50.4288
50.4666
50.4666
50.4745
50.4938
50.5033
50.5033
50.5043
50.5236
50.5837
50.5991
50.6591
50.6745
50.7296
50.73
50.7499
50.7733
50.7867
50.8244
50.8631
50.876
50.8805
50.8805
50.9018
50.9385
50.9569
51.014
51.0323
51.0343
51.0507
51.0517
51.073
51.1167
51.1261
51.1331
51.2025
51.2199
51.2576
51.3023
51.3331
51.3901
51.4105
51.4288
51.4472
51.4656
51.4705
51.4849
51.4889
51.5053
51.5217
51.5246
51.5787
51.5971
51.8244
51.8611
51.8611
51.8824
51.8998
51.9753
52.0323
52.0884
52.0894
52.1261
52.1445
52.1832
52.2006
52.2055
52.2105
52.2442
52.276
52.276
52.2829
52.3524
52.3797
52.4085
52.4462
52.4472
52.4839
52.5217
52.5217
52.54
52.541
52.5594
52.5614
52.6348
52.6532
52.6725
52.6919
52.6929
52.7296
52.7355
52.7415
52.804
52.8611
52.8805
52.8894
52.9241
52.9926
52.9976
53.012
53.0303
53.0303
53.0507
53.0884
53.1311
53.1445
53.1455
53.1628
53.1822
53.278
53.2944
53.2954
53.3137
53.3147
53.3331
53.3524
53.3524
53.3698
53.4085
53.4288
53.4462
53.483
53.5207
53.5217
53.541
53.541
53.5787
53.5961
53.5981
53.6348
53.6358
53.6715
53.6909
53.7286
53.7286
53.7857
53.8428
53.8815
53.9356
53.9658
54.0045
54.012
54.0691
54.0874
54.1058
54.1455
54.1638
54.1638
54.2016
54.2383
54.2944
54.3003
54.3127
54.3167
54.3514
54.4259
54.4269
54.5033
54.5207
54.54
54.6164
54.6899
54.7286
54.7336
54.747
54.747
54.747
54.7499
54.7499
54.7653
54.7742
54.7847
54.8611
54.9008
54.9162
54.9172
54.9405
54.9926
55.0303
55.0402
55.0487
55.0671
55.0681
55.1058
55.1196
55.1638
55.1638
55.1881
55.2373
55.2566
55.276
55.3311
55.34
55.4259
55.5023
55.5023
55.539
55.54
55.5767
55.6204
55.6328
55.6328
55.6532
55.6561
55.6899
55.6919
55.7847
55.8031
55.8601
55.9172
55.9356
55.9445
55.9822
55.9926
56.011
56.0487
56.0497
56.1425
56.2025
56.2432
56.2566
56.275
56.2944
56.3023
56.3147
56.342
56.3495
56.3872
56.4065
56.4105
56.4269
56.4462
56.4532
56.4636
56.4685
56.5574
56.5584
56.5673
56.6135
56.6338
56.6338
56.6522
56.6705
56.7093
56.7286
56.7673
56.7847
56.7847
56.7857
56.8988
56.9539
56.9733
56.9733
57.01
57.0343
57.0452
57.0864
57.1038
57.1097
57.1107
57.1232
57.1232
57.14
57.1996
57.274
57.3301
57.3331
57.4626
57.4695
57.538
57.54
57.5564
57.5758
57.5941
57.745
57.746
57.7653
57.8969
57.9192
57.9539
57.9638
57.9733
57.9906
58.0284
58.0467
58.0477
58.0894
58.1271
58.2169
58.2934
58.3311
58.3504
58.3862
58.3901
58.4249
58.4259
58.4626
58.5187
58.542
58.5574
58.5951
58.6135
58.6328
58.6705
58.7083
58.7643
58.7653
58.7827
58.8214
58.8408
58.8581
58.8775
58.8959
58.8978
58.9529
58.9529
59.0864
59.0864
59.0943
59.1038
59.1222
59.1986
59.1986
59.2169
59.2169
59.2219
59.2353
59.2353
59.2537
59.2537
59.2566
59.275
59.338
59.3554
59.3882
59.4065
59.4685
59.481
59.4859
59.4993
59.4993
59.5564
59.5748
59.5931
59.5941
59.5941
59.6328
59.6686
59.6988
59.749
59.7499
59.7827
59.8011
59.8214
59.8572
59.9142
59.9142
59.9713
59.9723
59.9897
60.008
60.0274
60.0294
60.0457
60.0651
60.0651
60.1222
60.1688
60.1966
60.2065
60.216
60.2169
60.2537
60.3862
60.3882
60.4075
60.48
60.4983
60.5758
60.6686
60.7063
60.744
60.747
60.8949
60.8949
60.9152
60.9336
60.9346
60.9445
61.0835
61.1018
61.1028
61.1599
61.2343
61.2363
61.3475
61.4045
61.4045
61.4606
61.4983
61.5187
61.5738
61.5931
61.6115
61.6318
61.6869
61.743
61.7653
61.7733
61.8001
61.8591
61.8834
61.9693
61.9733
61.9887
61.9897
62.008
62.0264
62.0274
62.1202
62.1589
62.1956
62.1966
62.2343
62.2914
62.3098
62.3137
62.3177
62.3291
62.3475
62.3842
62.3872
62.483
62.545
62.6299
62.6299
62.6492
62.6492
62.6879
62.743
62.8011
62.8745
62.8939
62.951
62.9693
62.9703
62.9733
62.9897
63.0264
63.0264
63.0874
63.1212
63.1415
63.1589
63.1773
63.1773
63.1966
63.2006
63.215
63.2527
63.3465
63.3475
63.3485
63.4219
63.4403
63.4403
63.4452
63.4974
63.5246
63.5728
63.5748
63.602
63.6358
63.6676
63.6686
63.6725
63.7237
63.749
63.808
63.8368
63.8408
63.8805
63.9152
63.9306
63.9693
64.006
64.0438
64.0447
64.0815
64.0904
64.1192
64.1465
64.1569
64.1996
64.2353
64.2517
64.2547
64.2904
64.3271
64.3281
64.3455
64.3465
64.3649
64.3892
64.4974
64.5728
64.5912
64.5921
64.6105
64.6214
64.7043
64.7559
64.8929
64.9018
64.9683
64.9926
65.0264
65.0825
65.1192
65.1579
65.1579
65.1812
65.214
65.2323
65.273
65.275
65.3078
65.3281
65.3291
65.48
65.5524
65.5718
65.6407
65.6472
65.6492
65.6676
65.6696
65.685
65.7043
65.742
65.7787
65.7797
65.8184
65.8194
65.8358
65.8368
65.8552
65.8919
65.8939
65.9113
66.0254
66.0428
66.1559
66.1753
66.1802
66.1946
66.213
66.2507
66.2701
66.3281
66.3281
66.3639
66.3639
66.4209
66.4209
66.4249
66.4393
66.4482
66.4596
66.4954
66.4964
66.5574
66.5708
66.5991
66.6085
66.6289
66.6462
66.6735
66.685
66.6859
66.7102
66.747
66.7604
66.7787
66.7807
66.8283
66.8358
66.8477
66.8542
66.8735
66.8919
66.9122
66.9877
67.0244
67.0254
67.0641
67.0815
67.0874
67.1182
67.1569
67.1852
67.214
67.2566
67.3445
67.4577
67.477
67.4954
67.5147
67.5341
67.5708
67.5718
67.5797
67.6279
67.6279
67.6656
67.6879
67.7033
67.7227
67.7276
67.7345
67.7867
67.7971
67.8165
67.8348
67.8532
67.8726
67.9296
67.948
67.9683
67.9857
67.9857
67.9857
68.0051
68.0611
68.1172
68.1376
68.1763
68.2507
68.3812
68.3842
68.4567
68.476
68.4954
68.5073
68.5137
68.6269
68.6462
68.7023
68.7023
68.7306
68.74
68.74
68.741
68.741
68.7559
68.7961
68.807
68.8348
68.8939
68.9103
68.9286
68.95
69.006
69.0418
69.1222
69.1376
69.1579
69.2249
69.3058
69.3068
69.3251
69.3629
69.4016
69.4209
69.4373
69.4567
69.5137
69.5147
69.5147
69.5515
69.6135
69.6155
69.6155
69.6462
69.683
69.74
69.7584
69.7604
69.8338
69.8716
70.0051
70.0234
70.0815
70.1162
70.1162
70.1376
70.1539
70.211
70.3649
70.3812
70.3996
70.4016
70.418
70.418
70.4567
70.4676
70.5137
70.5361
70.5718
70.6065
70.6095
70.6259
70.7033
70.74
70.805
70.8929
70.9132
70.9212
70.9306
70.9356
70.948
70.9549
71.015
71.0224
71.0477
71.0592
71.1182
71.1356
71.1539
71.1743
71.2199
71.2294
71.2304
71.2304
71.2477
71.2681
71.2914
71.3986
71.3996
71.3996
71.4219
71.4557
71.4934
71.5505
71.5882
71.5892
71.5902
71.6338
71.7003
71.7197
71.7197
71.7217
71.7391
71.748
71.7614
71.7758
71.7768
71.7951
71.8145
71.8706
71.9772
72.0031
72.0031
72.0303
72.212
72.2294
72.2507
72.2681
72.2855
72.3048
72.3271
72.3445
72.3609
72.3996
72.4016
72.418
72.4567
72.5515
72.5777
72.6269
72.6636
72.7013
72.7207
72.7857
72.8155
72.8706
72.8716
72.8726
72.8755
72.8889
72.9267
72.946
72.9753
73.014
73.0204
73.0264
73.0398
73.0582
73.0785
73.0959
73.1172
73.1549
73.1926
73.2855
73.3048
73.474
73.5013
73.6075
73.6259
73.6433
73.6433
73.6626
73.681
73.683
73.7941
73.7971
73.8319
73.8319
73.8696
73.8959
73.9073
73.945
73.949
74.0582
74.0582
74.0641
74.0775
74.0959
74.1405
74.1917
74.2269
74.2467
74.2606
74.3599
74.417
74.4353
74.5127
74.5495
74.6046
74.6279
74.6433
74.6443
74.742
74.7564
74.8532
74.951
74.9559
75.0943
75.1599
75.1703
75.2661
75.2855
75.2874
75.3212
75.3222
75.3242
75.3405
75.3495
75.3976
75.4537
75.4537
75.4626
75.48
75.5291
75.5912
75.6229
75.682
75.8502
75.947
75.9867
76.0195
76.0388
76.1733
76.1897
76.2835
76.3609
76.3793
76.419
76.5108
76.5475
76.5852
76.6607
76.7847
76.8184
76.8889
76.9053
76.9634
77.0572
77.0755
77.0988
77.1887
77.1996
77.2835
77.2904
77.3018
77.3058
77.3088
77.3589
77.416
77.4527
77.5118
77.5281
77.5465
77.5659
77.6046
77.6046
77.6413
77.6462
77.679
77.68
77.7167
77.8328
77.8482
77.8492
77.887
77.9644
77.9991
78.0195
78.0939
78.0949
78.1028
78.1038
78.151
78.1693
78.2274
78.2661
78.3212
78.3579
78.4527
78.4894
78.5341
78.5485
78.5659
78.68
78.681
78.7361
78.7604
78.8502
78.8686
78.8879
78.9113
78.946
79.0378
79.0939
79.1877
79.2254
79.2254
79.2448
79.2448
79.2467
79.3008
79.3028
79.3579
79.3589
79.3793
79.4334
79.4711
79.5311
79.5659
79.6026
79.6026
79.6229
79.6413
79.684
79.6964
79.7157
79.7177
79.7728
79.7932
79.805
79.8105
79.8115
79.8473
79.8532
79.8676
79.886
79.9614
79.9614
79.9798
79.9991
80.0552
80.0815
80.0939
80.0979
80.1113
80.1336
80.149
80.151
80.2438
80.2631
80.3058
80.3396
80.4403
80.4527
80.4894
80.5272
80.5281
80.5455
80.6219
80.6239
80.679
80.68
80.747
80.7544
80.8105
80.8666
80.8676
80.885
80.9033
80.9227
81.0244
81.0358
81.1306
81.15
81.1683
81.1867
81.1877
81.1877
81.3202
81.3212
81.3946
81.4055
81.4314
81.4884
81.5262
81.5639
81.5832
81.6026
81.6279
81.6393
81.6974
81.7157
81.7912
81.8085
81.8279
81.9237
82.0195
82.0726
82.0745
82.0959
82.0988
82.149
82.2438
82.2631
82.413
82.4314
82.5068
82.5262
82.5262
82.6075
82.6403
82.677
82.7148
82.7148
82.7535
82.7892
82.8085
82.8482
82.8656
82.8666
82.884
82.886
82.9237
83.0165
83.0185
83.0552
83.1162
83.148
83.1674
83.2041
83.2041
83.2244
83.2621
83.2999
83.3376
83.412
83.4875
83.4884
83.4964
83.5068
83.5614
83.6075
83.62
83.6423
83.6577
83.6577
83.7227
83.7381
83.7892
83.7912
83.8378
83.8463
83.8646
83.8646
83.884
84.0339
84.0909
84.1867
84.2621
84.3172
84.3396
84.413
84.4517
84.6006
84.6046
84.6383
84.6587
84.676
84.6944
84.7525
84.7902
84.8279
84.8428
84.9033
84.9961
85.0145
85.0155
85.1162
85.148
85.2602
85.3192
85.3356
85.3986
85.411
85.4507
85.4839
85.5252
85.5619
85.5639
85.5822
85.5882
85.6006
85.6016
85.618
85.6557
85.7505
85.883
85.9073
85.946
85.9961
86.1336
86.147
86.1847
86.2041
86.2071
86.2418
86.2602
86.272
86.2785
86.3733
86.4304
86.4488
86.4547
86.5058
86.5619
86.5629
86.5996
86.6115
86.6403
86.6567
86.6954
86.7515
86.8463
86.883
86.9654
86.9952
87.0909
87.1113
87.3018
87.3028
87.3048
87.3192
87.353
87.3723
87.3917
87.418
87.4497
87.5619
87.619
87.6944
87.7128
87.7311
87.7361
87.7872
87.8125
87.8269
87.8269
87.8443
87.9564
88.0329
88.0349
88.089
88.1286
88.1296
88.1579
88.1654
88.1837
88.2215
88.2815
88.3346
88.3907
88.5425
88.5803
88.5986
88.6557
88.6741
88.6934
88.7301
88.7689
88.7698
88.8066
88.8249
88.8899
88.9391
88.9401
88.9748
88.9942
88.9952
89.1162
89.1257
89.1267
89.2333
89.2467
89.2592
89.3346
89.3366
89.353
89.3763
89.5068
89.5445
89.5813
89.617
89.6354
89.7301
89.7679
89.7862
89.8617
89.8626
89.8646
89.88
89.9371
90.0165
90.1257
90.1346
90.21
90.2815
90.3326
90.352
90.3897
90.418
90.4284
90.4462
90.4681
90.5222
90.5406
90.5455
90.5589
90.5609
90.5976
90.7292
90.7311
90.7679
90.8617
90.8636
90.9391
90.9817
91.0145
91.0309
91.0899
91.2011
91.2071
91.2458
91.2572
91.2582
91.2756
91.2949
91.4081
91.41
91.4458
91.4458
91.5058
91.5291
91.5406
91.5852
91.616
91.6344
91.6557
91.6731
91.7023
91.8368
91.8423
91.88
91.9401
92.0368
92.088
92.2001
92.3143
92.3694
92.3703
92.3897
92.4274
92.4393
92.4825
92.5495
92.5783
92.6646
92.6904
92.6914
92.7023
92.7465
92.7505
92.7659
92.7852
92.8036
92.823
92.9286
92.9922
92.9932
93.0299
93.144
93.145
93.2205
93.2572
93.2949
93.2949
93.351
93.352
93.4641
93.4835
93.5019
93.5386
93.5966
93.6597
93.6711
93.7649
93.8046
93.823
93.8463
94.1614
94.1624
94.1634
94.2929
94.2949
94.4448
94.4835
94.5406
94.5996
94.6334
94.6527
94.8974
94.8984
94.9197
94.9341
94.9932
95.0676
95.088
95.1431
95.1936
95.2205
95.2929
95.2939
95.351
95.409
95.4438
95.5058
95.5688
95.5947
95.5966
95.6517
95.6731
95.6885
95.7708
95.7833
95.7833
95.8696
95.8964
95.9535
96.0145
96.0279
96.0512
96.1034
96.1083
96.1227
96.1247
96.1421
96.1808
96.1981
96.2378
96.2929
96.353
96.3887
96.5425
96.7078
96.7862
96.8964
97.0656
97.084
97.1277
97.1788
97.1808
97.1897
97.3703
97.4199
97.5386
97.612
97.6885
97.7177
97.7252
97.7833
97.8006
97.8954
97.9778
98.0135
98.1034
98.1594
98.2929
98.3579
98.3664
98.418
98.4244
98.4244
98.4999
98.5396
98.6344
98.6711
98.7068
98.7068
98.8006
98.8954
99.1972
99.3316
99.348
99.4448
99.4622
99.4651
99.5202
99.5376
99.5416
99.613
99.6363
99.6498
99.7068
99.7252
99.8587
99.9148
99.9515
99.9515
99.9699
99.9892
100.1024
100.1192
100.1227
100.2919
100.2919
100.3674
100.3783
100.3848
100.409
100.4567
100.4602
100.554
100.613
100.6691
100.7068
100.7515
100.7649
100.7996
100.819
100.8259
100.8433
100.9341
100.9515
101.0076
101.0269
101.0443
101.0637
101.1207
101.1594
101.1962
101.2339
101.2532
101.346
101.4235
101.4602
101.5356
101.5927
101.7252
101.7833
101.9495
101.9505
102.0299
102.0627
102.1654
102.3083
102.347
102.5723
102.6111
102.6498
102.7813
102.881
102.8974
102.9381
103.0056
103.025
103.0443
103.1267
103.1391
103.1584
103.2532
103.3277
103.3654
103.4582
103.4805
103.4999
103.5714
103.6671
103.7048
103.7242
103.7262
103.7803
103.9862
104.1188
104.1431
104.2329
104.2329
104.3644
104.3753
104.4041
104.6101
104.6324
104.7793
104.8915
104.9302
104.9679
105.0994
105.1788
105.3267
105.6091
105.6597
105.6661
105.7599
105.8537
105.8731
105.8934
105.9108
105.9302
105.9679
106.1361
106.1371
106.4021
106.5957
106.7029
106.7048
106.7212
106.9505
107.0056
107.1178
107.1381
107.3054
107.3818
107.4021
107.4795
107.7589
107.9689
108.0423
108.081
108.0974
108.1748
108.3808
108.4507
108.5317
108.6835
108.7088
108.7341
108.8383
108.8626
108.8706
108.9669
109.1361
109.2289
109.3614
109.3614
109.3897
109.5887
109.5887
109.6081
109.6895
109.7202
109.7212
109.7386
109.8905
109.8905
110.6061
110.6815
110.7649
110.7763
110.9272
111.2106
111.2289
111.286
111.3431
111.3605
111.3614
111.3887
111.493
111.5877
111.6904
111.8324
111.8403
111.8711
111.9312
111.9456
111.9465
111.9475
111.9843
112.1545
112.1902
112.2096
112.6751
112.7763
112.8131
112.8314
112.8508
112.9282
112.9629
113.1709
113.2666
113.3595
113.4349
113.6071
113.6245
113.7376
113.755
113.758
113.8131
113.8314
114.1322
114.2378
114.287
114.3044
114.3877
114.5927
114.6418
114.6875
114.8324
114.8691
114.9059
114.9465
115.1158
115.1515
115.2086
115.2155
115.3595
115.4736
115.493
115.552
115.6428
115.7212
115.756
115.7927
115.8875
115.8954
116.1128
116.1401
116.3217
116.4736
116.4785
116.552
116.5838
117.0374
117.1128
117.1188
117.3198
117.493
117.6796
117.7173
117.8473
118.018
118.0751
118.1798
118.1873
118.284
118.3982
118.4706
118.7406
118.8413
118.8855
118.8865
118.8895
119.0036
119.1679
119.3391
119.3565
119.3962
119.5858
119.6592
119.6805
119.7724
119.9222
120.1699
120.2811
120.3198
120.4716
120.549
120.614
120.6245
120.7019
120.7337
120.8111
120.8458
120.8478
120.9069
120.9793
121.0374
121.0538
121.0935
121.1138
121.2607
121.3103
121.3749
121.3758
121.4309
121.6012
121.6989
121.7704
121.7897
121.8642
122.0354
122.0905
122.3361
122.4696
122.488
122.5083
122.7321
122.7327
122.753
122.8835
122.8885
123.1476
123.1659
123.3217
123.3932
123.3942
123.4503
123.4552
123.488
123.7058
123.821
123.9406
124.223
124.3381
124.5237
124.5257
124.5644
124.751
124.8255
124.8632
124.9029
124.9823
125.0344
125.0721
125.222
125.2801
125.486
125.6195
125.6766
125.6776
125.8458
125.9396
126.2056
126.5228
126.5674
126.8428
126.8895
126.9475
127.0731
127.2587
127.2964
127.3158
127.5064
127.693
127.9679
128.1079
128.7878
128.958
129.0403
129.282
129.5267
129.6369
129.7664
129.7664
129.7848
129.7858
129.7878
129.9183
129.9947
130.0007
130.1813
130.1833
130.3883
130.4637
130.487
130.8428
130.8498
130.959
130.9629
131.0701
131.3555
131.5198
131.6359
131.9039
132.1436
132.1436
132.2761
132.3893
132.954
133.0682
133.1813
133.219
133.3342
133.4066
133.6136
133.6359
133.7461
134.0518
134.0682
134.2384
134.3138
134.6255
134.7074
134.7481
134.814
134.8766
135.3312
135.3496
135.7684
135.8389
136.0895
136.3595
136.5555
136.6339
136.9327
136.9689
137.8265
137.9292
137.952
138.0265
138.219
138.2528
138.3371
138.5739
139.1793
139.5769
139.6156
139.7074
139.8563
139.8806
139.894
139.9694
140.3198
140.3699
140.6329
140.8061
140.8369
141.0518
141.0826
141.4463
141.6483
141.7798
141.8071
141.8736
142.0836
142.2721
142.6319
143.1009
143.3719
143.4955
143.5922
143.6736
143.9501
144.0091
144.0324
144.0806
144.1059
144.218
144.3942
144.5719
144.6523
144.9471
145.1744
145.22
145.2498
145.9848
145.9947
146.2295
146.9724
148.3987
148.5883
148.8136
149.5302
149.6434
149.6463
149.7759
149.8707
149.8746
150.2285
150.2846
150.3853
151.1531
151.2836
151.3407
151.361
151.5302
151.6831
151.7034
151.7372
151.9287
151.9451
152.4538
152.4548
152.9635
152.9655
153.0602
153.2642
153.3426
153.6424
153.6995
153.7168
154.0776
154.4538
154.4732
154.8861
155.2577
155.6424
156.3689
156.5625
156.9248
157.2652
157.3009
157.5719
158.0756
158.0786
158.5253
158.5689
159.2672
159.3397
159.4141
159.4722
160.1297
160.3
160.5148
160.7516
161.2052
161.6578
162.4672
162.6752
162.7342
162.7789
163.6558
163.688
164.0389
164.6935
165.2528
166.3531
166.4007
166.8047
167.1694
167.4295
167.4469
167.4469
168.5397
168.7466
169.297
169.5417
169.766
169.8811
170.2856
170.6726
170.7863
170.9277
171.4072
171.5213
171.6161
171.7322
172.8975
173.0484
173.3317
173.6518
174.4275
175.2573
175.293
175.8677
176.1615
176.9139
177.2553
177.7253
177.762
178.3144
178.9789
179.1025
179.3317
180.1015
180.1297
180.6499
181.2409
181.292
181.76
182.237
182.2583
182.3059
182.969
182.969
183.1759
183.3645
183.3685
183.7883
184.4757
185.2042
185.7968
186.4196
186.6102
187.9467
188.0027
189.0231
189.0811
189.1352
189.7764
190.0618
190.7938
191.0359
191.0762
193.1094
193.1516
194.6102
195.2379
195.5471
195.8856
196.64
197.0365
199.0628
199.2628
199.3199
200.0201
200.1874
200.2117
200.6003
201.5258
202.637
203.2792
203.9814
204.637
204.8062
204.9765
205.0519
206.1814
206.2638
207.106
207.4042
209.0588
209.1263
209.9551
210.8023
211.6757
211.8439
211.8584
212.2668
213.2152
213.2658
213.6707
214.3139
215.3467
216.0072
216.4747
216.6583
216.9204
217.0618
217.1496
219.1194
220.0459
220.6668
222.6613
223.4956
223.8157
224.576
225.6186
226.8882
227.6484
229.9085
230.2286
231.5477
232.9249
233.1263
234.4291
234.7502
236.043
236.31
236.6579
237.8678
237.8842
238.3958
238.9358
241.1289
241.9954
243.6931
248.0504
250.3204
250.9442
251.1036
252.168
255.0262
255.8743
258.4584
258.6703
261.4951
261.6266
264.4981
265.115
266.7205
267.3413
267.6266
268.4971
271.2659
282.4639
285.9542
289.5745
290.5443
292.9369
293.5026
297.1949
302.8391
305.2674
314.6773
318.5294
319.2391
324.3051
329.7632
332.0873
343.7022
349.7583
378.7271
383.7598
385.6352
478.5624
