3.0
3.0
3.0
3.0
3.0
3.0
3.0
3.0
3.0
3.0
3.0
3.0
3.0
3.0
3.0
3.0
3.0
3.0
3.0
3.0
3.0
3.0
3.0
3.0
3.0
3.0
3.0
3.0
3.0
3.0
3.0
3.0
3.0
3.0
3.0
3.0
3.0
3.0
3.0
3.0
3.0
3.0
3.0
3.0
3.0
3.0
3.0
3.0
3.0
3.0
3.0
3.0
3.0
3.0
3.0
3.0
3.0
3.0
3.0
3.0
3.0
3.0
3.0
3.0
3.0
3.0
3.0
3.0
3.0
3.0
3.0
3.0
3.0
3.0
3.0
3.0
3.0
3.0
3.0
3.0
3.0
3.0
3.0
3.0
3.0
3.0
3.0
3.0
3.0
3.0
3.0
3.0
3.0
3.0
3.0
3.0
3.0
3.0
3.0
3.0
3.0
3.0
3.0
4.0
4.0
4.0
4.0
4.0
4.0
4.0
4.0
4.0
4.0
4.0
4.0
4.0
4.0
4.0
4.0
4.0
4.0
4.0
4.0
4.0
4.0
4.0
4.0
4.0
4.0
4.0
4.0
4.0
4.0
4.0
4.0
4.0
4.0
4.0
4.0
4.0
4.0
4.0
4.0
4.0
4.0
4.0
4.0
4.0
4.0
4.0
4.0
4.0
4.0
4.0
4.0
4.0
4.0
4.0
4.0
4.0
4.0
4.0
4.0
4.0
4.2998
4.4883
4.4883
4.4883
4.6015
4.6769
4.7146
4.7524
4.7901
4.7901
5.0
5.0
5.0
5.0
5.0
5.0
5.0
5.0
5.0
5.0
5.0
5.0
5.0
5.0
5.0
5.0
5.0
5.0
5.0
5.0
5.0
5.0
5.0
5.0
5.0
5.0
5.0
5.0
5.0
5.0
5.0
5.0
5.0
5.0
5.0
5.0
5.0
5.0
5.0
5.0
5.0
5.0
5.0
5.0
5.0
5.0
5.0
5.0
5.0
5.0
5.0
5.0
5.0918
5.1295
5.1673
5.205
5.2427
5.3375
5.3752
5.4129
5.4313
5.4313
5.5821
5.6015
5.6015
5.6392
5.6392
5.6953
5.6953
5.6953
5.7146
5.7524
5.7524
5.7707
5.8084
5.8655
5.9032
5.997
5.997
6.0
6.0
6.0
6.0
6.0
6.0
6.0
6.0
6.0
6.0
6.0
6.0
6.0
6.0
6.0
6.0
6.0
6.0
6.0
6.0
6.0
6.0
6.0
6.0
6.0
6.0
6.0
6.0
6.0
6.0
6.0
6.0
6.0164
6.0725
6.0918
6.1479
6.1479
6.1856
6.2233
6.2233
6.2611
6.2804
6.3181
6.4129
6.4506
6.469
6.4883
6.4883
6.4883
6.5261
6.6005
6.6382
6.6576
6.6576
6.6769
6.7146
6.733
6.7891
6.7901
6.8084
6.8268
6.8278
6.8278
6.8645
6.8839
6.8839
6.9022
6.94
6.9777
7.0
7.0
7.0
7.0
7.0
7.0
7.0
7.0
7.0
7.0
7.0
7.0
7.0
7.0
7.0
7.0
7.0
7.0
7.0
7.0
7.0
7.0
7.0
7.0
7.0
7.0725
7.0918
7.0918
7.1285
7.1479
7.2417
7.2427
7.2611
7.2611
7.2804
7.2998
7.3181
7.3375
7.3375
7.3742
7.3752
7.3752
7.3926
7.4119
7.4129
7.4313
7.4506
7.4883
7.5057
7.5638
7.5638
7.5821
7.6015
7.6199
7.6382
7.7146
7.7697
7.7707
7.7891
7.8084
7.8268
7.8278
7.8452
7.8829
7.8839
7.9022
7.9022
7.9032
7.9409
7.9583
7.9583
7.9593
8.0
8.0
8.0
8.0
8.0
8.0
8.0
8.0
8.0
8.0
8.0
8.0
8.0
8.0
8.0
8.0
8.0
8.0
8.0531
8.0715
8.0725
8.0725
8.0908
8.1092
8.1285
8.1295
8.1469
8.1673
8.2233
8.2601
8.2794
8.2978
8.2988
8.3171
8.3181
8.3742
8.4129
8.4486
8.5067
8.5251
8.5628
8.6005
8.6372
8.6566
8.6749
8.6759
8.7697
8.8075
8.8084
8.8258
8.8452
8.8645
8.8839
8.9022
8.9032
8.9206
8.9583
8.9787
8.996
9.0
9.0
9.0
9.0
9.0
9.0
9.0
9.0
9.0
9.0
9.0
9.0
9.0
9.0
9.0
9.0
9.0
9.0
9.0521
9.0521
9.0725
9.0898
9.0908
9.1102
9.1276
9.1285
9.1673
9.204
9.204
9.204
9.205
9.2417
9.2417
9.2601
9.2784
9.3548
9.3558
9.4313
9.469
9.4864
9.5047
9.5424
9.5638
9.5995
9.6199
9.6199
9.6372
9.6759
9.7687
9.8655
9.9032
9.939
9.9583
9.9951
10.0
10.0
10.0
10.0
10.0
10.0
10.0
10.0
10.0
10.0
10.0541
10.0705
10.0705
10.0898
10.1653
10.204
10.2233
10.2601
10.2968
10.2978
10.3539
10.4099
10.4313
10.4477
10.4496
10.468
10.5047
10.5618
10.5638
10.5802
10.5985
10.6769
10.7127
10.8084
10.8442
10.8452
10.9196
10.9206
10.9757
10.9757
10.9787
11.0
11.0
11.0
11.0
11.0
11.0
11.0
11.0
11.0521
11.0521
11.0541
11.0898
11.0918
11.1276
11.1276
11.1469
11.2214
11.2774
11.2794
11.2968
11.3152
11.3355
11.3375
11.3752
11.3906
11.3916
11.3916
11.4506
11.5037
11.5037
11.5434
11.5444
11.5792
11.5802
11.6179
11.6372
11.6546
11.674
11.674
11.6933
11.7117
11.7127
11.73
11.7494
11.7494
11.7678
11.8055
11.8065
11.8625
11.8645
11.9003
11.9941
12.0
12.0
12.0
12.0
12.0
12.0144
12.0521
12.0888
12.1643
12.1643
12.2427
12.2591
12.2978
12.3375
12.3732
12.5037
12.5047
12.5221
12.5415
12.5434
12.5444
12.5792
12.5792
12.5821
12.6169
12.6169
12.6179
12.6372
12.6392
12.673
12.6953
12.731
12.731
12.7494
12.7861
12.7861
12.7871
12.7901
12.8248
12.8616
12.8616
12.937
12.938
12.9941
12.9951
13.0
13.0
13.0
13.0
13.0
13.0134
13.0338
13.0705
13.0705
13.0725
13.0888
13.1092
13.1266
13.1295
13.1673
13.1673
13.201
13.2233
13.2581
13.2774
13.2774
13.2958
13.3375
13.3375
13.4089
13.4089
13.465
13.5037
13.5405
13.5415
13.6169
13.6362
13.732
13.7678
13.7881
13.8238
13.8238
13.8616
13.8616
13.8799
13.8819
13.9176
13.9176
13.9747
14.0
14.0
14.0318
14.0501
14.0501
14.0531
14.0705
14.0705
14.0898
14.1449
14.1449
14.1836
14.3142
14.3325
14.3325
14.3548
14.3702
14.3712
14.3722
14.3896
14.5405
14.5405
14.5638
14.6159
14.6179
14.7474
14.7524
14.7678
14.937
14.937
14.9554
14.9757
14.9951
14.997
15.0
15.0
15.0114
15.0154
15.0328
15.0695
15.1623
15.1623
15.1633
15.2774
15.2968
15.3325
15.3926
15.466
15.4834
15.5588
15.5588
15.5772
15.5772
15.5975
15.6005
15.6343
15.7107
15.7291
15.8228
15.8278
15.8412
15.8616
15.8789
15.9186
15.9747
16.0114
16.0318
16.0511
16.0675
16.0685
16.1256
16.143
16.1807
16.2184
16.2581
16.2581
16.3142
16.3509
16.3509
16.3529
16.3693
16.407
16.4089
16.4263
16.4273
16.464
16.4834
16.4883
16.5231
16.5395
16.5792
16.5956
16.6149
16.672
16.731
16.8035
16.8075
16.8616
16.8635
16.8973
16.8973
16.9216
16.941
16.9727
17.0
17.0
17.0
17.0695
17.0869
17.1623
17.1623
17.1807
17.199
17.199
17.2
17.2377
17.2427
17.2561
17.2938
17.3142
17.3152
17.407
17.4457
17.4457
17.4467
17.464
17.4824
17.4824
17.5008
17.5018
17.5588
17.5628
17.5956
17.6139
17.6149
17.6333
17.6516
17.6526
17.7271
17.73
17.732
17.7464
17.7474
17.7648
17.7648
17.7678
17.7851
17.7871
17.7891
17.8219
17.8412
17.8606
17.8625
17.8625
17.8983
17.9166
17.9166
17.9534
18.0
18.0
18.0298
18.0308
18.0869
18.1052
18.1082
18.143
18.1817
18.2174
18.3132
18.3345
18.3702
18.406
18.4303
18.4437
18.4467
18.464
18.465
18.5578
18.5598
18.5762
18.5772
18.5956
18.6015
18.6516
18.7087
18.7271
18.7281
18.7464
18.7648
18.8973
18.9157
18.935
18.9737
18.9911
19.0
19.0104
19.1236
19.1266
19.1266
19.142
19.1449
19.1807
19.2223
19.2928
19.3112
19.3866
19.3916
19.4099
19.4243
19.464
19.4998
19.5018
19.5067
19.5385
19.5588
19.5752
19.5946
19.5956
19.6189
19.6323
19.6506
19.6516
19.673
19.6894
19.7261
19.8045
19.8779
19.9524
19.9524
19.9534
19.9534
19.9901
19.9911
20.0
20.0095
20.0859
20.1033
20.1226
20.1439
20.1673
20.1787
20.2358
20.2978
20.3296
20.3529
20.3558
20.3866
20.407
20.4243
20.4804
20.4824
20.5375
20.5802
20.5936
20.6129
20.6323
20.6333
20.6516
20.6903
20.6913
20.7474
20.8219
20.8963
20.9717
20.9747
20.9787
20.9911
20.9911
20.9921
21.0
21.0
21.0655
21.0655
21.0695
21.1033
21.1216
21.1593
21.1603
21.198
21.203
21.2174
21.2184
21.2591
21.3305
21.3499
21.4129
21.4129
21.4243
21.5181
21.5181
21.5221
21.5936
21.5936
21.5946
21.6506
21.7444
21.7444
21.7901
21.8005
21.8015
21.8015
21.876
21.9176
21.934
21.9707
21.9737
21.9911
21.9921
22.0
22.0
22.0124
22.0268
22.0655
22.0685
22.1023
22.14
22.1459
22.1613
22.1777
22.198
22.2
22.2164
22.2348
22.2531
22.2561
22.2908
22.2918
22.3286
22.3345
22.3489
22.3499
22.3856
22.3936
22.404
22.4417
22.4417
22.4794
22.4804
22.5181
22.5231
22.5365
22.5365
22.5365
22.5375
22.5415
22.5812
22.668
22.673
22.6923
22.7077
22.7087
22.7087
22.7271
22.7812
22.7822
22.7832
22.7891
22.8015
22.8392
22.8566
22.8789
22.8983
22.9137
22.9137
22.9777
22.9891
23.0
23.0
23.0095
23.0829
23.1023
23.1583
23.1613
23.1961
23.2338
23.2407
23.2715
23.2918
23.3112
23.3375
23.4089
23.4224
23.4224
23.4293
23.4417
23.4978
23.4988
23.5365
23.5375
23.5732
23.5792
23.5926
23.5946
23.611
23.6199
23.6566
23.674
23.6864
23.7241
23.7618
23.8199
23.8278
23.8943
23.9137
23.932
23.9698
24.0085
24.0085
24.0452
24.1052
24.139
24.1593
24.1593
24.1613
24.1787
24.1971
24.2348
24.2571
24.2928
24.3469
24.3663
24.404
24.406
24.4427
24.4784
24.4824
24.5008
24.5172
24.5181
24.5261
24.5375
24.5732
24.611
24.668
24.668
24.6864
24.6864
24.6874
24.7107
24.7241
24.7251
24.7444
24.7618
24.7648
24.7995
24.8005
24.8005
24.8035
24.8179
24.875
24.9544
24.9891
25.0442
25.0675
25.1023
25.1196
25.1206
25.1623
25.1623
25.1767
25.2194
25.2204
25.2551
25.2899
25.2908
25.2918
25.3132
25.3469
25.3519
25.3663
25.3663
25.3673
25.3702
25.3846
25.3866
25.403
25.4427
25.4611
25.464
25.5172
25.5549
25.5732
25.5946
25.61
25.668
25.7067
25.7678
25.8189
25.8402
25.8953
25.9688
25.9871
26.0
26.0829
26.1013
26.14
26.1767
26.2348
26.2512
26.3355
26.3539
26.3837
26.404
26.4397
26.4621
26.464
26.5047
26.5241
26.5732
26.61
26.6477
26.7057
26.7241
26.7618
26.7648
26.7812
26.7871
26.8169
26.8169
26.8363
26.8546
26.876
26.9127
26.9698
26.9777
26.9871
27.0258
27.0432
27.0626
27.1236
27.138
27.1574
27.1757
27.1826
27.1846
27.1961
27.2705
27.2938
27.3459
27.4224
27.4397
27.5027
27.5529
27.5549
27.6283
27.6303
27.6313
27.6467
27.6477
27.6516
27.6844
27.7415
27.7976
27.8799
27.8923
27.8973
27.9301
27.9484
27.9688
28.0
28.0
28.0248
28.0432
28.0442
28.0993
28.1013
28.1777
28.1941
28.1971
28.2204
28.3082
28.3673
28.4224
28.4457
28.5142
28.5201
28.5345
28.5529
28.666
28.6844
28.6854
28.6894
28.7782
28.7802
28.7976
28.8189
28.873
28.8914
28.9301
28.935
28.9494
29.0045
29.0124
29.0248
29.0432
29.0511
29.0616
29.0799
29.0809
29.0888
29.1033
29.1177
29.1177
29.1196
29.137
29.1757
29.2134
29.2502
29.2561
29.2879
29.2998
29.3827
29.401
29.4765
29.4784
29.4824
29.4948
29.5713
29.5896
29.6273
29.6854
29.7047
29.7589
29.7608
29.7976
29.8169
29.8373
29.8839
29.8933
29.9097
29.9301
29.997
30.0
30.0
30.0065
30.0492
30.0636
30.0993
30.1186
30.1186
30.137
30.1613
30.2521
30.3062
30.3072
30.3643
30.3673
30.3817
30.3846
30.4
30.4194
30.4834
30.5132
30.5152
30.5325
30.5355
30.5529
30.5598
30.5772
30.5886
30.6119
30.6273
30.6273
30.666
30.6834
30.7211
30.7211
30.7221
30.7271
30.7772
30.7812
30.8159
30.8179
30.8536
30.9474
30.9504
31.0085
31.0412
31.0422
31.0645
31.0809
31.0819
31.1177
31.1544
31.1544
31.1747
31.1757
31.1787
31.1951
31.2308
31.2492
31.2492
31.3062
31.3623
31.3623
31.4
31.405
31.4184
31.4194
31.4243
31.467
31.5132
31.5703
31.5896
31.6263
31.6506
31.6824
31.6834
31.6834
31.6834
31.7435
31.7772
31.7956
31.8149
31.8586
31.9291
31.9658
31.9861
32.0134
32.0789
32.1167
32.1167
32.1226
32.1236
32.1544
32.1544
32.1544
32.1941
32.2144
32.2298
32.2512
32.2705
32.2869
32.2869
32.3092
32.3092
32.3991
32.4184
32.4938
32.4938
32.4948
32.5047
32.5122
32.5316
32.5703
32.607
32.6651
32.6824
32.6913
32.7018
32.7385
32.7618
32.7792
32.7901
32.8333
32.876
32.9281
33.0085
33.0104
33.0144
33.0219
33.0248
33.0402
33.0422
33.0606
33.0789
33.0973
33.1727
33.1737
33.1797
33.1921
33.1961
33.2502
33.2665
33.2675
33.2685
33.3053
33.3053
33.4551
33.4621
33.5122
33.5306
33.5325
33.5588
33.607
33.6283
33.6447
33.7385
33.7454
33.7569
33.7762
33.7946
33.8323
33.8323
33.8517
33.9087
33.9097
34.0035
34.0209
34.0209
34.0229
34.0402
34.0606
34.1534
34.1727
34.2115
34.2288
34.3053
34.3246
34.3981
34.4174
34.4611
34.4745
34.5306
34.5876
34.607
34.7057
34.7077
34.7792
34.7946
34.7946
34.8025
34.87
34.87
34.8914
34.9077
34.9087
34.9261
34.9648
34.9832
34.9871
35.0402
35.0442
35.0462
35.0616
35.077
35.0869
35.1157
35.1167
35.1177
35.1206
35.2705
35.2859
35.341
35.3603
35.3603
35.3787
35.3856
35.4387
35.4601
35.5519
35.5683
35.6119
35.6263
35.6467
35.6621
35.6804
35.6824
35.6844
35.6998
35.7385
35.7569
35.7946
35.7985
35.813
35.813
35.8536
35.871
35.8884
35.8914
35.9077
35.9147
35.9261
35.9638
35.9638
35.9707
35.9871
36.0199
36.0576
36.1206
36.1524
36.1524
36.1846
36.1901
36.2849
36.341
36.3991
36.4224
36.5008
36.5162
36.5683
36.6621
36.666
36.6864
36.7192
36.7365
36.7752
36.7936
36.7936
36.7946
36.813
36.8894
36.9157
36.9638
37.077
37.0789
37.0829
37.0993
37.1514
37.1593
37.1708
37.2194
37.2268
37.2472
37.2551
37.3787
37.3971
37.4358
37.4358
37.4725
37.4909
37.5112
37.6234
37.6427
37.6795
37.7182
37.7192
37.7549
37.7569
37.8507
37.9157
37.9514
37.9628
37.9638
37.9832
38.0199
38.0576
38.0586
38.076
38.1147
38.135
38.1708
38.1767
38.1817
38.1901
38.1931
38.2085
38.2268
38.2462
38.2472
38.2918
38.3082
38.34
38.3459
38.3594
38.3603
38.3653
38.3777
38.3797
38.403
38.4348
38.4581
38.5092
38.5286
38.547
38.5489
38.5752
38.604
38.6234
38.6254
38.6427
38.6611
38.6988
38.7395
38.7598
38.7608
38.7618
38.7733
38.7742
38.7772
38.7926
38.7966
38.7966
38.7966
38.8015
38.8303
38.868
38.869
38.9067
38.9107
38.934
38.94
38.9435
38.9435
38.9618
38.9628
38.9638
39.075
39.077
39.0993
39.1226
39.1321
39.1331
39.136
39.1583
39.1891
39.1901
39.3971
39.4144
39.4174
39.4348
39.4348
39.4715
39.5306
39.5663
39.61
39.6224
39.6224
39.7355
39.7539
39.7539
39.7733
39.7752
39.7802
39.7936
39.7946
39.876
39.9127
39.9241
39.9241
39.933
39.9618
40.0248
40.0383
40.0412
40.0636
40.0655
40.075
40.0789
40.0943
40.1147
40.1504
40.1514
40.1698
40.2085
40.2492
40.3122
40.3197
40.3246
40.3961
40.4164
40.4194
40.4338
40.4522
40.4532
40.4804
40.5276
40.5653
40.5663
40.5896
40.603
40.603
40.6234
40.6293
40.6333
40.6407
40.6407
40.6785
40.7067
40.7345
40.811
40.8179
40.8179
40.868
40.8769
40.8933
40.9251
40.9802
41.0179
41.0556
41.0576
41.0665
41.074
41.0943
41.1331
41.1727
41.199
41.2075
41.2656
41.3216
41.3236
41.3584
41.3757
41.3777
41.4919
41.5266
41.546
41.5713
41.6968
41.6978
41.7365
41.7444
41.8323
41.8566
41.9608
41.9986
41.9986
42.0383
42.074
42.0829
42.0943
42.1331
42.141
42.1494
42.1872
42.2055
42.2055
42.2442
42.2442
42.2665
42.3003
42.3187
42.343
42.3603
42.3767
42.3777
42.4135
42.4318
42.4328
42.4338
42.4889
42.4889
42.4958
42.5296
42.546
42.547
42.5847
42.602
42.6398
42.6775
42.7529
42.7559
42.7906
42.8025
42.8179
42.8477
42.8769
42.9087
42.9802
43.0209
43.073
43.0943
43.1127
43.1321
43.1708
43.1941
43.2065
43.2154
43.2695
43.3653
43.3747
43.3807
43.3886
43.3951
43.4879
43.5266
43.5296
43.5365
43.6204
43.6204
43.6765
43.6834
43.6978
43.7142
43.7152
43.7336
43.7365
43.8392
43.8467
43.8487
43.8651
43.8671
43.9678
44.0055
44.0114
44.0169
44.0576
44.0789
44.0934
44.1216
44.1311
44.1484
44.1484
44.1881
44.2055
44.281
44.3177
44.3931
44.4
44.4532
44.4551
44.4879
44.4879
44.5063
44.5082
44.5142
44.5152
44.5256
44.5266
44.5817
44.6949
44.7152
44.7152
44.9212
44.9405
44.9405
45.0159
45.073
45.073
45.1668
45.2085
45.2646
45.3023
45.3216
45.4184
45.4522
45.4685
45.5152
45.5152
45.544
45.6011
45.6204
45.7589
45.9018
45.9097
45.9405
45.9415
45.9599
45.9599
45.9966
46.0159
46.0169
46.0829
46.1881
46.2035
46.2606
46.3554
46.3554
46.3554
46.3757
46.3941
46.3941
46.3951
46.4115
46.4115
46.4378
46.4532
46.4869
46.4869
46.4948
46.4948
46.5053
46.5063
46.5082
46.545
46.6378
46.6378
46.6388
46.6388
46.6591
46.6755
46.7316
46.7693
46.7896
46.807
46.8536
46.874
46.8834
46.9038
46.9087
46.9832
47.0179
47.0333
47.0606
47.0645
47.073
47.1127
47.1137
47.1465
47.1465
47.1658
47.2045
47.2616
47.2616
47.2973
47.2983
47.344
47.4
47.4492
47.4879
47.544
47.5489
47.5614
47.5623
47.5866
47.7509
47.7559
47.7693
47.7723
47.8254
47.8447
47.8641
47.8914
47.9395
47.9579
47.9658
47.9956
47.9966
48.0149
48.0517
48.0527
48.0527
48.0546
48.0596
48.1321
48.1514
48.1842
48.1862
48.2085
48.2413
48.2636
48.2983
48.3187
48.4105
48.4164
48.4492
48.4715
48.4869
48.5236
48.5489
48.5991
48.6561
48.6765
48.6775
48.6929
48.6978
48.7172
48.7201
48.7355
48.7509
48.7877
48.8219
48.8815
48.9008
48.9946
49.0412
49.1078
49.1465
49.1862
49.2403
49.278
49.2849
49.3534
49.4105
49.4308
49.4338
49.4482
49.4849
49.5236
49.5797
49.5991
49.6358
49.6561
49.668
49.6958
49.7008
49.7306
49.7589
49.7877
49.8254
49.8621
49.873
49.9192
49.9192
49.9579
49.9753
49.9772
49.9822
50.0517
50.076
50.078
50.1261
50.1638
50.2085
50.279
50.2963
50.3157
50.3177
50.3728
50.3728
50.3931
50.4656
50.4666
50.4725
50.542
50.5633
50.5797
50.6224
50.6358
50.6542
50.6552
50.6735
50.7316
50.7877
50.8169
50.8254
50.8264
50.8437
50.875
50.8815
50.8998
50.9375
50.9599
51.0065
51.0517
51.0517
51.0894
51.1068
51.1445
51.1822
51.1901
51.2586
51.3331
51.343
51.344
51.4279
51.4601
51.5053
51.5073
51.5604
51.5876
51.6204
51.6234
51.6273
51.6368
51.6552
51.6552
51.6735
51.7296
51.749
51.7539
51.7867
51.7867
51.8244
51.8611
51.8815
51.9008
51.9008
51.9048
51.9058
51.9067
51.9182
51.9365
51.9762
52.0209
52.1117
52.1251
52.2016
52.2199
52.2259
52.2393
52.2472
52.3092
52.3331
52.3564
52.3708
52.3718
52.4095
52.4328
52.4656
52.4666
52.5787
52.5971
52.6348
52.6417
52.6949
52.749
52.7906
52.8428
52.9058
52.9107
52.9936
52.9936
52.9996
53.0045
53.0566
53.0973
53.1435
53.1494
53.1638
53.1812
53.1822
53.1822
53.2189
53.2199
53.2944
53.2954
53.2993
53.3574
53.3738
53.4075
53.4269
53.4452
53.4646
53.4849
53.5614
53.607
53.6155
53.6338
53.6532
53.6909
53.7162
53.7355
53.7663
53.7857
53.7857
53.807
53.8224
53.8382
53.8536
53.8586
53.8769
53.9549
53.9753
54.0303
54.0303
54.0303
54.0313
54.0412
54.07
54.1058
54.1435
54.1475
54.1822
54.2393
54.2566
54.2963
54.3698
54.4135
54.4279
54.4452
54.4462
54.4794
54.4879
54.5217
54.6155
54.6348
54.6715
54.6735
54.6755
54.7336
54.747
54.748
54.7569
54.7752
54.805
54.8343
54.8815
54.9008
54.9405
54.9474
54.9936
54.9986
55.0681
55.142
55.1628
55.2016
55.2179
55.2189
55.2199
55.2413
55.2586
55.2928
55.3321
55.3728
55.483
55.5256
55.5722
55.6542
55.6795
55.6909
55.7286
55.7425
55.747
55.7509
55.7653
55.7713
55.7837
55.7926
55.8031
55.8254
55.8408
55.8418
55.8894
55.9743
56.0477
56.1619
56.2209
56.2209
56.2557
56.2557
56.274
56.274
56.2849
56.2934
56.3698
56.4095
56.4462
56.5584
56.5961
56.602
56.6398
56.7152
56.7266
56.7336
56.7653
56.7837
56.8031
56.8408
56.8408
56.8631
56.8969
56.8978
56.9346
56.9559
57.0284
57.0383
57.0402
57.1048
57.1232
57.1445
57.1986
57.2065
57.2179
57.2179
57.3127
57.3331
57.3495
57.3688
57.4055
57.4075
57.4259
57.4259
57.4685
57.4705
57.538
57.5574
57.6378
57.6696
57.7093
57.746
57.8408
57.8775
58.0432
58.0477
58.0517
58.0854
58.1048
58.1425
58.1792
58.1986
58.2055
58.273
58.3678
58.3678
58.3872
58.4616
58.5102
58.5187
58.538
58.54
58.5584
58.5748
58.5758
58.6135
58.6135
58.6696
58.6715
58.6785
58.6879
58.7529
58.7886
58.8021
58.8214
58.8274
58.8388
58.8408
58.8477
58.8805
58.8894
58.8959
58.9713
58.9802
58.9897
59.011
59.0219
59.1271
59.1425
59.1609
59.1688
59.1792
59.216
59.2169
59.2179
59.274
59.276
59.279
59.3167
59.3668
59.3872
59.3872
59.4269
59.48
59.4909
59.5177
59.5197
59.5564
59.5564
59.5837
59.5941
59.6542
59.6879
59.7256
59.7266
59.8204
59.8224
59.8765
59.8775
59.8775
59.8949
59.8949
59.9067
59.9067
59.9906
59.9906
60.0467
60.0661
60.0844
60.1038
60.1792
60.1802
60.2537
60.2547
60.273
60.3495
60.3668
60.3678
60.3698
60.3892
60.4308
60.4423
60.4606
60.4616
60.5177
60.5738
60.5787
60.6407
60.6755
60.7172
60.7634
60.7886
60.8001
60.8169
60.8224
60.8884
60.8949
60.9336
60.9484
61.0035
61.0651
61.1028
61.1698
61.1782
61.1966
61.2924
61.3098
61.341
61.3514
61.3892
61.405
61.4413
61.4735
61.4983
61.5931
61.6686
61.6686
61.7266
61.745
61.7807
61.8194
61.8378
61.9067
61.9316
61.9539
61.9703
62.0651
62.0844
62.137
62.1484
62.1579
62.1589
62.2924
62.3852
62.5217
62.5738
62.5738
62.5807
62.5921
62.5931
62.5951
62.5981
62.605
62.6492
62.6686
62.6869
62.7355
62.7624
62.8194
62.8388
62.8388
62.8566
62.8745
62.9336
62.9693
62.9703
62.9897
63.0448
63.1018
63.1261
63.1638
63.1763
63.1941
63.2596
63.2924
63.2924
63.3062
63.3098
63.3465
63.3504
63.3544
63.3668
63.4626
63.5371
63.6115
63.6164
63.6289
63.6309
63.6492
63.7991
63.8184
63.8562
63.8572
63.8581
63.8755
63.8775
63.9122
63.9122
63.9122
63.9271
63.9306
63.9395
63.9916
64.0457
64.0854
64.0904
64.1212
64.1494
64.2537
64.2576
64.2914
64.4026
64.4219
64.4596
64.478
64.5167
64.6194
64.6472
64.6676
64.6859
64.7043
64.744
64.7614
64.9113
64.9122
64.9132
64.9142
64.9693
65.007
65.0254
65.072
65.1376
65.1445
65.1524
65.1569
65.1966
65.1996
65.3088
65.4209
65.4596
65.4606
65.477
65.5157
65.5217
65.5524
65.6115
65.6502
65.6666
65.7877
65.804
65.8175
65.8175
65.8542
65.9683
65.9683
66.0051
66.0864
66.1137
66.1589
66.1773
66.1782
66.1936
66.1946
66.1966
66.2934
66.3301
66.3475
66.3524
66.3649
66.3832
66.4442
66.4482
66.4983
66.5217
66.5524
66.5912
66.6095
66.6135
66.6184
66.6279
66.7227
66.8175
66.8214
66.8542
66.8552
66.8745
66.8745
66.9241
66.9306
66.9683
66.9897
67.078
67.1097
67.1514
67.2269
67.2432
67.2497
67.2701
67.273
67.2859
67.2884
67.3137
67.3708
67.4209
67.4403
67.5331
67.5708
67.5728
67.5921
67.6115
67.6388
67.6398
67.6745
67.7971
67.8591
67.8745
67.8919
67.9103
67.9122
67.9589
67.9663
67.9857
67.9956
68.0075
68.0621
68.0805
68.0988
68.1385
68.1773
68.2304
68.2373
68.2576
68.2701
68.2914
68.3078
68.341
68.3649
68.4219
68.481
68.5137
68.5157
68.5515
68.5708
68.6686
68.7217
68.7217
68.7227
68.7991
68.8532
68.8601
68.8824
68.8929
68.9067
68.9296
69.1484
69.1559
69.1773
69.2859
69.2864
69.2944
69.3251
69.3747
69.4006
69.4666
69.5321
69.5321
69.542
69.5931
69.5981
69.6135
69.6462
69.6666
69.685
69.7172
69.7316
69.74
69.7594
69.7778
69.7797
69.8522
69.9093
69.9113
69.9455
69.948
70.0313
70.0418
70.1376
70.1559
70.1658
70.1996
70.2596
70.277
70.475
70.476
70.5847
70.6095
70.7023
70.74
70.7604
70.7787
70.7827
70.8338
70.946
70.948
70.9654
71.0214
71.0428
71.0601
71.0601
71.0969
71.1162
71.1733
71.1743
71.2006
71.2671
71.3078
71.3127
71.475
71.476
71.4899
71.5321
71.6462
71.6626
71.6656
71.682
71.7003
71.745
71.7797
71.9172
71.9723
72.0031
72.0651
72.0785
72.0805
72.1926
72.21
72.2294
72.3048
72.3048
72.3852
72.4085
72.4944
72.7574
72.7961
72.9018
72.9267
72.9276
72.9644
73.0031
73.0274
73.1539
73.1917
73.209
73.2373
73.2845
73.2924
73.3232
73.3311
73.3425
73.3996
73.4036
73.4363
73.4363
73.4924
73.4983
73.5505
73.5748
73.6259
73.6358
73.7187
73.7197
73.7207
73.744
73.7509
73.7653
73.7748
73.8155
73.8214
73.8418
73.9663
73.9897
74.0011
74.0671
74.071
74.0969
74.1723
74.1996
74.3862
74.4626
74.475
74.477
74.5108
74.5301
74.5311
74.5668
74.6046
74.6626
74.7748
74.7932
74.8319
74.8487
74.8611
74.9063
74.9073
75.0224
75.0447
75.0765
75.0949
75.1028
75.152
75.1539
75.1559
75.1832
75.2284
75.2477
75.3613
75.4288
75.4403
75.4547
75.475
75.4934
75.5108
75.5301
75.5604
75.5668
75.5817
75.6715
75.8512
75.8765
75.8765
75.8874
75.9336
75.945
75.946
75.9837
76.0021
76.0204
76.0576
76.0765
76.152
76.1703
76.1887
76.1936
76.2229
76.2264
76.2626
76.2651
76.3291
76.4343
76.4721
76.5604
76.5668
76.5852
76.5951
76.6036
76.6755
76.68
76.681
76.6994
76.7554
76.8338
76.8492
76.8686
76.9122
76.945
77.0497
77.0562
77.0691
77.0815
77.1028
77.1887
77.2071
77.2448
77.2671
77.2835
77.3018
77.3202
77.3589
77.3976
77.4298
77.4711
77.5088
77.5281
77.6229
77.6453
77.7554
77.7584
77.7614
77.7922
77.7922
77.8686
77.8686
77.943
77.9624
78.0001
78.0195
78.0939
78.1142
78.152
78.153
78.1693
78.1887
78.2274
78.2651
78.276
78.3028
78.3396
78.416
78.4711
78.4914
78.5098
78.5137
78.5668
78.6299
78.6413
78.6492
78.6646
78.68
78.7157
78.7276
78.8125
78.8299
78.8299
78.8319
78.9286
78.9326
78.9395
78.9703
78.9926
79.0805
79.0939
79.151
79.1559
79.21
79.2264
79.2442
79.2497
79.272
79.2825
79.3137
79.3137
79.3177
79.4334
79.5088
79.5098
79.5272
79.5465
79.5659
79.6036
79.6229
79.6427
79.7564
79.8115
79.8338
79.9053
79.932
80.011
80.0185
80.0195
80.0254
80.0368
80.0661
80.0929
80.0998
80.151
80.1713
80.1887
80.2016
80.209
80.2264
80.2448
80.5311
80.5515
80.5668
80.5673
80.6413
80.6571
80.678
80.7187
80.7266
80.7286
80.7341
80.7535
80.7738
80.8473
80.8522
80.8656
80.9237
80.9276
80.9634
80.9798
81.0368
81.0562
81.0562
81.0572
81.2071
81.2254
81.2353
81.3197
81.3559
81.3579
81.3753
81.4363
81.4507
81.5078
81.5718
81.5886
81.6482
81.7073
81.7912
81.7932
81.8299
81.9033
82.0175
82.1385
82.148
82.1683
82.1867
82.2244
82.3559
82.4353
82.5272
82.5822
82.5842
82.6026
82.7138
82.7152
82.7892
82.9788
82.9798
82.9798
83.1103
83.1113
83.1356
83.1475
83.149
83.149
83.1877
83.2274
83.2428
83.2477
83.2621
83.2815
83.2999
83.3192
83.3386
83.4373
83.5068
83.5272
83.5281
83.537
83.5445
83.5629
83.5832
83.619
83.6587
83.6804
83.7237
83.7321
83.7331
83.7341
83.7673
83.7718
83.8194
83.8279
83.8492
83.9584
84.0185
84.0358
84.0726
84.0919
84.0919
84.1296
84.1664
84.1857
84.1867
84.208
84.2418
84.2497
84.2874
84.3078
84.3107
84.3386
84.4433
84.4452
84.5515
84.5822
84.5832
84.6944
84.7013
84.7138
84.7321
84.8085
84.8269
84.8646
84.8775
84.8879
84.8988
84.944
85.0155
85.0368
85.0447
85.0726
85.0919
85.1654
85.1743
85.1857
85.2924
85.2979
85.3549
85.4219
85.4324
85.4646
85.4711
85.4983
85.6974
85.7128
85.7574
85.7574
85.9778
86.0155
86.0522
86.1277
86.152
86.2527
86.2602
86.3366
86.3822
86.3917
86.5058
86.5748
86.619
86.7505
86.8125
86.884
86.9286
86.95
86.9594
86.9971
87.1494
87.1599
87.208
87.2795
87.3182
87.4219
87.4314
87.5207
87.5252
87.5291
87.5882
87.6751
87.6934
87.7495
87.7882
87.7892
87.7971
87.8066
87.8453
87.8636
87.9817
88.0135
88.0592
88.0696
88.0815
88.0929
88.151
88.1688
88.21
88.5232
88.5986
88.618
88.7301
88.7505
88.7768
88.7882
88.8145
88.8482
88.8617
88.8626
88.8676
88.9758
88.9942
89.0447
89.0522
89.0909
89.1083
89.145
89.1827
89.1827
89.2215
89.2254
89.2284
89.2398
89.2582
89.2681
89.2969
89.3058
89.41
89.4651
89.4651
89.5793
89.6358
89.6557
89.676
89.7138
89.7544
89.7564
89.7693
89.8155
89.8319
89.8368
89.881
89.9004
90.0031
90.0502
90.0686
90.0706
90.0899
90.1267
90.1877
90.2011
90.2205
90.2388
90.2408
90.2959
90.2979
90.3038
90.4468
90.4671
90.4721
90.5232
90.5902
90.6676
90.6914
90.7118
90.7292
90.7311
90.7932
90.8056
90.88
90.8998
90.9028
90.9371
90.9932
90.9936
91.145
91.1693
91.2363
91.2766
91.2775
91.4016
91.4373
91.5803
91.5921
91.616
91.6164
91.6344
91.7292
91.8626
91.8815
91.9083
91.9371
91.9574
92.1395
92.1634
92.1996
92.2031
92.2205
92.2785
92.2949
92.3316
92.353
92.4596
92.4845
92.4865
92.5048
92.6219
92.6557
92.7088
92.7311
92.7465
92.7738
92.7971
92.8597
92.879
92.9738
92.9768
93.089
93.1237
93.1257
93.1733
93.2408
93.2602
93.2766
93.2939
93.2939
93.3162
93.3222
93.3316
93.3986
93.4458
93.5912
93.6334
93.6363
93.6721
93.6899
93.6914
93.7381
93.8423
93.879
93.9073
93.9103
93.9351
93.9837
94.0309
94.0666
94.0676
94.0716
94.2369
94.4924
94.5019
94.5118
94.5465
94.6065
94.6334
94.6711
94.7063
94.7177
94.7197
94.7465
94.7465
94.7941
94.821
94.878
94.9122
94.9535
95.0666
95.1142
95.1421
95.2244
95.2369
95.2408
95.2939
95.3123
95.4438
95.4448
95.4448
95.4567
95.5192
95.5192
95.5256
95.5351
95.5396
95.557
95.5753
95.5763
95.5777
95.619
95.6721
95.7455
95.7465
95.7649
95.7842
95.8036
95.8393
95.8413
95.8443
95.8536
95.9187
96.0666
96.1336
96.1421
96.1808
96.215
96.2378
96.2458
96.2939
96.3376
96.3822
96.4875
96.4999
96.5009
96.5579
96.5649
96.5753
96.5773
96.5947
96.7455
96.8403
96.8597
97.0319
97.0473
97.0745
97.1376
97.1411
97.1604
97.2314
97.2929
97.3297
97.3351
97.4254
97.4577
97.4622
97.4999
97.5822
97.7207
97.7902
97.8413
97.9837
97.9877
98.0051
98.0096
98.1043
98.1827
98.214
98.2542
98.2756
98.3674
98.4061
98.4488
98.4691
98.5019
98.5554
98.556
98.5579
98.5743
98.615
98.62
98.6691
98.6875
98.7068
98.7252
98.8473
98.8492
98.9138
98.9718
99.0651
99.0666
99.2185
99.3559
99.4343
99.4602
99.4612
99.4845
99.556
99.613
99.6512
99.6875
99.7629
99.7649
99.7996
99.8036
99.821
99.8403
99.883
99.887
99.9128
99.9326
100.0076
100.0269
100.0592
100.083
100.083
100.083
100.1018
100.1897
100.2165
100.2323
100.2815
100.3684
100.4418
100.4418
100.4418
100.4468
100.4488
100.4795
100.4989
100.5163
100.556
100.5966
100.7078
100.7659
100.8374
100.9128
100.9138
100.9331
100.9505
100.9708
101.0259
101.0443
101.0637
101.1604
101.2716
101.274
101.291
101.3172
101.4249
101.4785
101.4815
101.4839
101.4979
101.4979
101.612
101.6304
101.6488
101.6498
101.8761
101.9128
101.9237
102.0368
102.0627
102.1014
102.147
102.1575
102.2522
102.2919
102.2959
102.347
102.349
102.4408
102.4592
102.4602
102.5753
102.5917
102.6478
102.6587
102.6984
102.7187
102.7232
102.8016
102.8145
102.82
102.8374
102.8547
102.9495
102.9902
103.0096
103.025
103.0637
103.1043
103.1778
103.2145
103.2165
103.3287
103.3579
103.3773
103.3848
103.4006
103.4031
103.4776
103.5163
103.5291
103.5336
103.6046
103.6101
103.6507
103.6875
103.6875
103.7187
103.7232
103.7803
103.8364
103.8557
103.8934
103.9118
103.9892
103.9956
104.0259
104.082
104.1188
104.1197
104.2329
104.2359
104.3073
104.3703
104.4795
104.4904
104.5356
104.6111
104.612
104.6468
104.7023
104.7292
104.7341
104.817
104.8374
104.9872
105.0418
105.0617
105.088
105.1733
105.1748
105.3277
105.349
105.352
105.3644
105.4021
105.4766
105.4776
105.4949
105.5897
105.5907
105.6468
105.6646
105.6845
105.9108
106.023
106.0473
106.2116
106.3083
106.4448
106.4572
106.4766
106.5887
106.6845
106.7406
106.7416
107.0542
107.0994
107.1123
107.1178
107.2884
107.2904
107.5133
107.5133
107.6101
107.617
107.7406
107.7624
107.7783
107.8532
107.8964
107.947
107.9659
107.9853
107.9877
108.0532
108.084
108.1103
108.1351
108.1738
108.1768
108.2106
108.2116
108.2706
108.3441
108.3818
108.4001
108.4756
108.5485
108.6255
108.6284
108.685
108.7202
108.7957
108.8785
108.886
108.9053
108.9148
109.0333
109.0617
109.0974
109.1202
109.1361
109.2428
109.2676
109.3063
109.3247
109.3336
109.3346
109.3614
109.3812
109.4562
109.5326
109.5694
109.6264
109.7019
109.7396
109.7406
109.7967
109.9286
109.9485
109.9644
109.9862
110.022
110.0413
110.0433
110.0597
110.0726
110.2477
110.2483
110.3421
110.3549
110.4949
110.4959
110.5133
110.5877
110.6363
110.6825
110.7242
110.7376
110.9371
110.9485
110.9545
111.0607
111.0974
111.1158
111.1202
111.2309
111.2329
111.2582
111.288
111.3877
111.4353
111.4359
111.5674
111.6255
111.6642
112.0026
112.0791
112.0791
112.0984
112.1729
112.2021
112.3624
112.3713
112.4175
112.4552
112.5877
112.6438
112.6448
112.6622
112.757
112.7957
112.8518
112.9078
112.9525
112.9778
113.02
113.0398
113.0954
113.1148
113.1158
113.1182
113.1247
113.1962
113.2463
113.4235
113.4582
113.5684
113.5868
113.6478
113.7445
113.8121
113.8304
113.8547
113.8895
113.9069
114.0026
114.0026
114.0771
114.084
114.1332
114.1411
114.1575
114.1729
114.1892
114.2592
114.2969
114.3411
114.3605
114.3605
114.3788
114.4006
114.4726
114.5173
114.5376
114.5858
114.6051
114.6091
114.617
114.6979
114.7833
114.82
114.8498
115.0299
115.1515
115.2001
115.2011
115.2388
115.2686
115.3093
115.3411
115.4726
115.5307
115.6081
115.6974
115.7183
115.7609
115.7734
115.8364
115.9639
116.0006
116.1138
116.1322
116.227
116.2562
116.287
116.3778
116.3778
116.5103
116.5471
116.7803
117.0637
117.0935
117.1332
117.1505
117.1689
117.226
117.2453
117.2493
117.3014
117.3024
117.3401
117.4592
117.4756
117.5083
117.6409
117.6622
117.7212
117.7366
117.7371
117.7649
117.8354
117.9981
118.0944
118.1302
118.1693
118.282
118.3972
118.4195
118.5113
118.5118
118.5336
118.5848
118.6989
118.6989
118.7153
118.7396
118.7445
118.8294
118.8294
118.8294
118.8845
118.8845
118.9059
119.0354
119.0557
119.0557
119.1495
119.1515
119.1689
119.224
119.225
119.3004
119.3758
119.4513
119.6399
119.6399
119.6582
119.6979
119.6979
119.7758
120.0364
120.0547
120.1302
120.1495
120.2433
120.2801
120.3198
120.5133
120.7153
120.7485
120.7724
120.823
120.8284
120.8294
120.96
120.9793
121.0354
121.1525
121.283
121.3768
121.4116
121.4503
121.6334
121.6403
121.756
121.8488
122.0538
122.0721
122.1341
122.2428
122.2607
122.3555
122.4493
122.4622
122.7068
122.7337
122.7704
122.8091
122.8284
122.8934
122.9128
122.9614
123.0528
123.0944
123.284
123.3555
123.4949
123.5247
123.6304
123.6766
123.751
123.7897
123.8448
123.8468
123.9019
123.96
124.0036
124.1486
124.1669
124.2027
124.2473
124.2607
124.29
124.3361
124.3729
124.3932
124.5808
124.6002
124.7048
124.7327
125.0319
125.081
125.1306
125.1892
125.3342
125.3684
125.491
125.5441
125.6766
125.7887
125.7937
125.8091
125.8547
125.9252
126.0701
126.0771
126.224
126.3912
126.4136
126.4483
126.489
126.5044
126.5301
126.5396
126.6036
126.6582
126.7724
126.8255
126.9485
126.957
127.0716
127.2017
127.4106
127.428
127.4667
127.5605
127.6175
127.9386
128.0131
128.4756
128.8061
128.8612
128.8826
128.9203
129.0314
129.1436
129.1639
129.1758
129.2404
129.2453
129.4438
129.4657
129.486
129.5034
129.692
129.7317
129.7704
130.0364
130.1237
130.1545
130.426
130.4463
130.483
130.6517
130.8041
130.8979
130.9173
131.0701
131.2771
131.2964
131.3555
131.7664
131.7858
131.8245
132.0007
132.0111
132.0488
132.1669
132.2349
132.2423
132.3322
132.3758
132.5391
132.6245
132.6543
132.9357
132.9357
132.956
133.0682
133.2135
133.429
133.5381
133.6438
133.6711
133.7584
133.953
134.0478
134.0672
134.1197
134.4686
134.7654
134.9222
135.1059
135.1604
135.2354
135.4444
135.5942
135.689
135.7094
135.7734
135.9143
136.0285
136.0478
136.1029
136.1302
136.2548
136.2781
136.3863
136.5381
136.7094
136.9153
137.0662
137.0855
137.1505
137.2161
137.3109
137.3109
137.3312
137.3476
137.8002
137.8672
137.9327
138.0081
138.1049
138.2538
138.5972
138.8438
138.896
138.9302
138.9898
139.0295
139.08
139.16
139.2076
139.4811
139.8379
139.9341
139.9888
139.9957
140.2161
140.8002
140.8691
140.953
140.961
141.0061
141.0622
141.1396
141.1957
141.2141
141.2151
141.2905
141.3292
141.7238
142.4037
142.5074
143.0806
143.1009
143.3456
143.6086
143.7615
143.8736
143.8776
143.9317
143.9858
144.1823
144.365
144.4955
144.7654
144.8533
144.9104
145.2111
145.365
145.3912
145.3997
145.424
145.6096
145.629
145.7034
146.1367
146.1734
146.3768
146.3972
146.6399
146.7238
146.9649
147.1823
147.1927
147.1937
147.2334
147.4424
147.626
147.6726
147.7779
147.8146
148.2498
148.3987
148.6389
148.7198
148.7759
148.8379
148.892
148.9114
148.9312
149.0052
149.024
149.099
149.3113
149.4588
149.5506
149.6051
149.8717
149.9268
150.0052
150.2488
150.2856
150.4578
150.8156
150.9471
151.3803
151.3977
151.5858
151.6444
151.6825
151.9074
151.9232
152.0121
152.1143
152.16
152.2518
152.2825
152.4364
152.4732
152.5198
152.5292
152.6126
152.6667
152.8835
153.095
153.1322
153.155
153.5034
153.8121
153.8602
154.1694
154.36
154.5292
155.0196
155.4374
155.5466
155.7168
156.1714
156.2905
156.4548
156.5089
156.5853
156.9908
157.093
157.1331
157.2255
157.2751
157.2806
157.3183
157.5932
157.9809
158.0543
158.6608
159.299
159.3823
159.4121
159.4131
159.676
160.0215
160.0533
160.4309
160.6017
160.6786
160.7645
160.8051
160.9585
161.1491
161.6007
161.6245
161.6588
161.7516
162.2429
162.2875
162.3397
162.347
162.4672
162.6384
162.8051
162.8861
162.9025
163.2593
163.4295
163.6201
164.1838
164.5476
164.7863
164.8176
165.3377
165.4742
165.9759
166.3456
166.5873
166.6181
166.7158
166.768
167.2216
167.2508
167.5679
167.6017
167.6955
167.9025
167.9749
168.3997
168.6076
168.688
168.7486
169.0504
169.0881
169.4111
169.7853
170.1813
170.767
170.8975
171.0146
171.2429
171.561
171.7466
171.8017
172.1248
172.1992
172.2186
173.4439
174.0667
175.0746
175.1451
175.1799
175.6682
175.9536
177.1595
177.5183
177.769
177.7913
177.955
178.1307
178.1665
178.2146
178.2374
178.3317
178.5734
178.764
178.9729
179.1258
179.1426
179.7441
179.8537
180.6672
180.7516
180.8375
181.0628
181.3724
182.1799
182.497
182.5164
183.2002
183.2707
183.5178
183.9749
184.3004
184.4518
184.6469
184.705
184.8722
185.1749
185.3089
186.5446
186.5516
186.6643
186.7581
186.9467
187.0221
187.0414
188.1362
188.2861
188.3789
188.5481
189.0077
189.1684
189.2087
190.0424
190.3983
190.8146
191.3888
191.8831
191.9169
192.0116
192.907
193.091
193.2012
193.5675
194.3402
194.5839
194.6285
195.2628
195.3769
196.2464
196.3005
197.4707
197.6623
198.0375
198.3769
198.5997
198.701
199.2891
199.5675
199.6633
199.6906
200.029
200.3784
201.6201
201.701
201.9223
202.2047
202.431
203.1487
203.3491
204.7545
204.8459
205.293
206.1253
206.7685
208.3248
208.8598
209.1159
209.9709
210.701
210.8613
211.433
211.7541
211.9938
212.0703
212.3516
212.4251
212.7322
212.9338
212.9368
213.1923
213.4504
214.0653
214.7561
214.9144
215.1109
215.1804
215.4251
215.8916
216.9695
216.9879
217.5953
217.7462
218.1025
218.2985
218.7809
219.1546
219.4966
219.5159
219.7829
220.0817
220.5144
220.7735
221.0221
221.0355
222.4534
222.5353
223.4905
223.5139
224.8092
225.0613
225.4752
225.5327
225.5789
225.9839
226.04
226.4549
227.6147
228.3795
229.9829
230.0748
231.0748
231.1328
231.5491
234.2355
235.0648
235.1135
236.0043
237.1308
237.8842
238.6206
238.7333
239.303
239.5641
243.0872
243.4112
244.2574
244.4083
244.5398
244.6008
245.9407
246.2767
246.8256
247.6539
247.7249
248.6549
249.2207
249.8425
250.0291
250.9616
251.4073
253.9259
254.0023
255.9432
256.8623
258.2544
258.3076
258.6668
258.8345
258.8926
258.9035
259.2296
261.5392
262.2852
264.4519
264.9516
268.0222
269.378
269.8613
270.0192
270.1606
273.1244
274.6142
278.0956
279.0559
279.2137
281.1517
281.1552
282.839
285.0266
287.842
288.9612
292.3691
306.9309
311.5284
315.4396
317.3215
320.3339
328.8069
330.8604
332.8505
354.3945
355.1846
357.0585
357.9706
393.3157
408.4422
435.0745
449.5191
462.6675
530.5734
548.9005
557.8398
583.2314
698.3339
