3.0
3.0
3.0
3.0
3.0
3.0
3.0
3.0
3.0
3.0
3.0
3.0
3.0
3.0
3.0
3.0
3.0
3.0
3.0
3.0
3.0
3.0
3.0
3.0
3.0
3.0
3.0
3.0
3.0
3.0
3.0
3.0
3.0
3.0
3.0
3.0
3.0
3.0
3.0
4.0
4.0
4.0
4.0
4.0
4.0
4.0
4.0
4.0
4.0
4.0
4.0
4.0
4.0
4.5328
4.5328
4.6839
4.6839
4.6839
5.0
5.0
5.0
5.0
5.0
5.0
5.0
5.0
5.0
5.0
5.0
5.0
5.0
5.0
5.0
5.0
5.0
5.1371
5.2882
5.3817
5.5328
5.5904
5.5904
5.6839
5.7415
5.835
5.835
6.0
6.0
6.0
6.0
6.0
6.0
6.0
6.1371
6.1371
6.1948
6.2882
6.2882
6.2882
6.2882
6.3459
6.3817
6.497
6.5904
6.5904
6.6481
6.835
6.8926
6.8926
6.8926
7.0
7.1371
7.1371
7.3459
7.3459
7.3817
7.3817
7.5904
7.5904
7.5904
7.7415
7.7415
7.9503
7.9503
7.9503
7.9503
7.9861
7.9861
8.0
8.0437
8.0437
8.1371
8.1948
8.2882
8.2882
8.3459
8.4035
8.4393
8.4393
8.5546
8.6481
8.6481
8.6839
8.7057
8.7634
8.7992
8.7992
8.7992
8.835
8.8926
8.8926
8.9145
9.0
9.0
9.0079
9.0437
9.0437
9.159
9.1948
9.2524
9.4612
9.5188
9.5188
9.5546
9.5546
9.5904
9.5904
9.6839
9.7415
9.7634
9.9503
9.9721
9.9861
9.9861
10.1232
10.159
10.2524
10.2882
10.3459
10.3677
10.3817
10.4035
10.4254
10.5188
10.5188
10.5328
10.5546
10.5546
10.7057
10.7415
10.821
10.821
10.8568
10.9145
10.9145
10.9503
10.9721
10.9861
11.0
11.0297
11.1371
11.159
11.1948
11.2166
11.2743
11.2882
11.3319
11.3677
11.5188
11.5188
11.5188
11.5546
11.5765
11.5765
11.6123
11.6481
11.6839
11.6839
11.7276
11.7276
11.7634
11.7634
11.835
12.0297
12.0874
12.1371
12.1948
12.2385
12.2524
12.2524
12.2743
12.3896
12.4035
12.4254
12.4254
12.483
12.5765
12.7057
12.7852
12.8429
12.8429
12.9363
12.9363
12.9363
12.9861
13.0437
13.1232
13.1808
13.4472
13.4612
13.4612
13.4612
13.483
13.5904
13.6481
13.6839
13.6918
13.7057
13.7276
13.7494
13.7494
13.7852
13.7852
13.8926
13.9363
13.9721
14.0437
14.1232
14.2027
14.2027
14.2385
14.3459
14.4254
14.4254
14.5904
14.5983
14.6699
14.7494
14.8071
14.9005
14.9005
14.9721
14.994
15.0516
15.0516
15.1092
15.1371
15.145
15.2961
15.3896
15.4254
15.483
15.5049
15.6699
15.8071
15.9005
15.9363
15.9582
15.9861
15.994
15.994
16.0158
16.0158
16.0158
16.0655
16.1808
16.4472
16.5407
16.5983
16.7713
16.8071
16.994
17.0297
17.0734
17.1808
17.2245
17.2603
17.2961
17.3319
17.5625
17.6202
17.7494
17.8647
17.9005
17.9005
17.9363
17.9582
17.9582
18.0297
18.0734
18.1371
18.1669
18.2027
18.2027
18.2166
18.2245
18.2245
18.318
18.3756
18.3756
18.4114
18.4393
18.5407
18.5765
18.5844
18.8787
19.0158
19.0516
19.1092
19.145
19.1808
19.2245
19.2385
19.4691
19.4691
19.4909
19.5407
19.5625
19.5625
19.5844
19.7136
19.7276
19.7355
19.7355
19.7713
19.8787
19.8866
19.8866
20.0376
20.0953
20.1887
20.2027
20.2245
20.2822
20.318
20.3398
20.3896
20.4114
20.5267
20.5844
20.5844
20.5983
20.656
20.656
20.7713
20.7713
20.8508
20.8508
20.8647
20.9005
20.98
20.98
21.0019
21.1887
21.2027
21.2464
21.2603
21.2961
21.3975
21.3975
21.4909
21.642
21.642
21.656
21.7355
21.7852
21.9442
21.9582
21.994
21.994
22.0595
22.1529
22.2245
22.5844
22.6062
22.7355
22.9661
23.0019
23.0376
23.0595
23.1092
23.1171
23.1311
23.3617
23.7215
23.7573
23.7713
23.8289
23.9084
23.9661
24.0019
24.0019
24.1529
24.1669
24.3398
24.3398
24.4193
24.5267
24.5704
24.6281
25.0019
25.0595
25.0813
25.1092
25.1171
25.1887
25.2106
25.2106
25.2822
25.304
25.3835
25.4193
25.4333
25.4551
25.4551
25.5128
25.5128
25.5128
25.5486
25.5625
25.6062
25.6202
25.6281
25.6857
25.6857
25.6997
25.7494
25.7713
25.7792
25.815
25.9303
26.0237
26.0953
26.1529
26.2106
26.304
26.3259
26.3835
26.5704
26.7434
26.8368
26.98
27.1171
27.1311
27.1529
27.2901
27.2901
27.477
27.477
27.4988
27.5128
27.5704
27.6499
27.6997
27.7434
27.9303
27.9879
28.0595
28.0813
28.1032
28.1887
28.2822
28.3477
28.4054
28.4054
28.4193
28.5923
28.5923
28.6499
28.6857
28.7434
28.7434
28.7792
28.8368
28.8587
28.8945
28.9303
28.9661
29.0376
29.0813
29.0953
29.1092
29.2543
29.2682
29.304
29.3119
29.4412
29.477
29.477
29.4988
29.6499
29.7215
29.7792
29.801
29.9521
30.1171
30.1748
30.2185
30.2543
30.2901
30.3477
30.463
30.6141
30.6718
30.7652
31.0674
31.1032
31.2464
31.2543
31.3259
31.3617
31.3835
31.5346
31.5704
31.5923
31.6718
31.7434
31.8229
31.8805
32.1827
32.1827
32.3696
32.3835
32.5844
32.8229
32.8368
32.8726
32.8945
32.9382
33.139
33.1827
33.2403
33.3914
33.4054
33.4054
33.4849
33.4988
33.6718
33.7652
33.8229
33.8229
33.8587
33.8726
33.9303
34.1469
34.1827
34.3119
34.4272
34.477
34.4849
34.4988
34.6002
34.6002
34.6002
34.6718
34.6936
34.7294
34.7294
34.7871
34.8587
34.9024
35.0098
35.0535
35.2324
35.3338
35.3477
35.3477
35.3835
35.7513
35.7652
35.7871
35.8089
35.8229
35.8805
35.9382
36.2761
36.298
36.3914
36.6141
36.7155
36.7513
36.96
37.0892
37.1608
37.2403
37.4272
37.463
37.5067
37.6002
37.6141
37.7294
37.7652
37.96
37.974
38.0316
38.0316
38.0535
38.0892
38.1608
38.2403
38.3914
38.5067
38.5783
38.6936
38.7731
38.8368
38.8666
38.9958
39.0177
39.0535
39.2622
39.2622
39.4272
39.8229
39.9242
40.0177
40.1329
40.1687
40.3556
40.3696
40.7155
40.7871
40.8884
40.9382
41.0535
41.1329
41.1906
41.1966
41.2403
41.2761
41.284
41.298
41.3993
41.4351
41.4351
41.5644
41.5862
41.6439
41.6797
41.6936
41.7652
41.8526
41.8666
41.9382
42.0098
42.0535
42.1548
42.4133
42.457
42.5862
42.6081
42.7015
42.8666
43.0177
43.0535
43.0892
43.1329
43.1548
43.1687
43.3775
43.4351
43.457
43.4928
43.7155
43.9024
43.9242
43.9242
44.0177
44.0614
44.1548
44.2124
44.2701
44.3198
44.4928
44.5504
44.5644
44.5862
44.6081
44.622
44.7234
44.7731
44.9679
44.9679
45.0535
45.2482
45.284
45.3417
45.4133
45.4212
45.4788
45.6439
45.6936
45.7234
45.7731
45.8168
46.0753
46.1111
46.119
46.2124
46.2482
46.284
46.3556
46.622
46.6657
46.795
46.8745
46.8884
46.9103
46.9679
47.1408
47.1906
47.4212
47.6081
47.7592
47.8884
47.8963
47.9898
48.119
48.119
48.1408
48.3496
48.4351
48.5007
48.5723
48.5862
48.7155
48.9819
49.1548
49.1687
49.3277
49.3417
49.5146
49.5583
49.6081
49.6876
49.7592
49.8029
49.8387
50.0474
50.1766
50.4788
50.7373
50.7671
51.2264
51.3496
51.3854
51.457
51.5225
51.7452
51.7592
51.7592
51.781
51.8247
52.0474
52.1408
52.278
52.278
52.3138
52.4291
52.443
52.4649
52.5583
52.5802
52.5941
52.616
52.6518
52.8029
52.9182
52.9321
53.0335
53.1269
53.2343
53.4867
53.5225
53.6378
53.6736
53.7234
53.7234
53.7671
53.7671
53.781
53.8605
53.9758
54.0693
54.0693
54.1985
54.2422
54.3138
54.3356
54.3714
54.443
54.5941
54.7889
54.8884
54.9758
55.0335
55.0474
55.0693
55.1766
55.3496
55.3714
55.3714
55.4291
55.4291
55.6736
55.6955
55.6955
55.7313
55.7452
55.8824
55.9042
55.9758
56.0116
56.0335
56.1408
56.3356
56.4649
56.5583
56.8029
56.8247
56.8247
56.8466
56.8466
56.8745
56.9619
57.0553
57.105
57.105
57.1269
57.1845
57.264
57.602
57.7173
57.7173
57.8684
57.9321
57.9977
58.1487
58.1627
58.2422
58.2561
58.3496
58.4867
58.5365
58.8108
58.94
59.0195
59.0553
59.2064
59.2203
59.264
59.3217
59.5086
59.616
59.6239
59.8247
60.0693
60.1348
60.2859
60.2859
60.437
60.4649
60.5802
60.6518
60.7392
60.8108
60.8466
60.8903
60.9619
61.1348
61.1924
61.4291
61.437
61.6239
61.6239
61.7173
62.0195
62.0195
62.0414
62.0693
62.2064
62.437
62.6378
62.6457
62.8466
62.8545
62.9042
63.0414
63.0772
63.4012
63.437
63.4946
63.5086
63.5304
63.5304
63.6099
63.6378
63.6597
63.7034
63.7034
63.761
63.775
63.7889
63.8545
63.9042
63.9479
64.0771
64.1566
64.2282
64.3654
64.4012
64.4509
64.4588
65.0632
65.264
65.3793
65.4588
65.5165
65.5662
65.5881
65.6239
65.6518
65.7252
65.7968
65.7968
66.1924
66.437
66.437
66.5741
66.6676
66.8903
67.1566
67.1785
67.2501
67.3077
67.3435
67.3575
67.4012
67.4807
67.5383
67.6457
67.8187
67.8405
67.8545
67.9479
67.9619
67.9916
68.5383
68.5741
68.8108
68.8545
68.8545
69.0771
69.1785
69.2938
69.4291
69.6457
69.6894
69.7829
69.8047
69.9916
69.9916
70.0274
70.0493
70.1069
70.1427
70.3514
70.3514
70.4091
70.5025
70.5025
70.5602
70.7471
70.9916
71.0135
71.0771
71.0851
71.1566
71.2938
71.5602
71.6894
71.7689
71.8047
72.0851
72.2938
72.4091
72.5602
72.8266
72.9916
73.258
73.423
73.4309
73.4807
73.5244
73.6318
73.6536
73.6536
73.6755
73.7331
73.7829
73.8763
73.934
74.0353
74.3296
74.4449
74.4886
74.6536
74.8187
74.8982
75.1069
75.2222
75.244
75.2798
75.3951
75.8842
75.9995
76.0851
76.1506
76.2003
76.3375
76.4309
76.4449
76.4528
76.7908
77.0632
77.3017
77.3951
77.5104
77.8266
77.92
77.9558
78.1148
78.2659
78.3593
78.4091
78.5681
78.582
78.6318
78.7192
78.9061
78.9061
79.0929
79.1288
79.1864
79.2222
79.3951
79.5681
79.6676
79.7192
80.0214
80.1724
80.2301
80.3235
80.3593
80.6834
81.0135
81.417
81.4886
81.6536
81.9777
81.9856
82.0432
82.2798
82.4388
82.4746
82.5681
82.6476
83.0353
83.244
83.3375
83.3454
83.403
83.5541
83.8345
83.8921
83.8921
84.079
84.914
84.914
85.3096
86.2798
86.4607
86.8563
86.9498
86.9716
87.7987
88.0869
88.1009
88.238
88.8205
88.914
89.0869
89.4467
89.6397
90.0651
90.2956
90.3454
90.3533
90.5978
90.6555
90.9
91.0511
91.1088
91.2956
91.2956
91.3314
91.4825
91.562
92.8424
92.914
93.0511
93.4686
93.5262
93.6773
93.7271
93.8284
94.2161
94.224
94.238
94.2519
94.4328
94.7708
94.9219
94.9358
95.0153
95.224
95.2738
95.4904
95.9795
96.2459
96.2817
96.397
96.7926
96.8066
96.8921
97.0014
97.0372
98.224
98.7489
98.9656
99.059
100.1167
100.2022
100.5699
100.576
100.6992
100.8284
100.9
101.0809
103.9516
104.5918
104.5978
105.8363
106.9795
107.7289
107.7647
108.9377
109.0311
109.0809
109.9298
111.2538
111.5997
111.8084
111.9377
112.1167
113.0372
114.3472
114.5202
114.9814
115.2835
117.4486
118.5062
118.9595
119.0032
120.0032
121.3412
121.4565
123.6652
123.9893
124.0032
124.9814
125.5857
126.2556
126.7508
127.8242
128.8242
129.4207
131.8461
137.2635
138.9037
143.516
144.1422
145.6531
153.5518
157.7763
167.7842
173.641
237.7819
238.8553
259.5192
283.0896
