3.0
3.0
3.0
3.0
3.0
3.0
3.0
3.0
3.0
3.0
3.0
3.0
3.0
3.0
3.0
3.0
3.0
3.0
3.0
3.0
3.0
3.0
3.0
3.0
3.0
3.0
3.0
3.0
3.0
3.0
3.0
3.0
3.0
3.0
3.0
3.0
3.0
3.0
3.0
3.0
3.0
3.0
3.0
3.0
3.0
3.0
3.0
3.0
3.0
3.0
3.0
3.0
3.0
3.0
3.0
4.0
4.0
4.0
4.0
4.0
4.0
4.0
4.0
4.0
4.0
4.0
4.0
4.0
4.0
4.0
4.0
4.0
4.0
4.0
4.0
4.0
4.0
4.0
4.0
4.3817
4.5328
4.5328
4.5328
4.6839
4.6839
4.6839
4.835
4.835
4.835
4.9861
4.9861
5.0
5.0
5.0
5.0
5.0
5.0
5.0
5.0
5.1371
5.1371
5.1371
5.1371
5.1371
5.2882
5.2882
5.2882
5.2882
5.2882
5.3817
5.3817
5.3817
5.3817
5.4393
5.4393
5.5328
5.5328
5.5328
5.5904
5.5904
5.6839
5.6839
5.6839
5.6839
5.6839
5.7415
5.7415
5.7415
5.7415
5.835
5.835
5.835
5.835
5.8926
5.8926
5.8926
5.9861
6.0
6.0
6.0437
6.0437
6.0437
6.0437
6.1371
6.1948
6.1948
6.1948
6.1948
6.1948
6.2882
6.2882
6.2882
6.2882
6.2882
6.3459
6.3459
6.3459
6.3459
6.3459
6.3817
6.4393
6.4393
6.497
6.497
6.497
6.497
6.497
6.5904
6.5904
6.6481
6.6481
6.6839
6.6839
6.6839
6.6839
6.7415
6.7992
6.7992
6.7992
6.7992
6.835
6.9503
7.0
7.0
7.0
7.0
7.0
7.0
7.0
7.0437
7.0437
7.0437
7.0437
7.0437
7.1013
7.1013
7.1371
7.1371
7.1948
7.2524
7.2524
7.4035
7.4035
7.4035
7.4393
7.497
7.497
7.497
7.497
7.5328
7.5546
7.5904
7.5904
7.5904
7.5904
7.6481
7.6481
7.6481
7.6839
7.7057
7.7057
7.7415
7.7992
7.835
7.8568
7.8568
7.8568
7.8568
7.8568
7.8926
7.8926
7.8926
7.9503
7.9861
8.0
8.0
8.0
8.0
8.0079
8.0079
8.0079
8.0079
8.0437
8.1013
8.1013
8.1013
8.1371
8.159
8.159
8.159
8.159
8.159
8.159
8.2524
8.2524
8.2524
8.2524
8.2882
8.3101
8.3101
8.3101
8.3101
8.4035
8.4035
8.4393
8.4612
8.4612
8.4612
8.5328
8.5546
8.5546
8.5546
8.6123
8.6123
8.6839
8.6839
8.7057
8.7415
8.7415
8.7634
8.7634
8.8568
8.8568
8.8926
8.9145
8.9145
8.9145
8.9145
8.9503
8.9503
9.0
9.0
9.0079
9.0079
9.0079
9.0655
9.1013
9.1013
9.1013
9.1371
9.2166
9.2524
9.2524
9.3459
9.3817
9.4393
9.4612
9.4612
9.5188
9.5546
9.5904
9.5904
9.6123
9.6123
9.6123
9.6123
9.6481
9.6699
9.6699
9.7057
9.7634
9.7634
9.7992
9.7992
9.821
9.821
9.8568
9.8568
9.8926
9.9503
9.9721
9.9721
9.9721
9.9721
10.0
10.0079
10.1232
10.1371
10.2166
10.2166
10.2166
10.2743
10.4035
10.4254
10.5188
10.5188
10.5328
10.5765
10.5765
10.6699
10.7057
10.7057
10.7276
10.7276
10.7634
10.7634
10.821
10.8568
10.8787
10.8787
10.8787
10.9503
10.9721
11.0079
11.1232
11.1232
11.1232
11.1371
11.159
11.2524
11.2743
11.3101
11.3319
11.3319
11.3459
11.3817
11.4254
11.483
11.483
11.483
11.5188
11.5328
11.5904
11.6341
11.6341
11.6341
11.6839
11.7057
11.7276
11.7276
11.7276
11.7415
11.7852
11.7852
11.7852
11.7852
11.835
11.8787
11.9145
11.9363
11.9363
11.9363
11.9363
11.9363
11.9363
12.0655
12.0655
12.0874
12.1948
12.1948
12.2385
12.2882
12.3459
12.3677
12.3896
12.3896
12.4035
12.497
12.497
12.5407
12.5407
12.5407
12.5407
12.5407
12.5407
12.5407
12.5407
12.5765
12.5765
12.6341
12.6341
12.6918
12.7852
12.8429
12.8429
12.8787
12.8787
12.8787
12.9363
12.9363
12.9363
12.994
12.994
13.145
13.145
13.145
13.1808
13.2385
13.2524
13.3319
13.3319
13.4254
13.4393
13.5983
13.5983
13.5983
13.5983
13.6123
13.6918
13.6918
13.7276
13.7276
13.7494
13.7494
13.7494
13.8787
13.8787
13.8787
13.8787
13.8787
13.9005
13.9005
13.994
13.994
13.994
14.0516
14.0516
14.0516
14.0516
14.0874
14.145
14.145
14.145
14.159
14.2027
14.2027
14.2385
14.2961
14.2961
14.3896
14.4254
14.5765
14.6123
14.6123
14.656
14.656
14.6918
14.6918
14.7276
14.7494
14.8071
14.8071
14.8071
14.821
14.8429
14.8787
14.9005
14.9005
14.9145
14.9582
14.9582
14.9582
14.994
15.0516
15.0516
15.1092
15.1092
15.1092
15.1092
15.1092
15.145
15.145
15.159
15.1948
15.2027
15.2027
15.2961
15.4114
15.4114
15.4472
15.5049
15.5407
15.5625
15.5625
15.5625
15.5625
15.5765
15.5983
15.5983
15.6123
15.656
15.656
15.656
15.6918
15.6918
15.7136
15.7852
15.7852
15.8429
15.8429
15.8647
15.8647
15.8647
15.8647
15.8787
15.994
15.994
16.0158
16.0297
16.1232
16.145
16.2603
16.2603
16.2743
16.2961
16.318
16.318
16.3538
16.3896
16.4114
16.4114
16.4114
16.4472
16.4691
16.4691
16.4691
16.5407
16.5625
16.6202
16.6202
16.6202
16.6202
16.7136
16.7494
16.7713
16.7713
16.7713
16.7852
16.8429
16.9224
16.9363
17.0158
17.0734
17.0734
17.0734
17.1669
17.2027
17.2166
17.2245
17.2245
17.2245
17.2245
17.2245
17.318
17.3319
17.3319
17.3756
17.4254
17.4691
17.6202
17.656
17.6778
17.6778
17.8289
17.8647
17.8787
17.9224
17.98
18.0734
18.0734
18.1092
18.1232
18.1311
18.1311
18.1311
18.1311
18.2027
18.2245
18.2603
18.2822
18.2822
18.2822
18.2822
18.4333
18.4472
18.5625
18.5844
18.6918
18.7355
18.7852
18.8071
18.8866
18.9582
19.0158
19.0376
19.0376
19.0376
19.0376
19.0516
19.0734
19.1808
19.1887
19.1887
19.1887
19.2166
19.2822
19.318
19.318
19.3398
19.3398
19.3398
19.3756
19.3896
19.4333
19.4691
19.4691
19.4909
19.4909
19.5844
19.5844
19.642
19.642
19.642
19.656
19.6778
19.7355
19.7713
19.7713
19.7931
19.7931
19.8071
19.8289
19.8866
19.9224
19.9224
19.98
20.0158
20.0874
20.0953
20.1092
20.2464
20.2464
20.2822
20.3398
20.3975
20.3975
20.3975
20.4333
20.4691
20.4909
20.5486
20.5486
20.5486
20.5844
20.642
20.656
20.6997
20.6997
20.6997
20.6997
20.6997
20.7931
20.8508
20.8508
20.8508
20.8508
20.8508
20.9224
20.9442
20.9582
21.0019
21.0019
21.1092
21.1092
21.145
21.1529
21.1529
21.1529
21.1529
21.1529
21.1529
21.1669
21.1669
21.1887
21.1887
21.2027
21.2245
21.2385
21.2822
21.2961
21.304
21.304
21.3756
21.4333
21.4551
21.4551
21.5267
21.5267
21.5486
21.5486
21.6062
21.6062
21.6202
21.6778
21.6997
21.7573
21.7573
21.7573
21.7573
21.7931
21.8289
21.8508
21.9084
21.9084
21.9084
21.9084
21.9442
22.0376
22.0595
22.0595
22.1887
22.2106
22.2106
22.2245
22.2464
22.3398
22.3538
22.3617
22.3756
22.4551
22.5128
22.6062
22.6202
22.6639
22.6639
22.6639
22.6997
22.6997
22.6997
22.7355
22.815
22.815
22.8289
22.8508
22.8508
22.8508
22.8866
22.9084
22.9084
22.9661
23.0019
23.0595
23.0734
23.0953
23.1171
23.1171
23.1529
23.2106
23.2245
23.2385
23.2682
23.3617
23.3617
23.3756
23.4193
23.4193
23.4193
23.4551
23.4909
23.5128
23.5704
23.5704
23.6778
23.6778
23.7215
23.7215
23.7215
23.7215
23.7931
23.815
23.8289
23.8726
23.8726
23.9661
24.0237
24.0237
24.2682
24.2822
24.304
24.3259
24.3538
24.3617
24.4551
24.477
24.477
24.477
24.5486
24.5704
24.6062
24.6281
24.7215
24.7215
24.7573
24.7792
24.7792
24.7931
24.815
24.9303
25.0595
25.1748
25.2324
25.2324
25.3259
25.3398
25.3538
25.3975
25.3975
25.3975
25.477
25.5346
25.6062
25.6281
25.6281
25.6281
25.6281
25.642
25.6639
25.6639
25.6857
25.6857
25.6857
25.8368
25.8368
25.8726
25.98
25.9879
26.0019
26.0595
26.0813
26.1171
26.139
26.1748
26.2464
26.2901
26.3617
26.3975
26.4412
26.5923
26.5923
26.6062
26.6281
26.642
26.6857
26.6857
26.6857
26.6857
26.7215
26.7434
26.7434
26.7434
26.7434
26.8071
26.8368
26.8368
26.8726
26.8726
26.8945
26.8945
26.8945
26.9084
26.9303
26.9661
27.0019
27.0237
27.0455
27.0455
27.0813
27.1966
27.2027
27.2324
27.2901
27.3477
27.3477
27.4333
27.4412
27.4412
27.477
27.4988
27.5128
27.5704
27.5923
27.6281
27.6499
27.6857
27.7434
27.7573
27.8368
27.8508
27.8726
27.8726
27.8945
27.9084
27.9303
27.9521
27.9521
27.9879
28.0237
28.0813
28.1032
28.1032
28.1529
28.1966
28.2106
28.2543
28.3835
28.4412
28.4988
28.5346
28.5565
28.5565
28.6499
28.6499
28.7076
28.7076
28.8587
28.8587
28.8587
28.9521
28.9521
29.0098
29.0455
29.0953
29.1608
29.1966
29.2682
29.3119
29.4054
29.463
29.4988
29.4988
29.4988
29.5704
29.5923
29.6141
29.6499
29.6499
29.6857
29.6857
29.7076
29.7076
29.7355
29.7792
29.8726
29.9163
29.9163
30.0674
30.1032
30.1171
30.139
30.1887
30.2106
30.2185
30.2185
30.2185
30.2185
30.2185
30.2324
30.3119
30.3696
30.5565
30.5923
30.6718
30.6718
30.7215
30.7652
30.801
30.801
30.8229
30.8726
30.9163
30.9303
30.974
31.0098
31.0595
31.0813
31.1032
31.139
31.1608
31.1608
31.1966
31.2761
31.2901
31.3696
31.3696
31.3835
31.4272
31.5565
31.5783
31.6718
31.7076
31.7294
31.8805
31.8805
31.8805
31.8805
31.8945
31.8945
31.9303
32.0316
32.0316
32.0456
32.0595
32.1608
32.1827
32.1827
32.1827
32.1827
32.2185
32.2543
32.3259
32.3338
32.3338
32.3617
32.4272
32.4849
32.4849
32.4988
32.636
32.636
32.6499
32.6499
32.7652
32.7871
32.801
32.8229
32.9382
32.9382
32.974
32.9879
33.0237
33.0316
33.0456
33.0892
33.1827
33.1827
33.2403
33.2543
33.4054
33.4054
33.5207
33.5923
33.6141
33.6141
33.6499
33.6718
33.6857
33.6936
33.6936
33.7294
33.7294
33.7871
33.8447
33.8447
33.8587
33.8805
33.8805
33.8805
33.9382
33.9879
33.9958
34.0456
34.0674
34.0892
34.1469
34.1748
34.1827
34.2185
34.2403
34.2543
34.2543
34.2761
34.2901
34.298
34.3119
34.3338
34.3338
34.3338
34.4491
34.5425
34.6002
34.6002
34.6002
34.6002
34.6281
34.636
34.7294
34.7434
34.7513
34.8229
34.9024
34.9024
34.9024
34.9024
34.9024
34.9024
34.9382
34.9958
34.9958
35.0316
35.2403
35.3119
35.3338
35.3556
35.3556
35.3556
35.3696
35.3696
35.4491
35.5067
35.5067
35.5067
35.5067
35.5346
35.5425
35.6499
35.6578
35.6578
35.6578
35.6578
35.6936
35.8089
35.8089
35.8089
35.9024
36.0316
36.1032
36.2045
36.2403
36.2622
36.2761
36.3556
36.3556
36.4133
36.5067
36.5207
36.5644
36.636
36.636
36.6578
36.6578
36.6578
36.7155
36.8089
36.8666
36.8666
36.8666
37.0316
37.125
37.1608
37.1687
37.1687
37.1687
37.1687
37.2045
37.298
37.3198
37.3198
37.3198
37.3556
37.3696
37.463
37.5067
37.5644
37.5644
37.7155
37.7155
37.7731
37.7731
37.7731
37.7731
37.7731
37.7731
37.8666
37.9242
37.96
37.96
37.974
37.9958
38.0177
38.0753
38.0753
38.1111
38.1827
38.2264
38.2264
38.2403
38.3198
38.3556
38.3696
38.3775
38.3775
38.3775
38.4054
38.4133
38.4491
38.463
38.5286
38.5286
38.5425
38.5425
38.6002
38.622
38.6578
38.6936
38.7513
38.7871
38.8089
38.8666
38.9242
38.9819
39.0177
39.0316
39.0753
39.1687
39.2761
39.5286
39.5286
39.5425
39.5783
39.5862
39.5862
39.5862
39.5862
39.622
39.622
39.7155
39.7373
39.7373
39.7373
39.7373
39.7731
39.8308
39.8308
39.8884
39.8884
39.9242
39.9819
40.0177
40.0395
40.0892
40.2403
40.2761
40.284
40.3198
40.3417
40.3417
40.3775
40.4272
40.4928
40.4928
40.7731
40.8308
40.8666
40.9461
40.9461
40.9461
40.9461
40.96
41.0395
41.2482
41.2482
41.2482
41.2482
41.284
41.298
41.3417
41.4351
41.4491
41.5504
41.5504
41.5504
41.5504
41.5644
41.6578
41.7155
41.7373
41.7373
41.795
41.8526
41.8526
41.8666
41.9024
41.9242
41.9461
42.0037
42.0037
42.0037
42.0037
42.0535
42.1329
42.1548
42.1548
42.1548
42.1906
42.1906
42.2264
42.2482
42.2482
42.284
42.3059
42.3417
42.4351
42.457
42.5286
42.6002
42.6081
42.6081
42.6081
42.622
42.6718
42.7015
42.7155
42.7592
42.7592
42.7592
42.9103
42.9103
42.9103
42.9461
43.0614
43.0614
43.1329
43.2124
43.2124
43.2264
43.2482
43.3059
43.3059
43.3059
43.3198
43.3635
43.4351
43.4709
43.4709
43.4928
43.6439
43.6439
43.6797
43.8168
43.8168
43.8168
43.8308
43.8308
43.8447
43.8884
43.9679
43.9679
44.119
44.119
44.1548
44.1548
44.1548
44.1906
44.2482
44.2701
44.2701
44.3059
44.3635
44.3635
44.3775
44.4212
44.4351
44.457
44.4928
44.5146
44.5146
44.5425
44.5644
44.5723
44.5723
44.6081
44.6439
44.6657
44.7234
44.7234
44.7234
44.7373
44.7592
44.7731
44.7731
44.8168
44.8168
44.8168
44.8745
44.8745
45.0256
45.0256
45.0256
45.119
45.1766
45.1906
45.3635
45.4212
45.4788
45.4788
45.4788
45.5504
45.6081
45.6081
45.6081
45.6299
45.6299
45.7234
45.781
45.781
45.781
45.781
45.795
45.8666
45.9321
45.9819
46.0256
46.0256
46.0614
46.0832
46.0832
46.0832
46.1687
46.3417
46.3854
46.3854
46.4212
46.4788
46.5723
46.795
46.8168
46.8526
46.9898
46.9898
47.0832
47.1408
47.1408
47.2482
47.2919
47.3059
47.3059
47.3277
47.3277
47.3277
47.3635
47.4928
47.4928
47.4928
47.5941
47.6299
47.7452
47.7592
47.8526
47.9103
47.9321
47.9461
47.9898
48.0256
48.0474
48.1766
48.1985
48.2343
48.2701
48.3277
48.3496
48.3854
48.443
48.457
48.457
48.5007
48.5007
48.5941
48.6299
48.6518
48.6518
48.6657
48.7452
48.8029
48.8387
48.8526
48.954
49.0037
49.0474
49.0832
49.105
49.1766
49.1906
49.1985
49.1985
49.2124
49.2561
49.2561
49.3496
49.5941
49.6518
49.7094
49.7094
49.7094
49.7094
49.7094
49.7452
49.7452
49.8029
49.8168
49.8605
50.0037
50.0116
50.0474
50.0832
50.105
50.1627
50.2561
50.2561
50.3277
50.3993
50.4072
50.6081
50.616
50.6299
50.8029
50.8963
50.9182
50.954
50.9898
51.0116
51.0116
51.0693
51.0832
51.1766
51.2203
51.2203
51.2561
51.3138
51.3714
51.3714
51.4072
51.4649
51.5225
51.5225
51.5225
51.5225
51.5583
51.616
51.6736
51.6736
51.8168
51.8247
51.8605
51.8963
51.9321
52.0116
52.0474
52.1627
52.2203
52.2203
52.2561
52.278
52.4291
52.5225
52.5583
52.5802
52.5941
52.7094
52.7313
52.7671
52.7671
52.8247
52.8824
52.8824
52.9321
52.9758
53.0116
53.0335
53.0335
53.0474
53.0693
53.1269
53.1766
53.1845
53.2343
53.3059
53.3356
53.3356
53.3496
53.4072
53.4291
53.5723
53.5802
53.6378
53.8247
53.8824
53.9182
53.94
53.94
53.94
53.9758
54.0335
54.1269
54.1766
54.2422
54.2422
54.2422
54.278
54.278
54.3933
54.3933
54.4072
54.4291
54.5225
54.5941
54.6736
54.7313
54.7671
54.8466
54.8466
54.8466
54.8466
54.8605
54.9182
54.94
54.9758
54.9977
54.9977
55.0911
55.2422
55.2998
55.2998
55.3714
55.5444
55.602
55.602
55.616
55.616
55.6736
55.6955
55.7531
55.8466
55.8466
55.9042
55.9042
55.9042
55.9042
55.94
56.0335
56.0553
56.0553
56.0693
56.0693
56.1487
56.1627
56.2064
56.2422
56.2561
56.278
56.3575
56.3575
56.4509
56.4509
56.4509
56.5086
56.5086
56.7313
56.8108
56.8824
56.9042
56.9042
56.9042
56.9619
57.0553
57.0911
57.1129
57.1129
57.1845
57.264
57.278
57.3356
57.3575
57.3575
57.3933
57.4151
57.5662
57.5802
57.602
57.6378
57.6597
57.6597
57.6955
57.7094
57.7173
57.7173
57.7452
57.7531
57.8605
57.8684
57.8684
57.8824
57.9619
57.9619
57.9758
57.9977
58.0553
58.0911
58.1487
58.1706
58.1706
58.1706
58.1706
58.2064
58.2422
58.264
58.2998
58.3217
58.3217
58.4151
58.4728
58.4867
58.5225
58.5444
58.5662
58.6239
58.6239
59.0195
59.1129
59.2422
59.3217
59.3793
59.4151
59.4509
59.4728
59.5304
59.6815
59.6815
59.7173
59.775
59.7889
59.8326
59.9837
59.9977
59.9977
60.0911
60.1348
60.1348
60.2422
60.2859
60.2859
60.2859
60.2859
60.437
60.437
60.437
60.437
60.437
60.4509
60.5225
60.5304
60.5881
60.5881
60.5881
60.602
60.7173
60.7392
60.7531
60.8903
60.9042
60.94
60.9837
61.0414
61.0414
61.2064
61.2282
61.2282
61.2422
61.264
61.3217
61.3217
61.3217
61.3435
61.3793
61.437
61.437
61.5881
61.6239
61.6239
61.6457
61.6457
61.6457
61.6457
61.7392
61.9261
61.9479
61.9479
62.0772
62.099
62.099
62.099
62.099
62.1924
62.2282
62.2501
62.264
62.3217
62.4946
62.5086
62.5523
62.5523
62.5881
62.6815
62.7034
62.7034
62.775
62.7968
62.7968
62.8545
62.8684
62.8903
62.9261
62.9479
62.9479
62.9837
62.9837
63.0056
63.0414
63.0772
63.1924
63.2501
63.3077
63.4012
63.4509
63.4588
63.4588
63.4588
63.5881
63.6099
63.761
63.7968
63.8108
64.2143
64.2143
64.3654
64.3654
64.5165
64.5881
64.6099
64.6676
64.6676
64.8187
64.8187
64.9121
64.9121
64.9698
64.9698
65.0632
65.0632
65.2143
65.2143
65.2859
65.3077
65.3654
65.423
65.423
65.437
65.5086
65.5741
65.5741
65.5741
65.6457
65.6676
65.7034
65.7252
65.761
65.7968
65.8545
65.8684
65.8763
65.8763
66.0056
66.1208
66.1208
66.1208
66.1566
66.1785
66.423
66.423
66.4807
66.4807
66.6318
66.6318
66.6318
66.6318
66.6676
66.7829
66.8187
66.8763
67.0632
67.0851
67.1924
67.2361
67.2719
67.3435
67.3654
67.4012
67.4012
67.5383
67.5383
67.6894
67.6894
67.6894
67.6894
67.7252
67.8405
67.8405
67.8405
67.8405
67.8545
67.8763
67.9121
67.934
67.9479
68.0056
68.0851
68.1348
68.1427
68.1785
68.2938
68.3654
68.3872
68.4449
68.4449
68.4807
68.4807
68.5383
68.5741
68.5741
68.596
68.596
68.6318
68.7471
68.7471
68.8405
68.8982
68.8982
68.8982
68.9916
68.9916
69.0274
69.0851
69.0851
69.0851
69.1427
69.2003
69.3514
69.3514
69.4449
69.5025
69.5025
69.5383
69.596
69.596
69.6536
69.8047
69.8047
69.8047
69.8047
69.8982
69.934
69.9558
70.0493
70.0493
70.1785
70.258
70.258
70.258
70.2719
70.2938
70.3514
70.3872
70.4091
70.4091
70.5602
70.5602
70.5602
70.5602
70.5602
70.596
70.6676
70.6894
70.7113
70.7113
70.7471
70.8187
70.8405
70.8624
70.934
70.9916
71.0135
71.0135
71.2143
71.3156
71.3514
71.4091
71.4449
71.4449
71.4667
71.5165
71.6178
71.7113
71.9558
72.1646
72.2222
72.2222
72.3156
72.4667
72.596
72.6755
72.6755
72.7689
72.8047
72.8266
72.8266
72.8266
73.1288
73.1288
73.1646
73.2222
73.258
73.2719
73.2798
73.2798
73.3156
73.3733
73.3733
73.4091
73.4309
73.582
73.6894
73.7689
73.8266
73.9777
74.1427
74.1864
74.1864
74.4309
74.4309
74.4449
74.4667
74.4667
74.5025
74.5244
74.6397
74.6397
74.7689
74.7908
74.7908
74.8842
74.9419
75.0353
75.1288
75.1864
75.244
75.3375
75.3951
75.3951
75.4667
75.4886
75.5462
75.6973
75.7908
75.8266
75.8624
75.8842
75.9419
75.9995
76.1506
76.1506
76.1506
76.1864
76.244
76.2798
76.3017
76.4528
76.6039
76.6397
76.6973
76.9061
76.92
77.0572
77.0632
77.3593
77.3593
77.4528
77.5462
77.5602
77.6397
77.8126
77.8126
77.8126
77.9061
77.9637
77.9637
78.1148
78.1148
78.1864
78.417
78.5104
78.5104
78.5244
78.5681
78.8126
78.8703
79.0214
79.2659
79.417
79.4746
79.4746
79.5104
79.6257
79.6615
79.7768
79.7768
79.8126
79.9279
79.9279
79.9279
79.9558
80.2301
80.2798
80.5323
80.6615
80.6834
80.6834
80.6834
80.8345
80.8345
80.9856
81.0214
81.0572
81.1367
81.2301
81.2877
81.2877
81.3235
81.3812
81.4388
81.4388
81.741
81.7768
81.8345
81.8921
81.8921
81.8921
81.9637
81.9856
81.9856
82.0432
82.1943
82.2877
82.4965
82.6476
82.741
82.7987
82.9498
83.1009
83.1009
83.1009
83.4746
83.5541
83.5541
83.6615
83.7052
83.7052
83.755
83.8563
83.8563
83.8563
83.8563
83.9061
84.1009
84.1585
84.1585
84.2143
84.3096
84.3096
84.3454
84.4607
84.4607
84.7052
84.7629
84.8563
84.914
85.0432
85.0432
85.1585
85.2161
85.2161
85.2877
85.3454
85.403
85.4607
85.5183
85.6694
85.7052
85.7629
85.8205
85.8205
85.914
85.9716
85.9716
85.9716
86.1585
86.2161
86.2301
86.2738
86.2738
86.2738
86.4249
86.4528
86.576
86.6118
86.6257
86.6476
86.7052
86.7271
86.8782
86.8782
86.914
86.9716
87.0432
87.0651
87.1804
87.1804
87.1804
87.2738
87.3314
87.3314
87.4249
87.4825
87.4825
87.4825
87.576
87.576
87.6336
87.7847
87.8782
87.914
87.9279
87.9358
87.9716
87.9716
88.0293
88.0869
88.238
88.3314
88.4825
88.5402
88.9358
88.9935
89.1446
89.238
89.2956
89.7489
89.8424
89.9358
90.0293
90.0511
90.0511
90.1446
90.2022
90.4467
90.6555
90.7489
90.8066
90.9577
91.0511
91.1088
91.2598
91.4109
91.562
91.7131
91.7131
91.8066
91.914
92.0293
92.1664
92.2598
92.3672
92.6197
92.6197
92.6197
93.073
93.2598
93.3175
93.3751
93.5262
93.6773
93.6773
93.7131
94.0293
94.1306
94.1664
94.4328
94.5839
94.5839
94.6694
94.6773
94.735
94.7847
94.9219
94.9795
95.0372
95.3393
95.3393
95.3393
95.4825
95.4904
95.4904
95.8642
96.1882
96.1882
96.397
96.5481
96.6555
96.7926
96.8503
96.9795
97.0948
97.3035
97.3393
97.4546
97.4546
97.6057
97.6057
97.6992
98.1804
98.2101
98.5123
98.6634
98.6634
98.7568
98.8145
99.3035
99.5123
99.5123
99.5699
99.8721
99.9577
100.1743
100.2677
100.4546
100.6276
100.8145
101.0232
101.0809
101.383
101.4765
101.4765
101.5123
101.5341
101.8363
101.8363
101.9298
101.9874
102.1385
102.2677
102.2896
102.3035
102.3612
102.5918
102.7429
102.7429
102.7429
102.7429
103.0232
103.0451
103.4407
104.1027
104.2538
104.4188
104.7071
104.7071
104.8005
104.8582
105.0093
105.1027
105.2319
105.3114
105.3114
105.4625
105.8582
106.3691
106.5202
106.556
106.6136
106.9735
106.9735
107.0451
107.1246
107.2757
107.3691
107.5202
107.9158
108.1822
108.6355
108.7866
108.88
108.9158
109.218
109.2398
109.721
110.1822
110.2538
110.2975
110.4486
110.4486
110.7508
111.053
111.0888
111.3551
111.9377
112.1106
112.1106
112.204
112.5639
112.8084
112.8661
112.88
113.1683
113.4704
113.5997
113.6215
114.5281
115.1683
115.3114
115.5857
115.715
115.9595
115.9595
116.1901
116.4625
116.6434
116.7945
116.8879
117.3988
117.701
117.701
117.8521
118.0032
119.363
120.4207
120.5141
122.3849
122.8382
122.9893
123.5936
123.9098
124.9535
125.2556
125.3491
125.536
126.0111
126.0469
126.6155
127.0688
127.8242
128.0688
128.4067
128.5797
129.033
129.1841
129.9395
130.3928
130.5439
130.695
130.9972
131.1483
131.4504
131.9753
133.1404
134.019
134.7745
134.9256
135.3212
135.8321
135.9395
136.1701
136.2278
136.5876
136.7387
137.0409
138.5518
138.854
139.3788
139.4286
139.7605
140.6671
141.7247
142.0269
142.1343
142.9116
143.4802
144.8977
146.2575
146.3073
148.1641
148.8261
149.4304
149.4304
150.0348
150.8619
151.1859
151.5457
151.999
152.0925
152.4881
153.0567
153.8837
154.2077
154.8698
155.4741
156.323
156.3807
156.4741
157.5099
157.5894
157.6829
160.0069
160.6113
160.9493
161.7624
161.82
163.1799
163.482
165.5397
166.655
167.5615
169.3528
170.2812
171.1878
172.3965
174.2096
175.8716
176.0227
179.4978
180.5913
185.0883
186.297
186.6926
189.1101
193.0962
193.2473
193.3983
196.2115
197.4778
199.5931
202.1617
203.1617
204.8237
208.5076
208.601
209.8674
215.1557
215.3068
230.1138
230.6963
232.3802
244.0143
247.7916
280.4634
331.6837
