3.0
3.0
3.0
3.0
3.0
3.0
3.0
3.0
3.0
3.0
3.0
3.0
3.0
3.0
3.0
3.0
3.0
3.0
3.0
3.0
3.0
3.0
3.0
3.0
3.0
3.0
3.0
3.0
3.0
3.0
3.0
3.0
3.0
3.0
3.0
3.0
3.0
3.0
3.0
3.0
3.0
3.0
3.0
3.0
3.0
3.0
3.0
3.0
3.0
3.0
3.0
3.0
3.0
3.0
3.0
3.0
3.0
3.0
3.0
3.0
3.0
3.0
3.0
3.0
3.0
3.0
3.0
3.0
3.0
3.0
3.0
3.0
3.0
3.0
3.0
3.0
3.0
3.0
3.0
3.0
3.0
3.0
3.0
3.0
3.0
3.0
3.0
3.0
3.0
3.0
3.0
3.0
3.0
3.0
3.0
3.0
3.0
3.0
3.0
3.0
3.0
3.0
3.0
3.0
3.0
3.0
3.0
3.0
3.0
3.0
3.0
3.0
3.0
3.0
3.0
3.0
3.0
3.0
3.0
3.0
3.0
3.0
3.0
3.0
3.0
3.0
3.0
3.0
3.0
3.0
3.0
3.0
3.0
3.0
3.0
3.0
3.0
3.0
3.0
3.0
3.0
3.0
3.0
3.0
3.0
3.0
3.0
3.0
3.0
4.0
4.0
4.0
4.0
4.0
4.0
4.0
4.0
4.0
4.0
4.0
4.0
4.0
4.0
4.0
4.0
4.0
4.0
4.0
4.0
4.0
4.0
4.0
4.0
4.0
4.0
4.0
4.0
4.0
4.0
4.0
4.0
4.0
4.0
4.0
4.0
4.0
4.0
4.0
4.0
4.0
4.0
4.0
4.0
4.0
4.0
4.0
4.0
4.0
4.0
4.0
4.0
4.0
4.0
4.0
4.0
4.0
4.0
4.0
4.0
4.0
4.0
4.0
4.0
4.0
4.0
4.0
4.0
4.0
4.0
4.0
4.0
4.0
4.0
4.0
4.0
4.0
4.0
4.0
4.0
4.0
4.0
4.0
4.0
4.0
4.0
4.0
4.0
4.0
4.0
4.0
4.0
4.0
4.0
4.0
4.0
4.0
4.0
4.0
4.0
4.0
4.0
4.0
4.0
4.0
4.0
4.0
4.0
4.0
4.0
4.0
4.0
4.0
4.0
4.0
4.0
4.0
4.0
4.0
4.0
4.0
4.0
4.0
4.0
4.0
4.0
4.0
4.0
4.0
4.0
4.0
4.0
4.0
4.0
4.0
4.0
4.0
4.0
4.0
4.0
4.0
4.0
4.0
4.0
4.0
4.0
4.0
4.526
4.8655
5.0
5.0
5.0
5.0
5.0
5.0
5.0
5.0
5.0
5.0
5.0
5.0
5.0
5.0
5.0
5.0
5.0
5.0
5.0
5.0
5.0
5.0
5.0
5.0
5.0
5.0
5.0
5.0
5.0
5.0
5.0
5.0
5.0
5.0
5.0
5.0
5.0
5.0
5.0
5.0
5.0
5.0
5.0
5.0
5.0
5.0
5.0
5.0
5.0
5.0
5.0
5.0
5.0
5.0
5.0
5.0
5.0
5.0
5.0
5.0
5.0
5.0
5.0
5.0
5.0
5.0
5.0
5.0
5.0
5.0
5.0
5.0
5.0
5.0
5.0
5.0
5.0
5.0
5.0
5.0
5.0
5.0
5.0
5.0
5.0
5.0
5.0
5.0
5.0
5.0
5.0
5.0
5.0
5.0
5.0
5.0
5.0
5.0
5.0
5.0
5.0
5.0
5.0
5.0
5.0
5.0
5.0
5.0
5.0
5.0
5.0
5.0
5.0
5.0
5.0
5.0
5.0
5.0
5.0
5.0
5.0
5.0
5.0
5.0
5.0
5.0
5.0
5.0
5.0
5.2427
5.2997
5.3558
5.4129
5.4313
5.4883
5.526
5.6198
5.6576
5.6576
5.733
5.8278
6.0
6.0
6.0
6.0
6.0
6.0
6.0
6.0
6.0
6.0
6.0
6.0
6.0
6.0
6.0
6.0
6.0
6.0
6.0
6.0
6.0
6.0
6.0
6.0
6.0
6.0
6.0
6.0
6.0
6.0
6.0
6.0
6.0
6.0
6.0
6.0
6.0
6.0
6.0
6.0
6.0
6.0
6.0
6.0
6.0
6.0
6.0
6.0
6.0
6.0
6.0
6.0
6.0
6.0
6.0
6.0
6.0
6.0
6.0
6.0
6.0
6.0
6.0
6.0
6.0
6.0
6.0
6.0
6.0
6.0
6.0
6.0
6.0
6.0
6.0
6.0
6.0
6.0
6.0
6.0
6.0
6.0
6.0
6.0
6.0
6.0
6.0
6.0
6.0
6.0
6.0
6.0724
6.0918
6.1295
6.1295
6.1672
6.2233
6.2804
6.2804
6.2997
6.3742
6.3752
6.3935
6.4506
6.5444
6.5638
6.5821
6.6015
6.733
6.8084
6.8278
6.8839
6.9032
6.9593
6.9776
7.0
7.0
7.0
7.0
7.0
7.0
7.0
7.0
7.0
7.0
7.0
7.0
7.0
7.0
7.0
7.0
7.0
7.0
7.0
7.0
7.0
7.0
7.0
7.0
7.0
7.0
7.0
7.0
7.0
7.0
7.0
7.0
7.0
7.0
7.0
7.0
7.0
7.0
7.0
7.0
7.0
7.0
7.0
7.0
7.0
7.0
7.0
7.0
7.0
7.0
7.0
7.0
7.0
7.0
7.0
7.0
7.0
7.0
7.0
7.0
7.0
7.0
7.0
7.0
7.0
7.0
7.0
7.0
7.0
7.0
7.0
7.0
7.0
7.0
7.0
7.0
7.0
7.0
7.0
7.0
7.0
7.0531
7.0918
7.2427
7.2427
7.261
7.2804
7.2804
7.3181
7.3375
7.3558
7.3752
7.3935
7.4496
7.4506
7.4506
7.4883
7.4883
7.5067
7.526
7.526
7.5444
7.5444
7.5628
7.5638
7.5811
7.6576
7.7146
7.7146
7.7513
7.7891
7.8084
7.8645
7.9032
7.9409
7.9786
8.0
8.0
8.0
8.0
8.0
8.0
8.0
8.0
8.0
8.0
8.0
8.0
8.0
8.0
8.0
8.0
8.0
8.0
8.0
8.0
8.0
8.0
8.0
8.0
8.0
8.0
8.0
8.0
8.0
8.0
8.0
8.0
8.0
8.0
8.0
8.0
8.0
8.0
8.0
8.0
8.0
8.0
8.0
8.0
8.0
8.0
8.0
8.0
8.0
8.0
8.0
8.0
8.0
8.0
8.0
8.0
8.0
8.0
8.0
8.0
8.0
8.0
8.0
8.0
8.0
8.0
8.0
8.0
8.0
8.0
8.0
8.0
8.0164
8.0337
8.0724
8.1285
8.1295
8.1469
8.1672
8.1856
8.261
8.261
8.2804
8.2977
8.2997
8.3181
8.3365
8.3752
8.3752
8.3935
8.4109
8.4129
8.4506
8.4883
8.4883
8.5067
8.525
8.5444
8.5995
8.6198
8.6382
8.6576
8.6769
8.6953
8.7126
8.7136
8.7136
8.7146
8.733
8.7503
8.7503
8.7523
8.7881
8.8084
8.8268
8.8278
8.9776
8.9786
8.9786
9.0
9.0
9.0
9.0
9.0
9.0
9.0
9.0
9.0
9.0
9.0
9.0
9.0
9.0
9.0
9.0
9.0
9.0
9.0
9.0
9.0
9.0
9.0
9.0
9.0
9.0
9.0
9.0
9.0
9.0
9.0
9.0
9.0
9.0
9.0
9.0
9.0
9.0
9.0
9.0
9.0
9.0
9.0
9.0
9.0
9.0
9.0
9.0
9.0
9.0
9.0
9.0
9.0
9.0
9.0
9.0
9.0
9.0
9.0
9.0
9.0541
9.0541
9.0918
9.0918
9.1295
9.1479
9.1662
9.2049
9.2049
9.261
9.2794
9.2794
9.2987
9.3355
9.3375
9.3548
9.3742
9.3752
9.4119
9.4129
9.4293
9.4496
9.4506
9.4506
9.4506
9.469
9.4883
9.5067
9.526
9.526
9.5434
9.5444
9.5638
9.6372
9.6372
9.6382
9.6392
9.7126
9.7136
9.731
9.7523
9.7697
9.7901
9.8258
9.8268
9.8655
9.8839
9.9022
9.9022
9.9409
9.9409
10.0
10.0
10.0
10.0
10.0
10.0
10.0
10.0
10.0
10.0
10.0
10.0
10.0
10.0
10.0
10.0
10.0
10.0
10.0
10.0
10.0
10.0
10.0
10.0
10.0
10.0
10.0
10.0
10.0
10.0
10.0
10.0
10.0
10.0
10.0
10.0
10.0
10.0
10.0
10.0
10.0
10.0
10.0
10.0
10.0
10.0
10.0
10.0
10.0
10.0
10.0
10.0164
10.0347
10.0531
10.0918
10.1275
10.1285
10.1662
10.1672
10.2049
10.2407
10.2427
10.2804
10.2804
10.2997
10.2997
10.3171
10.3355
10.3355
10.3375
10.3375
10.3742
10.3925
10.4099
10.4109
10.4293
10.4506
10.469
10.4883
10.4883
10.4883
10.5057
10.524
10.5424
10.5638
10.6005
10.6015
10.6015
10.6198
10.6769
10.6933
10.7136
10.7146
10.7146
10.7523
10.7901
10.8074
10.8645
10.9022
10.9032
10.9786
10.996
10.996
11.0
11.0
11.0
11.0
11.0
11.0
11.0
11.0
11.0
11.0
11.0
11.0
11.0
11.0
11.0
11.0
11.0
11.0
11.0
11.0
11.0
11.0
11.0
11.0
11.0
11.0
11.0
11.0
11.0
11.0
11.0154
11.0724
11.0918
11.0918
11.1082
11.1479
11.1672
11.1836
11.2049
11.2223
11.2427
11.2784
11.2794
11.3375
11.3375
11.3375
11.3548
11.3558
11.3558
11.3752
11.3935
11.4119
11.4303
11.4313
11.4476
11.4506
11.469
11.4883
11.4883
11.5057
11.525
11.5628
11.5638
11.5811
11.5821
11.6198
11.6392
11.6739
11.6769
11.6943
11.6953
11.7136
11.7146
11.7513
11.7677
11.7707
11.9012
11.9032
11.9032
11.9032
11.9196
11.9409
11.9583
11.9593
11.9786
12.0
12.0
12.0
12.0
12.0
12.0
12.0
12.0
12.0
12.0
12.0
12.0
12.0
12.0
12.0
12.0
12.0
12.0
12.0
12.0
12.0
12.0
12.0
12.0
12.0
12.0
12.0
12.0
12.0
12.0317
12.0521
12.0694
12.0704
12.0724
12.1102
12.1102
12.1295
12.1469
12.1642
12.1672
12.203
12.2427
12.2427
12.2804
12.2987
12.2997
12.2997
12.2997
12.2997
12.2997
12.3181
12.3365
12.3365
12.3375
12.3558
12.3742
12.3752
12.3935
12.3935
12.4119
12.4293
12.4313
12.4506
12.468
12.469
12.4883
12.524
12.5444
12.5608
12.5791
12.5975
12.6168
12.6198
12.6392
12.6556
12.6769
12.6769
12.6769
12.6953
12.7116
12.7136
12.7146
12.731
12.733
12.7523
12.7901
12.8054
12.8278
12.8278
12.8278
12.8431
12.8441
12.8451
12.8461
12.8461
12.8645
12.8655
12.8655
12.8819
12.9002
12.9196
12.9409
12.9409
12.9583
12.9747
12.9776
12.9776
13.0
13.0
13.0
13.0
13.0
13.0
13.0
13.0
13.0
13.0
13.0
13.0
13.0
13.0
13.0
13.0
13.0
13.0
13.0
13.0
13.0
13.0
13.0
13.0
13.0
13.0317
13.0347
13.0918
13.1102
13.1265
13.1295
13.1295
13.1642
13.1836
13.1836
13.1856
13.202
13.2233
13.2427
13.259
13.26
13.2804
13.2804
13.2804
13.2997
13.3181
13.3375
13.3375
13.3915
13.4109
13.4129
13.4129
13.4129
13.4129
13.4283
13.4313
13.4313
13.4486
13.465
13.4853
13.4873
13.4873
13.4883
13.5067
13.5067
13.5231
13.526
13.5608
13.6005
13.6015
13.6188
13.6198
13.6536
13.6576
13.6759
13.6769
13.7513
13.7677
13.7707
13.7707
13.7861
13.7901
13.8238
13.8461
13.8645
13.8655
13.8655
13.8992
13.9022
13.9747
13.993
14.0
14.0
14.0
14.0
14.0
14.0
14.0
14.0
14.0
14.0
14.0
14.0
14.0
14.0
14.0
14.0
14.0
14.0
14.0
14.0
14.0
14.0
14.0
14.0
14.0
14.0
14.0134
14.0144
14.0347
14.0541
14.0704
14.0724
14.0888
14.1082
14.1265
14.1439
14.1449
14.1449
14.1836
14.2049
14.2193
14.2417
14.2417
14.2417
14.2427
14.258
14.2804
14.2997
14.3375
14.3752
14.3752
14.3905
14.4129
14.4456
14.4506
14.469
14.4853
14.4883
14.4883
14.5057
14.525
14.5638
14.5811
14.6005
14.6015
14.6015
14.6168
14.6198
14.6362
14.6392
14.6392
14.6546
14.6566
14.6759
14.6769
14.6769
14.6953
14.7096
14.7096
14.7146
14.7146
14.7523
14.7687
14.7891
14.7901
14.8064
14.8258
14.8268
14.8268
14.8461
14.9032
14.9216
14.9583
14.9747
14.9747
14.9776
14.9786
14.9786
14.9786
14.9786
14.996
14.996
14.997
15.0
15.0
15.0
15.0
15.0
15.0
15.0
15.0
15.0
15.0
15.0
15.0
15.0
15.0
15.0
15.0
15.0
15.0124
15.0327
15.0327
15.0908
15.0918
15.0918
15.1072
15.1072
15.1632
15.1846
15.1856
15.203
15.2427
15.2427
15.2784
15.2794
15.2794
15.2948
15.2958
15.2967
15.2997
15.3181
15.3375
15.3508
15.3752
15.4129
15.4129
15.4293
15.4496
15.4506
15.4506
15.4506
15.466
15.4853
15.4873
15.4883
15.4883
15.4883
15.4883
15.5027
15.5057
15.5221
15.526
15.526
15.5424
15.5608
15.5628
15.5638
15.6015
15.6015
15.6015
15.6576
15.6769
15.7146
15.731
15.7513
15.7523
15.7901
15.7901
15.8084
15.8238
15.8248
15.8412
15.8655
15.8655
15.8789
15.8992
15.9196
15.9359
15.9409
15.9573
15.9757
15.9786
15.9786
16.0
16.0
16.0
16.0
16.0
16.0
16.0
16.0
16.0307
16.0317
16.0327
16.0347
16.0501
16.0541
16.0541
16.0694
16.0714
16.0714
16.0724
16.1072
16.1092
16.1245
16.1836
16.1846
16.201
16.203
16.205
16.2233
16.2794
16.2804
16.2967
16.2987
16.2997
16.3375
16.3558
16.3925
16.3935
16.4853
16.4883
16.5047
16.5057
16.5211
16.5231
16.525
16.5444
16.6148
16.6168
16.6556
16.6913
16.6933
16.6943
16.7106
16.7106
16.7146
16.7494
16.7523
16.7523
16.7677
16.7707
16.7851
16.7871
16.7871
16.7891
16.8084
16.8268
16.8278
16.8421
16.8829
16.9022
16.9369
16.9409
16.9747
16.9767
16.994
16.996
17.0
17.0
17.0
17.0
17.0
17.0
17.0
17.0164
17.0164
17.0164
17.0327
17.0511
17.0694
17.0888
17.0908
17.0918
17.0918
17.1072
17.1072
17.1672
17.1806
17.1856
17.1856
17.203
17.2193
17.2213
17.2417
17.2784
17.2784
17.2804
17.2997
17.3325
17.3355
17.3375
17.3528
17.3692
17.3752
17.3915
17.4099
17.4099
17.4129
17.4293
17.4313
17.4446
17.4506
17.467
17.468
17.4863
17.4873
17.5057
17.5231
17.525
17.526
17.5414
17.5638
17.6005
17.6015
17.6392
17.6576
17.6769
17.7116
17.7136
17.733
17.7697
17.7841
17.7861
17.7861
17.8054
17.8084
17.8248
17.8258
17.8258
17.8461
17.8635
17.8645
17.8829
17.9012
17.9022
17.9186
17.9196
17.9216
17.9399
17.9409
17.9409
17.9563
17.9747
17.9757
17.9786
17.995
18.0
18.0
18.0
18.0
18.0
18.0
18.0
18.0
18.0
18.0
18.0114
18.0317
18.0531
18.0541
18.0685
18.0878
18.1102
18.1245
18.1459
18.1612
18.1632
18.1652
18.1672
18.1856
18.202
18.205
18.2183
18.2427
18.2427
18.2794
18.2804
18.2957
18.3365
18.3722
18.3925
18.3935
18.4069
18.4099
18.4129
18.4129
18.4293
18.4313
18.4506
18.469
18.4853
18.4863
18.4883
18.5067
18.5211
18.524
18.526
18.5424
18.5598
18.5781
18.5801
18.6178
18.6188
18.6382
18.6392
18.6556
18.6953
18.7076
18.7086
18.7106
18.73
18.7484
18.7687
18.8054
18.8248
18.8258
18.8278
18.8431
18.8431
18.8605
18.8635
18.8819
18.8839
18.9022
18.9022
18.9196
18.9349
18.9379
18.9409
18.9543
18.9543
18.9757
18.995
19.0
19.0
19.0
19.0
19.0
19.0
19.0
19.0124
19.0297
19.0501
19.0665
19.0724
19.0888
19.0918
19.1052
19.1082
19.1265
19.1439
19.1632
19.1856
19.199
19.202
19.204
19.2213
19.2367
19.2417
19.2427
19.2784
19.2784
19.2987
19.2997
19.3111
19.3141
19.3161
19.3181
19.3325
19.3335
19.3345
19.3345
19.3712
19.3722
19.3925
19.4099
19.4466
19.4466
19.4476
19.4506
19.4833
19.4833
19.4843
19.4883
19.5231
19.526
19.5424
19.5424
19.5424
19.5444
19.5578
19.5761
19.6005
19.6342
19.6769
19.6913
19.7096
19.7116
19.73
19.7494
19.7667
19.7687
19.7831
19.7891
19.8208
19.8228
19.8238
19.8238
19.8278
19.8635
19.9012
19.9032
19.9196
19.9359
19.9409
19.9747
19.9757
19.9757
19.9767
19.994
20.0
20.0
20.0
20.0
20.0
20.0
20.0124
20.0134
20.0317
20.0337
20.0347
20.0704
20.0858
20.0918
20.1052
20.1052
20.1275
20.1469
20.1612
20.1622
20.1632
20.1642
20.198
20.202
20.204
20.2427
20.2744
20.2784
20.2784
20.2967
20.3151
20.3161
20.3325
20.3365
20.3752
20.3752
20.3752
20.3915
20.4129
20.4476
20.4506
20.469
20.4863
20.4873
20.5221
20.525
20.5424
20.5628
20.6005
20.6015
20.6178
20.6178
20.6342
20.6352
20.6382
20.6749
20.6893
20.6953
20.7076
20.7136
20.7484
20.7503
20.7647
20.7667
20.7687
20.8258
20.8645
20.8799
20.8809
20.9186
20.9399
20.9543
20.9593
20.9786
20.993
20.994
20.995
20.995
21.0
21.0
21.0
21.0094
21.0114
21.0134
21.0327
21.0541
21.0694
21.0704
21.0878
21.1295
21.1459
21.1479
21.1602
21.1632
21.1632
21.1672
21.1672
21.202
21.205
21.2183
21.2193
21.2367
21.2397
21.258
21.2764
21.2948
21.2997
21.2997
21.3131
21.3325
21.3558
21.3692
21.4129
21.4293
21.4486
21.467
21.5047
21.5057
21.5394
21.5394
21.5414
21.5598
21.5638
21.5781
21.5791
21.5791
21.5935
21.6362
21.6362
21.6546
21.6953
21.7126
21.7146
21.7454
21.7474
21.7484
21.7871
21.8064
21.8218
21.8218
21.8268
21.8392
21.8392
21.8585
21.8655
21.8655
21.9399
21.9563
21.9573
21.9737
21.9747
21.9786
21.99
21.992
21.996
22.0
22.0
22.0287
22.0347
22.0491
22.0541
22.0704
22.0878
22.1255
22.1295
22.1449
22.1652
22.1776
22.1816
22.201
22.2193
22.2407
22.2407
22.2427
22.2427
22.255
22.257
22.258
22.2754
22.2764
22.2774
22.3131
22.3181
22.3315
22.3335
22.3528
22.3558
22.3712
22.3885
22.4079
22.4099
22.4129
22.4129
22.4263
22.4456
22.4466
22.4476
22.5231
22.5404
22.5588
22.5628
22.5761
22.5791
22.5995
22.6158
22.6168
22.6168
22.6342
22.6342
22.6352
22.6699
22.6719
22.6729
22.6739
22.6769
22.7076
22.7116
22.725
22.731
22.7474
22.7513
22.7677
22.7881
22.7901
22.8034
22.8248
22.8402
22.8431
22.8575
22.8625
22.8992
22.9012
22.9176
22.9176
22.9359
22.9543
22.9573
22.9747
22.9767
22.992
22.994
22.997
23.0
23.0
23.0
23.0521
23.0541
23.0694
23.0838
23.0858
23.0868
23.1082
23.1235
23.1399
23.1583
23.1642
23.1672
23.1836
23.1846
23.201
23.2223
23.2357
23.2367
23.2397
23.2724
23.2744
23.2764
23.3295
23.3365
23.3518
23.3528
23.3682
23.3722
23.3885
23.3915
23.4079
23.4293
23.4456
23.4476
23.462
23.465
23.466
23.4843
23.4977
23.5037
23.5578
23.5598
23.5598
23.5781
23.5945
23.6119
23.6168
23.6198
23.6516
23.6516
23.6536
23.6729
23.6759
23.6873
23.6903
23.6913
23.6923
23.6923
23.6933
23.7076
23.7096
23.7106
23.725
23.732
23.7474
23.7474
23.7494
23.7657
23.7851
23.8064
23.8064
23.8074
23.8084
23.8084
23.8268
23.8278
23.8635
23.9022
23.9022
23.9196
23.9329
23.9513
23.9553
23.989
23.99
23.996
24.0
24.0094
24.0134
24.0164
24.0164
24.0317
24.0327
24.0481
24.0491
24.0655
24.0848
24.0868
24.0888
24.1072
24.1245
24.1245
24.1632
24.1796
24.203
24.203
24.2203
24.2203
24.2407
24.2794
24.2794
24.2997
24.3121
24.3151
24.3181
24.3518
24.3548
24.3722
24.3915
24.466
24.4977
24.5047
24.5171
24.526
24.5434
24.5781
24.5945
24.6148
24.6168
24.6322
24.6382
24.6699
24.6719
24.6883
24.6913
24.7076
24.7116
24.7146
24.7494
24.7627
24.7697
24.8004
24.8218
24.8238
24.8461
24.8595
24.8595
24.8595
24.8799
24.8992
24.9156
24.9166
24.9379
24.9389
24.9533
24.9717
24.994
25.0317
25.0491
25.0511
25.0511
25.0694
25.0724
25.0878
25.0888
25.1042
25.1052
25.1062
25.1295
25.1399
25.1429
25.1776
25.1816
25.1826
25.1856
25.2183
25.2397
25.254
25.256
25.259
25.2714
25.2744
25.2754
25.2764
25.2764
25.2987
25.3305
25.3375
25.3508
25.3528
25.3722
25.3895
25.3905
25.3915
25.4099
25.4099
25.4446
25.4783
25.4833
25.5201
25.5925
25.5955
25.5985
25.5995
25.6139
25.6158
25.6679
25.6719
25.6883
25.7076
25.7086
25.7096
25.7096
25.7116
25.725
25.7444
25.7513
25.7861
25.8024
25.8238
25.8278
25.8402
25.8421
25.8421
25.8605
25.8759
25.8809
25.8982
25.8982
25.9196
25.9493
25.9553
25.9573
25.9707
25.9717
25.9737
25.991
25.997
26.0
26.0
26.0064
26.0655
26.0685
26.0694
26.0704
26.0818
26.0868
26.0878
26.0888
26.1102
26.1225
26.1235
26.1285
26.1449
26.1479
26.1479
26.1612
26.1796
26.1816
26.198
26.2173
26.2337
26.2387
26.255
26.3161
26.3181
26.3335
26.3345
26.3355
26.3508
26.3508
26.3528
26.3662
26.3682
26.3722
26.3722
26.4273
26.4436
26.4456
26.464
26.465
26.469
26.5404
26.5781
26.5925
26.6099
26.6129
26.6148
26.6516
26.6943
26.7047
26.7444
26.7464
26.7474
26.7637
26.7657
26.7821
26.7831
26.7871
26.8615
26.8839
26.8982
26.9002
26.9022
26.9359
26.9533
26.9553
26.991
26.992
27.0
27.0114
27.0451
27.0461
27.0645
27.0665
27.0685
27.0704
27.0858
27.0868
27.1235
27.1255
27.1295
27.1419
27.1439
27.1593
27.1612
27.1652
27.1806
27.1836
27.1836
27.202
27.202
27.2183
27.2233
27.2387
27.253
27.255
27.255
27.259
27.2744
27.2764
27.2908
27.2938
27.3121
27.3131
27.3141
27.3151
27.3161
27.3315
27.3458
27.3548
27.4059
27.4089
27.4099
27.4233
27.4243
27.4283
27.4416
27.4456
27.466
27.4833
27.4957
27.5007
27.5017
27.5037
27.5201
27.5404
27.5578
27.5598
27.5751
27.5791
27.6342
27.6372
27.6496
27.6546
27.6729
27.6893
27.6913
27.7076
27.725
27.7454
27.7474
27.7523
27.7831
27.7861
27.8004
27.8972
27.9146
27.9687
27.9786
28.0084
28.0317
28.0501
28.0521
28.0541
28.0665
28.0685
28.0694
28.1002
28.1235
28.1275
28.1419
28.1593
28.1622
28.1796
28.2133
28.2153
28.2173
28.2203
28.254
28.2918
28.2987
28.3508
28.3682
28.3885
28.4079
28.4213
28.4456
28.462
28.462
28.4843
28.5161
28.5231
28.5384
28.5404
28.5781
28.5925
28.6005
28.6139
28.6302
28.6312
28.6352
28.6362
28.6679
28.6739
28.6863
28.6903
28.7076
28.7464
28.7597
28.7647
28.7831
28.7881
28.8605
28.8779
28.9697
28.9776
28.9776
28.987
28.994
29.0104
29.0164
29.0347
29.0531
29.0541
29.0655
29.0838
29.1032
29.1072
29.1072
29.1082
29.1185
29.1265
29.1439
29.1469
29.1479
29.1593
29.1796
29.1836
29.2213
29.2347
29.254
29.257
29.2908
29.2997
29.2997
29.3131
29.3255
29.3295
29.3325
29.3438
29.3458
29.3508
29.3702
29.3895
29.3915
29.4039
29.4099
29.4436
29.464
29.4793
29.4997
29.5161
29.5394
29.5414
29.5528
29.5761
29.6015
29.6079
29.6148
29.6178
29.6198
29.6332
29.6659
29.6699
29.7086
29.728
29.729
29.731
29.732
29.7424
29.7607
29.7667
29.7801
29.7821
29.7871
29.7984
29.8352
29.8392
29.8412
29.8625
29.9146
29.9349
29.9523
29.9697
29.9737
29.9786
29.993
30.0
30.0074
30.0094
30.0481
30.0685
30.0694
30.0704
30.0704
30.0848
30.0868
30.1175
30.1175
30.1235
30.1449
30.1459
30.1622
30.2143
30.2501
30.259
30.259
30.2948
30.2997
30.3071
30.3111
30.3121
30.3141
30.3285
30.3752
30.3885
30.4109
30.4243
30.4253
30.4283
30.4386
30.4446
30.465
30.4803
30.5027
30.5181
30.5181
30.5231
30.5334
30.5741
30.5985
30.6342
30.6382
30.6516
30.6709
30.6719
30.6729
30.6913
30.6953
30.7076
30.725
30.726
30.727
30.728
30.7637
30.7811
30.7984
30.7984
30.8278
30.8645
30.8789
30.8789
30.8789
30.9002
30.9096
30.9196
30.9697
30.993
31.0
31.0104
31.0307
31.0307
31.0347
31.0675
31.0992
31.1032
31.1032
31.1245
31.1419
31.1553
31.1593
31.1632
31.201
31.2337
31.2377
31.2704
31.2804
31.2948
31.3255
31.3285
31.3365
31.3365
31.3518
31.3662
31.3885
31.4263
31.4416
31.4416
31.4476
31.461
31.463
31.464
31.4793
31.4823
31.5037
31.5231
31.5354
31.5424
31.5444
31.5588
31.5945
31.6119
31.6119
31.6292
31.6466
31.6496
31.6516
31.6873
31.6913
31.6953
31.727
31.7454
31.7464
31.7464
31.7474
31.7851
31.7851
31.8084
31.8198
31.8208
31.8412
31.8625
31.8709
31.8729
31.8992
31.9523
31.9717
31.9727
31.9737
31.9757
31.986
31.991
31.991
32.0
32.0054
32.0134
32.0287
32.0317
32.0421
32.0481
32.0511
32.0798
32.0818
32.0982
32.1042
32.1185
32.1419
32.1419
32.1726
32.203
32.2153
32.2193
32.2213
32.2387
32.253
32.2724
32.2918
32.3081
32.3081
32.3111
32.3131
32.3161
32.3275
32.3305
32.3836
32.3846
32.3905
32.4243
32.4273
32.4406
32.4436
32.4466
32.4476
32.46
32.4803
32.4813
32.4957
32.5141
32.523
32.5518
32.5568
32.5791
32.5945
32.6138
32.6158
32.6158
32.6392
32.6446
32.6873
32.7027
32.7086
32.7096
32.725
32.726
32.73
32.7434
32.7494
32.7647
32.7974
32.8198
32.8208
32.8218
32.8228
32.8258
32.8332
32.8372
32.8585
32.8595
32.8635
32.8902
32.8932
32.8932
32.9116
32.9216
32.93
32.931
32.9329
32.9349
32.9359
32.9503
32.9523
32.9533
32.9543
32.984
32.991
33.0218
33.0287
33.0337
33.0471
33.0471
33.0625
33.0645
33.0858
33.1235
33.1419
33.1766
33.1786
33.1786
33.1796
33.2153
33.2337
33.2357
33.2367
33.2367
33.257
33.258
33.2714
33.3111
33.3265
33.3702
33.3846
33.3846
33.4049
33.4059
33.4243
33.4376
33.4396
33.4436
33.463
33.4783
33.4803
33.5161
33.5384
33.5518
33.5548
33.5771
33.5915
33.6362
33.6536
33.6659
33.6659
33.7047
33.7126
33.722
33.727
33.728
33.7647
33.7687
33.7831
33.7831
33.8138
33.8248
33.8545
33.8555
33.8585
33.8585
33.8595
33.8799
33.9116
33.9116
33.9146
33.928
33.93
33.931
33.932
33.9349
33.9359
33.9379
33.9737
33.987
33.988
33.991
34.0
34.0084
34.0124
34.0297
34.0411
34.0605
34.0665
34.0858
34.1042
34.1399
34.1449
34.1449
34.1632
34.195
34.2163
34.2347
34.2367
34.252
34.253
34.3295
34.3305
34.3315
34.3796
34.3826
34.4436
34.4793
34.5221
34.5568
34.5578
34.5598
34.5741
34.5875
34.6005
34.6302
34.6322
34.6496
34.6496
34.6619
34.6649
34.6709
34.6739
34.6823
34.725
34.726
34.7404
34.7444
34.7484
34.7687
34.7945
34.8158
34.8372
34.8382
34.8565
34.8575
34.8605
34.8799
34.8972
34.8982
34.9166
34.9349
34.9349
34.9513
34.9523
34.9717
34.995
35.0
35.0257
35.0441
35.0625
35.1022
35.1195
35.1195
35.1205
35.1409
35.1449
35.1593
35.1746
35.197
35.197
35.2173
35.2471
35.256
35.256
35.2938
35.2938
35.3101
35.3419
35.3468
35.3478
35.3612
35.3612
35.3836
35.4049
35.4129
35.4366
35.4406
35.469
35.4987
35.5364
35.5394
35.5518
35.5528
35.5548
35.5588
35.5895
35.5955
35.6312
35.6312
35.6352
35.6536
35.6679
35.6689
35.6699
35.6893
35.7116
35.725
35.727
35.731
35.7567
35.7617
35.7617
35.7627
35.7667
35.7791
35.7811
35.8198
35.8228
35.8352
35.8362
35.8441
35.8892
35.8942
35.8962
35.9106
35.93
35.9379
35.9503
35.9543
35.9677
35.992
36.0064
36.0257
36.0768
36.0798
36.0828
36.1175
36.1205
36.1459
36.1563
36.1632
36.2
36.2347
36.2714
36.2898
36.3235
36.3315
36.3652
36.3806
36.3846
36.4009
36.4223
36.4366
36.4386
36.4396
36.4754
36.4813
36.4917
36.4947
36.4987
36.5017
36.5568
36.5791
36.5915
36.6322
36.6322
36.6476
36.6486
36.6679
36.6863
36.7066
36.726
36.7374
36.7607
36.7647
36.8118
36.8218
36.8322
36.8535
36.8759
36.9349
36.9443
36.9513
36.9697
36.983
37.0277
37.0307
37.0481
37.0585
37.0605
37.0818
37.0818
37.0868
37.1235
37.1399
37.1429
37.1736
37.1786
37.195
37.2277
37.2491
37.2501
37.3031
37.3061
37.3508
37.3836
37.461
37.4917
37.5141
37.5324
37.6059
37.6292
37.6292
37.6506
37.6516
37.7047
37.7106
37.725
37.725
37.725
37.7364
37.7831
37.8352
37.8352
37.8495
37.8575
37.8739
37.8759
37.8922
37.9136
37.929
37.9533
37.9717
37.9727
38.0014
38.0134
38.0511
38.0635
38.0665
38.193
38.2123
38.2163
38.2327
38.2367
38.3051
38.3161
38.3468
38.4456
38.457
38.46
38.4793
38.5201
38.5211
38.5394
38.5498
38.5751
38.6863
38.7037
38.7057
38.7444
38.7557
38.7761
38.7771
38.7801
38.7811
38.7974
38.8372
38.8515
38.8535
38.8565
38.8819
38.8942
38.991
39.0094
39.0431
39.0828
39.1389
39.1409
39.2163
39.2327
39.2704
39.2724
39.2858
39.2868
39.2898
39.2918
39.3041
39.3051
39.3081
39.3438
39.3642
39.3702
39.4069
39.4153
39.4203
39.4213
39.4376
39.4426
39.4436
39.463
39.4714
39.4734
39.4774
39.5334
39.5568
39.5721
39.5771
39.5945
39.5955
39.6109
39.6109
39.6486
39.6863
39.72
39.728
39.7414
39.7414
39.7424
39.7587
39.7811
39.8004
39.8188
39.8208
39.8372
39.8392
39.8535
39.8555
39.9156
39.931
39.9757
40.0848
40.0982
40.1032
40.1359
40.1399
40.1766
40.1766
40.1776
40.2123
40.2123
40.2143
40.2203
40.2317
40.2357
40.251
40.2704
40.2878
40.3031
40.3275
40.3389
40.3508
40.3632
40.3806
40.3999
40.4173
40.4203
40.4203
40.4436
40.4446
40.457
40.459
40.4927
40.5468
40.5518
40.5548
40.5875
40.6059
40.6059
40.6109
40.6699
40.6709
40.6873
40.7027
40.7076
40.7096
40.724
40.729
40.7354
40.7617
40.7811
40.8178
40.8412
40.931
40.9369
40.9453
40.9453
40.9463
40.9513
41.1012
41.1155
41.1235
41.1389
41.1409
41.1543
41.1766
41.2093
41.2143
41.2367
41.251
41.2784
41.2868
41.3285
41.3652
41.3662
41.3682
41.3826
41.4366
41.456
41.4744
41.4833
41.4887
41.4937
41.5121
41.5161
41.5294
41.5324
41.5518
41.5528
41.5568
41.5731
41.5895
41.6148
41.6282
41.7597
41.7607
41.8188
41.8362
41.8372
41.8505
41.8575
41.8892
41.8952
41.8962
41.9086
41.9503
41.9533
41.9667
41.986
42.0044
42.0208
42.0238
42.0451
42.0555
42.0838
42.1002
42.1062
42.1185
42.1513
42.1706
42.1716
42.1766
42.2073
42.2173
42.2481
42.251
42.2714
42.2898
42.3071
42.3225
42.3235
42.3642
42.3776
42.3826
42.3856
42.454
42.46
42.5568
42.6089
42.6109
42.6138
42.6262
42.6659
42.6873
42.6873
42.7066
42.7106
42.723
42.725
42.7637
42.7821
42.8505
42.8525
42.8585
42.8769
42.9086
42.927
42.931
42.9627
43.0034
43.0044
43.0218
43.0267
43.0327
43.0421
43.0615
43.0615
43.0828
43.1205
43.1339
43.1726
43.1746
43.1746
43.2183
43.2307
43.2471
43.2501
43.2684
43.2714
43.2744
43.2918
43.3041
43.3245
43.3632
43.3836
43.4213
43.454
43.457
43.4937
43.5161
43.5201
43.5344
43.5518
43.5588
43.5691
43.5711
43.5731
43.6436
43.6446
43.6506
43.6619
43.6649
43.7007
43.7057
43.7434
43.7657
43.7801
43.7974
43.7994
43.8148
43.8148
43.8332
43.9339
43.9473
43.9637
44.0014
44.0024
44.0401
44.0635
44.0768
44.1185
44.1339
44.2
44.2257
44.2307
44.3071
44.3215
44.3458
44.3582
44.3632
44.4203
44.5294
44.5895
44.6039
44.6426
44.7037
44.7096
44.718
44.7607
44.8505
44.8505
44.8789
44.8789
44.928
44.9349
44.9657
44.9677
44.9687
44.988
45.0074
45.0238
45.0575
45.0585
45.0942
45.0982
45.1349
45.1379
45.2073
45.2317
45.2491
45.2654
45.3692
45.3856
45.3979
45.4376
45.4456
45.449
45.452
45.4937
45.4947
45.5344
45.5731
45.6262
45.6679
45.6843
45.7771
45.7801
45.8228
45.8535
45.8699
45.8892
45.9076
45.98
46.0635
46.1225
46.1389
46.19
46.2471
46.254
46.2644
46.2674
46.2868
46.2868
46.3101
46.3215
46.3562
46.3796
46.4009
46.4143
46.4153
46.4416
46.5181
46.5652
46.5701
46.6059
46.6436
46.6436
46.6947
46.719
46.721
46.7751
46.8014
46.8148
46.8208
46.8382
46.8555
46.9086
46.9126
46.9349
47.0034
47.0287
47.0585
47.0615
47.0942
47.1012
47.1146
47.1185
47.1389
47.1746
47.1776
47.191
47.2133
47.2217
47.2327
47.2838
47.3428
47.3969
47.4764
47.4957
47.5428
47.5741
47.5885
47.5945
47.6129
47.6629
47.6853
47.7364
47.7567
47.7741
47.7965
47.7965
47.8158
47.8515
47.8699
47.8729
47.8739
47.9146
47.9503
47.9503
48.0044
48.0054
48.0371
48.0575
48.0595
48.1106
48.1146
48.1155
48.1389
48.1409
48.1553
48.1736
48.1816
48.2257
48.2277
48.2347
48.3438
48.3572
48.3766
48.3989
48.4009
48.4153
48.4346
48.457
48.4927
48.5458
48.5622
48.5925
48.6099
48.6426
48.6436
48.6659
48.7037
48.7374
48.7394
48.7761
48.8218
48.8352
48.8739
48.8873
48.8922
48.922
48.923
49.0451
49.0788
49.0932
49.0952
49.1096
49.1175
49.1299
49.1563
49.1746
49.2163
49.2774
49.3041
49.3185
49.3225
49.3562
49.3612
49.3642
49.3806
49.3979
49.4173
49.4356
49.453
49.4887
49.5091
49.5701
49.5875
49.6639
49.6793
49.7557
49.7761
49.7915
49.8282
49.8485
49.9637
49.9994
50.0148
50.0505
50.0738
50.0818
50.0818
50.1389
50.189
50.2063
50.2153
50.2634
50.2918
50.3205
50.3582
50.5468
50.5488
50.6059
50.659
50.7657
50.7885
50.8902
50.921
50.9463
50.9647
50.9657
50.9707
50.9771
51.0024
51.1175
51.1543
51.2471
51.2684
51.3061
51.3806
51.4967
51.5314
51.5374
51.655
51.66
51.6793
51.6997
51.7691
51.8465
51.929
51.9443
52.0208
52.0371
52.0381
52.1042
52.1666
52.1736
52.1746
52.184
52.2461
52.3091
52.3428
52.4297
52.5081
52.5538
52.5682
52.6182
52.6342
52.659
52.6957
52.6967
52.7304
52.7414
52.8108
52.8292
52.8873
52.8882
52.9423
52.9781
53.0004
53.0218
53.0361
53.0381
53.0411
53.0788
53.1736
53.189
53.2461
53.2644
53.4907
53.5835
53.5835
53.6833
53.714
53.717
53.7751
53.8128
53.8312
53.9076
54.0421
54.0585
54.189
54.2441
54.3175
54.3245
54.3409
54.4009
54.6009
54.6853
54.719
54.7945
54.7965
54.8118
54.8242
54.8302
54.8719
54.9443
55.0188
55.0208
55.0391
55.0972
55.1106
55.1349
55.1696
55.1726
55.2237
55.2317
55.2624
55.3389
55.3428
55.3766
55.452
55.5438
55.6079
55.6252
55.6753
55.6853
55.7374
55.8803
55.9076
55.9587
56.0788
56.187
56.2063
56.2491
56.455
56.5815
56.6162
56.6416
56.6957
56.7364
56.7527
56.7955
56.9016
56.9627
57.0178
57.0208
57.0828
57.0962
57.3389
57.3746
57.5354
57.6406
57.7721
57.8455
57.8669
57.8803
57.9066
58.0371
58.0585
58.0922
58.0982
58.189
58.3939
58.4153
58.5915
58.6172
58.6182
58.6843
58.7458
58.921
58.9393
59.0718
59.1146
59.2421
59.2624
59.3061
59.3379
59.3552
59.5622
59.6386
59.6693
59.715
59.7488
59.924
60.188
60.2728
60.3155
60.3349
60.3428
60.7304
60.7498
60.9373
60.9627
61.0118
61.0515
61.1523
61.2431
61.3175
61.3806
61.5855
61.8038
61.8088
62.1483
62.1513
62.3071
62.3299
62.3369
62.3379
62.3756
62.4317
62.4644
62.5428
62.6109
62.6326
62.6356
62.6356
62.9513
62.9637
62.9721
63.0034
63.1299
63.1453
63.3999
63.4317
63.46
63.4907
63.5225
63.8252
63.8669
63.8813
63.927
63.9984
64.1523
64.187
64.2157
64.6326
64.6426
64.7945
64.8058
64.917
64.9984
65.1066
65.1473
65.1597
65.2227
65.2808
65.4073
65.5254
65.5755
65.6366
65.8088
65.9547
65.9567
66.0565
66.2207
66.6222
66.6222
66.655
66.7274
66.8475
66.9984
67.1513
67.2227
67.3686
67.5725
67.6346
67.711
67.7905
67.8342
67.8396
67.8406
67.9343
67.9343
67.9413
67.9527
67.9547
68.0465
68.1076
68.1656
68.2024
68.2054
68.2922
68.3502
68.45
69.0138
69.0718
69.2034
69.3105
69.4941
69.9353
70.3155
70.4684
70.9657
71.0198
71.2798
71.4237
71.6113
71.6763
71.7488
71.7537
71.9537
72.3175
72.445
72.5061
72.6152
72.6366
72.7051
72.7557
72.8579
73.0198
73.3195
73.3756
73.3909
73.6346
73.7855
74.0311
74.0649
74.1563
74.3339
75.1329
75.2604
75.385
75.4123
75.652
76.9006
77.3031
77.3349
77.4073
77.4614
77.5165
77.8569
77.9651
78.7825
78.8783
79.0251
79.182
79.6927
79.716
80.2361
80.4053
80.5562
80.7631
80.8416
80.8629
81.181
81.6326
81.6376
81.8356
81.9711
83.0832
83.116
83.178
83.5512
83.8068
84.2004
84.442
85.0242
85.5859
86.4267
87.907
87.918
87.9304
88.2431
88.2981
88.9795
89.0589
89.7154
90.0772
90.171
90.4187
90.439
90.445
90.6877
91.38
91.9958
92.0609
92.5715
92.5889
92.7438
92.8152
94.2097
94.2127
94.2554
94.902
96.8876
98.7154
99.8226
100.0142
100.0261
100.9591
101.169
102.0395
102.3442
103.4971
103.8142
103.8529
104.9304
107.3496
112.6623
113.2896
114.5829
115.0956
116.2712
116.5889
117.163
119.0246
119.5219
131.6534
132.5863
140.7412
144.1183
148.7005
158.9922
167.7168
180.7753
214.7063
