3.0
3.0
3.0
3.0
3.0
3.0
3.0
3.0
3.0
3.0
3.0
3.0
3.0
3.0
3.0
3.0
3.0
3.0
3.0
3.0
3.0
3.0
3.0
3.0
3.0
3.0
3.0
3.0
3.0
3.0
3.0
3.0
3.0
3.0
3.0
3.0
3.0
3.0
3.0
3.0
3.0
3.0
3.0
3.0
3.0
3.0
3.0
3.0
3.0
3.0
3.0
3.0
3.0
3.0
3.0
3.0
4.0
4.0
4.0
4.0
4.0
4.0
4.0
4.0
4.0
4.0
4.0
4.0
4.0
4.0
4.0
4.0
4.0
4.0
4.0
4.0
4.0
4.0
4.0
4.0
4.0
4.0
4.0
4.0
4.0
4.0
4.0
4.0
4.0
4.0
4.0
4.0
4.0
4.0
4.0
4.0
4.0
4.0
4.0
4.0
4.0
4.0
4.6392
4.7523
4.7901
4.8655
5.0
5.0
5.0
5.0
5.0
5.0
5.0
5.0
5.0
5.0
5.0
5.0
5.0
5.0
5.0
5.0
5.0
5.0
5.0
5.0
5.0
5.0
5.0
5.0
5.0
5.0
5.0
5.0
5.0
5.0
5.0
5.0
5.0
5.0
5.0
5.0
5.0
5.0
5.2804
5.3375
5.4313
5.526
5.5821
5.7901
5.8084
5.9032
5.9786
6.0
6.0
6.0
6.0
6.0
6.0
6.0
6.0
6.0
6.0
6.0
6.0
6.0
6.0
6.0
6.0
6.0
6.0
6.0
6.0
6.0
6.0
6.0
6.0
6.0
6.0
6.0
6.0
6.0
6.0
6.0
6.0
6.0
6.0164
6.2427
6.2997
6.2997
6.3752
6.4129
6.4129
6.4313
6.5067
6.526
6.6015
6.6769
6.7146
6.7707
6.7891
6.7901
6.8655
6.9022
6.9032
6.9399
7.0
7.0
7.0
7.0
7.0
7.0
7.0
7.0
7.0
7.0
7.0
7.0
7.0
7.0
7.0
7.0
7.0
7.0
7.0
7.0
7.0
7.0
7.0
7.0
7.0
7.0
7.0
7.0
7.0
7.0
7.0
7.1102
7.2233
7.2804
7.2997
7.3181
7.3925
7.3935
7.4129
7.4313
7.5628
7.6382
7.7901
7.8084
7.8655
8.0
8.0
8.0
8.0
8.0
8.0
8.0
8.0
8.0
8.0
8.0
8.0
8.0
8.0
8.0
8.0
8.0
8.0
8.0
8.0
8.0347
8.1469
8.1672
8.1672
8.3171
8.3752
8.3935
8.4863
8.4883
8.4883
8.5434
8.6392
8.6759
8.732
8.8268
8.8278
8.8645
8.8645
8.9022
8.9409
9.0
9.0
9.0
9.0
9.0
9.0
9.0
9.0
9.0
9.0
9.0
9.0
9.0
9.0
9.0
9.0164
9.0521
9.0531
9.0908
9.1662
9.2049
9.2794
9.3181
9.3375
9.4313
9.467
9.4883
9.5424
9.5424
9.5434
9.5444
9.5801
9.6015
9.6382
9.6392
9.6566
9.6953
9.7146
9.7707
9.8655
9.8819
9.9022
9.9409
9.995
10.0
10.0
10.0
10.0
10.0
10.0
10.0
10.0
10.0
10.0
10.0
10.0
10.0
10.0327
10.0347
10.0531
10.0898
10.0908
10.1275
10.1479
10.1846
10.2427
10.3752
10.3935
10.4119
10.4496
10.469
10.526
10.5628
10.6178
10.6362
10.6566
10.6953
10.733
10.7494
10.7901
10.8645
10.8645
11.0
11.0
11.0
11.0
11.0
11.0
11.0
11.0
11.0
11.0
11.0
11.0
11.0
11.0908
11.2049
11.2784
11.2997
11.3375
11.469
11.4873
11.4883
11.5231
11.525
11.5801
11.6015
11.6362
11.6576
11.7697
11.8268
11.8278
11.8655
11.9032
12.0
12.0
12.0
12.0
12.0
12.0
12.0
12.0
12.0
12.0
12.0
12.0714
12.0888
12.0898
12.1275
12.1469
12.1836
12.2203
12.3161
12.3548
12.4313
12.4863
12.4863
12.5231
12.6005
12.7484
12.8084
12.8451
12.8625
12.8645
12.9002
12.994
12.996
13.0
13.0
13.0
13.0
13.0
13.0154
13.0164
13.0501
13.1092
13.1642
13.1672
13.1856
13.2427
13.258
13.3355
13.4313
13.4476
13.5067
13.5414
13.5414
13.5424
13.6392
13.7116
13.7891
13.8635
13.8635
13.8819
13.9196
14.0
14.0
14.0
14.0
14.0
14.0164
14.0541
14.0898
14.0908
14.1459
14.2233
14.2784
14.3355
14.3742
14.3935
14.5444
14.5628
14.5821
14.6198
14.6546
14.6769
14.7146
14.8258
14.8268
14.8625
14.8655
14.9216
14.9776
15.0
15.0
15.0
15.0
15.0134
15.0531
15.1072
15.1295
15.1622
15.1632
15.204
15.2213
15.2387
15.259
15.2754
15.2774
15.2774
15.2967
15.3752
15.4303
15.4313
15.464
15.524
15.6168
15.6392
15.7667
15.8054
15.8064
15.8431
15.8992
15.9216
15.9563
16.0
16.0
16.0
16.0
16.0
16.0297
16.1082
16.203
16.2193
16.2417
16.2967
16.3151
16.3885
16.4069
16.4089
16.4263
16.6158
16.6372
16.6546
16.6903
16.7474
16.7503
16.7523
16.7881
16.8605
16.8605
16.8615
16.8839
16.9359
16.9409
16.9553
16.992
17.0
17.0
17.0
17.0
17.0511
17.0685
17.0918
17.202
17.203
17.2397
17.3558
17.3895
17.3935
17.4089
17.4129
17.4283
17.4456
17.4843
17.5027
17.5965
17.6372
17.6576
17.7677
17.8034
17.8044
17.8074
17.8809
17.8972
17.992
18.0114
18.0918
18.1255
18.202
18.205
18.2938
18.3885
18.4079
18.4446
18.4466
18.5598
18.6158
18.6759
18.7484
18.7707
18.8054
18.8605
18.9176
19.0
19.0704
19.1295
19.1642
19.2754
19.3375
19.3518
19.3875
19.3885
19.3905
19.4436
19.5568
19.5771
19.6015
19.8228
19.8441
19.9379
20.0471
20.0481
20.1632
20.2173
20.2377
20.3895
20.3905
20.4069
20.5568
20.5945
20.7076
20.7146
20.7474
20.7677
20.7861
20.8258
20.8605
20.8809
21.0
21.1032
21.1632
21.1642
21.1806
21.203
21.2367
21.2957
21.3121
21.3305
21.3365
21.3712
21.3915
21.4049
21.4079
21.4253
21.4476
21.462
21.4813
21.4823
21.4833
21.5935
21.5965
21.6148
21.6178
21.6709
21.6923
21.7066
21.731
21.7667
21.7821
21.8228
21.8575
21.8605
21.9737
22.0
22.0094
22.0511
22.0848
22.1265
22.1622
22.1796
22.258
22.4416
22.463
22.4803
22.4883
22.4997
22.5067
22.5231
22.526
22.5588
22.5761
22.5925
22.5975
22.6332
22.6719
22.7657
22.8034
22.8605
22.8972
22.9146
22.9146
22.9176
22.9379
23.1622
23.1786
23.198
23.256
23.257
23.259
23.3875
23.4416
23.4977
23.4977
23.5191
23.5588
23.6158
23.6198
23.6332
23.6556
23.6903
23.6923
23.7066
23.726
23.8054
23.8218
23.9186
23.9216
23.9379
23.9757
24.0277
24.0645
24.198
24.3181
24.3518
24.4263
24.4843
24.4853
24.4997
24.5191
24.6109
24.6178
24.6352
24.6546
24.6709
24.7116
24.7444
24.8412
24.8595
24.8625
24.932
24.9543
24.9717
24.9727
25.0134
25.0267
25.0297
25.0635
25.0694
25.0704
25.0828
25.1052
25.1225
25.1796
25.1806
25.2367
25.2744
25.3275
25.3498
25.4783
25.4967
25.5007
25.5211
25.5404
25.5568
25.6148
25.6198
25.726
25.7434
25.7494
25.7647
25.7801
25.7841
25.8238
25.8942
25.9186
26.0064
26.0074
26.0094
26.1255
26.1622
26.3692
26.3712
26.3866
26.4099
26.4416
26.462
26.5538
26.5741
26.6372
26.6689
26.6883
26.7037
26.726
26.73
26.7424
26.8238
26.8362
26.8972
26.9409
26.9513
27.0277
27.0317
27.0327
27.1042
27.1295
27.1409
27.1776
27.2153
27.2163
27.3856
27.3925
27.4233
27.4476
27.5354
27.5598
27.6005
27.6729
27.7096
27.8188
27.8218
27.8575
27.8769
27.9513
28.0511
28.0655
28.0675
28.0992
28.1022
28.1032
28.1185
28.2337
28.2397
28.252
28.2878
28.3295
28.3846
28.4253
28.4764
28.5344
28.5945
28.6312
28.6322
28.7647
28.7861
28.8054
28.8208
28.8382
28.8382
28.8749
28.8759
28.8962
28.9166
29.0
29.0461
29.1379
29.1746
29.1756
29.2193
29.2684
29.2764
29.2878
29.2878
29.3652
29.3712
29.3836
29.4213
29.466
29.5027
29.5151
29.5528
29.5935
29.6168
29.6272
29.6476
29.6506
29.7057
29.722
29.7587
29.7607
29.7617
29.7841
29.8198
29.8218
29.8759
29.93
29.9677
29.994
30.0044
30.0635
30.0838
30.1632
30.255
30.3091
30.3141
30.3692
30.3856
30.3856
30.5374
30.5404
30.5414
30.5538
30.5608
30.5915
30.722
30.727
30.7414
30.7444
30.7484
30.7484
30.7984
30.7994
30.8024
30.8555
30.8779
30.8779
30.9002
30.9339
30.9503
30.9727
31.1369
31.1746
31.195
31.2133
31.2153
31.253
31.253
31.3101
31.3478
31.3528
31.3702
31.4223
31.4883
31.4987
31.6099
31.6709
31.6853
31.724
31.7984
31.8198
31.8362
31.8749
31.8749
31.8779
31.8779
31.8962
31.9126
31.928
31.9677
32.0625
32.1012
32.195
32.195
32.3255
32.3285
32.3428
32.3528
32.3612
32.5017
32.5414
32.6302
32.723
32.724
32.8759
32.8769
33.0044
33.0277
33.0615
33.0788
33.0992
33.1379
33.1816
33.3558
33.3612
33.4039
33.4193
33.4406
33.4456
33.4977
33.5568
33.5711
33.6099
33.6282
33.6292
33.6312
33.6843
33.6923
33.8352
33.8352
33.8749
33.8942
33.9106
33.9126
33.9453
33.9707
33.9727
34.0421
34.0441
34.0615
34.0704
34.1165
34.1602
34.1736
34.1786
34.191
34.195
34.2113
34.3061
34.3071
34.3305
34.3488
34.5508
34.5518
34.6262
34.6873
34.7577
34.7761
34.8158
34.9116
34.9136
34.929
34.9463
34.9737
34.984
35.0104
35.0257
35.0818
35.1439
35.1583
35.2674
35.3061
35.3652
35.3836
35.3846
35.3846
35.4163
35.4823
35.4927
35.4937
35.4957
35.5181
35.5211
35.5498
35.6242
35.6456
35.6873
35.7841
35.7955
35.7984
35.8138
35.8332
35.8382
35.8799
35.8912
35.9513
35.9697
35.9747
35.985
36.0257
36.0431
36.0441
36.1175
36.1359
36.1389
36.1533
36.1563
36.1726
36.1786
36.2694
36.3031
36.3041
36.3091
36.3438
36.4203
36.454
36.5374
36.5478
36.5672
36.5885
36.5895
36.6843
36.7384
36.7394
36.7404
36.7791
36.8148
36.8709
36.8739
36.9473
36.9657
36.983
37.0034
37.0034
37.0094
37.0228
37.1205
37.1329
37.1746
37.19
37.2123
37.2123
37.2337
37.3265
37.3612
37.3612
37.3796
37.4029
37.4193
37.4436
37.5354
37.5498
37.5741
37.6232
37.6232
37.6252
37.6342
37.6609
37.7414
37.7484
37.8004
37.9056
37.929
37.9369
37.9483
38.0064
38.0084
38.0218
38.0625
38.1349
38.2918
38.3215
38.3612
38.3989
38.4366
38.5141
38.5364
38.5578
38.5662
38.5751
38.5875
38.6079
38.6292
38.6853
38.6863
38.721
38.726
38.7374
38.7577
38.7994
38.8178
38.8709
38.8912
38.8952
38.927
38.929
38.9513
38.985
38.988
39.0044
39.0084
39.0758
39.0788
39.0858
39.0942
39.1513
39.193
39.2714
39.3275
39.3856
39.3856
39.3979
39.4213
39.4774
39.4947
39.5111
39.5131
39.5151
39.5294
39.5324
39.5662
39.6629
39.7557
39.7771
39.8312
39.8669
39.8699
39.8699
39.8932
39.927
39.9637
39.984
40.0605
40.1126
40.1746
40.1756
40.19
40.3021
40.3389
40.3796
40.3796
40.3836
40.4163
40.4927
40.5111
40.5131
40.5701
40.6272
40.7414
40.7801
41.0034
41.0247
41.0962
41.191
41.2724
41.3428
41.4907
41.7771
41.7974
41.8188
41.8659
41.8863
41.9086
41.9146
41.9443
41.9617
42.0004
42.0168
42.0595
42.1339
42.1369
42.1513
42.2828
42.3786
42.4193
42.4937
42.5081
42.5672
42.5701
42.5865
42.6242
42.6416
42.6659
42.6997
42.8138
42.8312
42.8495
42.8689
42.926
42.929
42.989
43.0401
43.0451
43.0952
43.0952
43.1146
43.1706
43.2714
43.3041
43.3245
43.3448
43.3622
43.3766
43.3979
43.5865
43.66
43.8088
43.8525
43.9116
44.0391
44.0778
44.1523
44.2481
44.3031
44.3041
44.3602
44.3796
44.455
44.458
44.4887
44.658
44.6833
44.7925
44.8475
44.8475
44.8892
44.921
44.9483
44.9637
44.9647
45.0054
45.0451
45.0982
45.1205
45.1503
45.1543
45.2247
45.2247
45.3061
45.453
45.461
45.4734
45.4897
45.5071
45.6202
45.6242
45.6486
45.658
45.6609
45.6629
45.7518
45.7527
45.7587
45.8853
45.9066
45.9463
45.9647
46.0401
46.1155
46.1155
46.1299
46.1503
46.2133
46.2267
46.3205
46.3949
46.6009
46.6763
46.6783
46.7895
46.8575
47.0168
47.0341
47.0381
47.0788
47.0932
47.2828
47.3215
47.4754
47.5989
47.6212
47.6366
47.716
47.7915
47.7955
47.8068
48.0535
48.0738
48.0758
48.1483
48.1493
48.2451
48.2654
48.3349
48.5254
48.5438
48.5845
48.6059
48.6376
48.7334
48.7587
48.8535
49.0247
49.0351
49.0411
49.0758
49.1126
49.19
49.2113
49.3185
49.3265
49.4287
49.5264
49.6019
49.6262
49.655
49.7557
49.8292
49.8659
49.9433
50.0922
50.2217
50.2347
50.2584
50.3612
50.3939
50.5711
50.5855
50.6366
50.7691
50.7711
50.7865
50.8426
50.9453
50.9771
51.0094
51.0575
51.0952
51.2624
51.2664
51.4307
51.4337
51.4346
51.5815
51.66
51.6733
51.712
51.7721
51.8078
51.8823
51.9513
52.0004
52.2421
52.2471
52.3796
52.5041
52.5061
52.5652
52.6232
52.655
52.6957
52.8426
52.8435
52.8595
52.919
52.9984
53.0351
53.1646
53.2024
53.2307
53.2584
53.2594
53.2848
53.3265
53.5091
53.6937
53.8252
53.8426
53.8986
54.0718
54.0748
54.5458
54.6366
54.6957
54.7414
54.8262
54.8475
54.8882
54.8996
54.9751
54.9771
55.0942
55.185
55.2034
55.3919
55.7741
56.2808
56.3359
56.451
56.656
56.7984
56.8833
56.924
56.9944
57.0311
57.1146
57.2187
57.3205
57.451
57.4664
57.657
57.6927
57.709
57.7344
57.7895
57.8078
57.9373
58.0351
58.0699
58.0912
58.3175
58.3195
58.4917
58.5468
58.5969
58.8272
58.8619
58.8833
58.8902
59.0892
59.2054
59.2411
59.4307
59.45
59.4684
59.7518
59.8619
59.9383
60.0138
60.2411
60.2544
60.3522
60.4277
60.5408
60.7448
60.8609
61.0118
61.0515
61.1616
61.178
61.2932
61.3949
61.4073
62.2574
62.3175
62.6182
62.7518
62.7825
62.8783
62.9751
63.0078
63.0108
63.0321
63.8376
63.8396
63.8853
63.9701
63.9934
64.3909
64.656
64.9771
65.1984
65.2381
65.2932
65.3592
65.652
65.7244
65.9066
65.9343
65.9761
66.2698
66.6653
66.9904
67.2004
67.2554
67.443
67.6123
67.7989
68.1413
68.2902
68.3532
68.5195
68.5254
68.8406
68.8976
69.0098
69.2167
69.2922
69.3309
69.444
69.5879
69.6773
69.7825
70.184
70.4798
70.6133
70.6907
71.649
71.9914
72.4227
72.7344
72.913
73.2688
73.3155
73.7264
73.8579
73.9894
73.9964
74.3249
74.5318
74.6653
74.7031
74.7468
74.8078
74.9487
75.2534
75.3462
75.5135
75.5959
75.6073
75.6152
75.7835
75.8723
77.1209
77.1736
78.4003
79.3666
79.5268
80.3462
80.907
81.0579
81.4227
81.4768
82.4177
82.5115
82.6063
82.6103
82.7428
82.8276
83.445
83.8102
83.9333
84.5889
84.7725
84.7825
85.381
86.8276
87.6817
87.8222
88.8072
88.8112
89.0842
89.2966
89.8663
90.3973
93.0232
93.2157
93.4494
93.6157
94.0936
94.9824
95.0916
96.4341
97.4351
98.0762
98.5983
99.4881
99.6574
99.6623
99.7675
100.163
100.5735
102.1303
103.4638
105.4678
105.7512
106.6891
107.0295
110.2772
112.7184
113.4201
113.9551
114.5909
115.365
115.5442
116.2772
116.6961
117.7923
121.0226
121.2121
126.567
127.7238
132.3407
137.2245
142.4602
144.3133
144.5223
148.7669
150.4468
162.4368
177.079
