3.0
3.0
3.0
3.0
3.0
4.0
4.0
4.0
4.0
4.0
4.0
5.0
5.0
5.0
5.0
5.1672
6.0
6.0918
6.3375
6.469
6.4883
6.4883
6.6392
6.733
7.0918
7.2804
7.4496
7.5811
7.5811
7.7523
7.9022
7.997
8.0
8.0164
8.1102
8.2794
8.468
8.5067
8.5821
8.6382
8.9583
9.0531
9.0898
9.1285
9.3548
9.4109
9.4303
9.526
9.5821
9.6015
9.6943
9.8839
9.8839
9.995
10.2049
10.5985
10.5995
10.7881
10.8819
11.0521
11.1652
11.1836
11.4283
11.4313
11.467
11.5067
11.5995
11.6392
11.733
11.7494
12.2774
12.3345
12.4293
12.4853
12.5221
12.5975
12.8809
13.0
13.0908
13.4313
13.5618
13.6188
13.8054
14.1469
14.3335
14.3722
14.5781
14.6352
14.8228
15.5017
15.5211
15.5404
15.5781
15.6168
15.8799
16.256
16.3151
16.8789
16.8972
16.9349
17.2764
17.3335
17.8441
17.8615
17.9176
17.9369
18.0124
18.0501
18.2387
18.2744
18.4823
18.5424
18.6322
19.1816
19.2357
19.3345
19.5191
19.5945
19.9012
20.2163
20.728
20.9533
20.9717
21.0461
21.0471
21.1285
21.3131
21.3488
21.5191
21.8054
21.9156
22.0685
22.2938
22.3682
22.463
22.526
22.6302
23.1245
23.3295
23.7106
23.7617
23.8198
23.989
24.0848
24.5761
24.5915
24.9533
25.463
25.5384
25.6292
25.6679
25.7607
25.9126
26.0838
26.4813
27.0054
27.0491
27.1776
27.2133
27.3826
27.7066
27.7801
27.8769
27.9126
28.196
28.4029
28.5344
28.7821
28.8932
29.2307
29.2317
29.4203
29.5935
29.6158
29.7424
29.8168
29.8595
29.929
30.3488
30.3836
30.4049
31.0411
31.1175
31.3632
31.6823
32.1593
32.2704
32.4987
32.7057
33.2163
33.4029
33.4937
33.5314
33.6109
33.6252
33.6476
33.6823
33.7955
33.8382
33.8525
34.192
34.195
34.5488
34.6059
34.6883
34.8342
34.9483
34.983
34.983
35.0788
35.3245
35.4783
35.5508
35.6049
35.928
35.932
35.9533
36.1399
36.2103
36.2103
36.7414
36.8545
37.2684
37.3235
37.456
37.4774
37.7017
37.7781
37.8769
38.0615
38.3612
38.6813
38.8108
38.9667
39.1746
39.3468
39.5478
39.6823
39.8515
39.924
39.9453
40.3949
40.5518
40.5885
40.716
41.0565
41.0748
41.0788
41.7577
41.7781
41.8892
42.3041
42.3235
42.452
42.454
42.5845
42.7404
42.8088
42.8282
42.8485
42.9046
43.6679
43.7384
44.0198
44.452
44.4907
44.5815
44.7557
45.0565
45.454
45.5478
45.8322
45.8863
45.9771
46.0625
46.0635
46.2818
46.5274
46.9393
47.1493
47.2634
47.4163
47.5274
47.6282
47.8108
47.8108
48.0942
48.5438
48.6773
49.4694
49.5508
49.6019
49.656
49.922
50.0218
50.658
50.7731
50.9016
51.1533
51.19
51.2664
51.3562
51.4867
51.9443
52.3379
52.6803
52.8639
52.8669
53.1666
53.2247
53.3512
53.389
53.456
53.4714
53.5468
53.7691
54.1155
54.2411
54.5979
55.1646
55.2004
55.2962
55.3522
55.3939
55.5011
56.0331
56.4113
56.4817
56.6907
56.7264
56.7304
56.7488
56.8599
57.1607
57.1676
57.2971
57.4133
57.4654
57.6977
58.0505
58.0992
58.3195
58.4073
58.92
59.1259
59.1483
59.6172
59.9567
60.1626
60.4664
60.4867
60.5939
61.0321
61.0679
61.5175
61.5542
61.6683
62.0689
62.2391
62.2574
62.3319
62.5021
62.5552
62.6162
63.183
63.2014
63.7041
64.3339
64.4247
64.913
65.1259
65.2564
65.2962
65.4798
65.7448
65.7979
65.914
66.1473
66.4257
66.4277
66.4694
66.709
66.7969
67.3095
67.4758
67.5428
68.7264
68.9691
69.1443
69.1607
69.2882
69.7805
69.7969
69.8813
69.9914
69.9914
70.0251
70.3502
70.4684
70.5532
70.5949
70.7398
70.8326
71.1607
71.5318
72.1026
72.711
72.8713
73.0048
73.6063
73.6336
73.7745
74.3512
74.6867
75.445
75.7398
75.8926
75.9904
76.653
76.7949
76.9324
77.0812
78.1323
78.8753
78.917
79.2708
79.3065
79.3676
79.4554
79.4614
79.5646
80.3542
80.8539
81.0762
81.116
82.4187
83.112
83.8529
84.7134
85.1944
86.2391
86.3055
86.379
86.5819
88.8703
90.11
90.166
90.4534
91.0088
91.0315
91.7581
92.2618
93.6757
94.4821
95.1477
95.1998
97.0345
97.0589
97.4688
97.5005
97.9348
99.7104
101.3566
102.9491
103.6841
104.2772
107.1874
107.646
108.0926
108.1844
108.7869
110.6067
110.8553
111.7685
112.1938
112.3029
112.9775
113.0062
113.4915
113.6618
114.5973
114.7555
116.6637
117.7228
117.8687
118.4925
118.6941
122.2255
123.8136
126.1233
130.3203
133.1094
135.3694
135.4315
140.352
144.023
149.2399
151.5813
157.9058
159.7703
163.752
167.8954
169.7276
192.8914
204.0347
