3.0
3.0
3.0
3.0
3.0
3.0
4.0
4.0
4.3817
4.5328
4.835
4.9861
4.9861
5.0
5.2882
5.4393
5.5904
5.6839
5.6839
5.8926
5.9861
6.0
6.0437
6.1371
6.4393
6.497
6.6481
6.9503
6.9861
6.9861
7.1013
7.2524
7.2882
7.4035
7.4035
7.6481
7.8926
7.9503
8.0079
8.0079
8.1013
8.2882
8.3101
8.3101
8.4612
8.4612
8.6123
8.8568
8.9145
8.9503
9.2166
9.3677
9.5904
9.835
9.9145
9.9721
10.0
10.0655
10.1232
10.3677
10.4612
10.5765
10.5765
10.5765
10.8926
10.9861
11.1232
11.1808
11.3459
11.7276
11.7634
11.7852
11.7852
12.0655
12.0874
12.2743
12.3319
12.483
12.5188
12.5765
13.0874
13.2743
13.5407
13.5765
13.5983
13.7276
13.8429
14.0516
14.145
14.3538
14.483
15.2603
15.4114
15.5625
15.656
15.7136
15.8071
16.1669
16.318
16.318
16.318
16.318
16.6202
16.6202
16.6202
16.7136
16.8926
17.318
17.5625
17.656
17.6778
17.7713
17.8071
17.8647
18.0516
18.1311
18.145
18.3538
18.6778
18.7355
18.7713
18.8289
19.3756
19.5625
19.5844
20.0376
20.0734
20.3398
20.4035
20.4909
20.7136
20.7355
20.7355
20.9442
21.0376
21.1529
21.3398
21.3975
21.4551
21.4909
21.5486
22.0376
22.3975
22.6062
22.6997
22.815
22.9661
23.1171
23.1171
23.4193
23.7215
24.2961
24.4551
24.477
24.6281
25.1171
25.2324
25.3259
25.4193
25.477
25.7792
25.8368
26.2324
26.2682
26.2901
26.8368
26.8508
26.8945
26.9879
27.0237
27.2901
27.2901
27.4988
27.7792
27.8945
28.1032
28.2543
28.2543
28.4054
28.4988
28.5565
28.6499
28.9521
29.0098
29.0098
29.1032
29.1032
29.463
29.6141
29.9163
30.0098
30.0098
30.2543
30.3119
30.3696
30.7652
30.8368
31.2185
31.5783
31.7294
31.7294
31.8587
31.9303
32.1827
32.3696
32.4054
32.7294
32.7871
32.7871
32.7871
32.8805
32.9382
32.974
33.0813
34.1469
34.1469
34.1469
34.1469
34.298
34.8587
34.9024
35.1827
35.2045
35.4491
35.4849
35.9024
36.1032
36.1111
36.2045
36.4054
36.4133
36.5067
36.5644
36.6578
37.3477
37.6141
37.622
37.9024
38.0753
38.0753
38.2264
38.2622
38.3775
38.5425
39.2622
39.4351
39.4351
39.7373
39.8308
40.3198
40.6439
40.6439
40.795
40.8666
41.0395
41.1906
41.5504
41.7373
41.9819
42.0037
42.2482
42.2622
42.3059
42.457
42.457
42.6081
42.7373
42.9819
43.0614
43.1548
43.2124
43.3059
43.6081
43.9103
44.1548
44.4212
44.6657
44.8745
45.1548
45.3277
45.4788
45.6299
45.781
46.3775
46.5723
47.0614
47.0832
47.0971
47.1766
47.3277
47.5365
49.1766
49.4072
49.4072
49.6518
49.8605
50.1985
50.2343
50.4649
50.4649
50.4649
51.5225
51.6736
51.6736
51.7671
51.9321
52.105
52.9182
53.3854
54.1269
54.1845
54.2422
54.3933
55.0911
55.4509
55.6955
56.9042
57.0553
57.264
57.3575
57.5662
57.8684
57.9619
58.8605
58.9977
59.3793
59.602
59.8326
60.1348
60.2282
60.6815
60.8326
61.1706
61.2859
61.3435
61.6815
61.7173
61.7968
61.7968
62.1129
62.7968
62.8684
62.9261
63.099
63.4946
63.7392
63.761
63.9121
64.2143
64.3077
64.3654
64.7392
65.0632
65.2719
65.2719
65.3077
65.3654
65.7252
65.8763
66.1785
67.2143
68.4449
68.7829
69.0493
69.2003
69.3872
69.4449
70.2361
70.2938
70.4151
71.258
71.3156
71.7113
72.5244
72.6178
72.6755
73.0711
74.1864
75.2361
75.3951
75.3951
75.3951
75.4886
75.6973
76.244
76.3017
76.7908
76.8484
77.1506
77.3017
77.3951
77.7331
78.3375
79.1724
79.3235
79.3235
79.417
80.8345
81.079
81.1367
81.3235
81.4388
82.5899
82.6755
82.8921
82.9279
83.1009
83.6615
83.9498
84.0074
85.0651
85.0651
85.0651
85.6694
86.1227
86.2738
86.4249
86.576
86.6694
86.7271
87.2738
87.6336
88.0869
88.238
88.6973
88.8782
88.9358
89.1446
89.1804
89.4467
90.2956
91.7131
92.0153
92.0511
92.3175
92.5323
93.3175
93.3751
94.0153
94.2817
94.2956
94.6197
95.1882
95.9577
95.9795
97.1525
97.1882
97.6057
97.6992
97.9079
98.0014
98.6057
99.1167
99.7489
100.2677
101.0809
101.2319
101.5341
101.7787
102.6852
103.6494
104.556
104.7071
104.8582
105.0093
106.6057
106.6494
107.88
107.9158
108.0311
108.1246
108.4267
109.9953
111.5062
111.6573
112.8084
113.204
114.715
115.7368
116.1325
116.1822
116.7945
118.6434
118.701
119.0609
119.212
119.363
121.1185
121.1762
121.2477
121.6294
122.0827
123.8958
124.5002
125.5578
125.86
127.522
128.1264
128.5797
131.1483
131.9177
132.2059
133.2059
135.0767
135.4146
135.4723
136.4365
138.4007
138.7029
139.6094
140.4583
147.7684
148.0706
148.675
154.4165
158.172
163.2157
175.2454
178.4541
195.2115
