3.0
3.0
3.0
3.0
3.0
3.0
3.0
3.0
3.0
3.0
3.0
3.0
3.0
3.0
3.0
3.0
3.0
3.0
3.0
3.0
3.0
3.0
3.0
3.0
3.0
3.0
3.0
3.0
3.0
3.0
3.0
3.0
3.0
3.0
3.0
3.0
3.0
3.0
3.0
3.0
3.0
3.0
3.0
3.0
3.0
3.0
3.0
3.0
3.0
3.0
3.0
3.0
3.0
3.0
3.0
3.0
3.0
3.0
3.0
3.0
3.0
3.0
3.0
3.0
3.0
3.0
3.0
3.0
3.0
3.0
3.0
3.0
3.0
3.0
3.0
3.0
3.0
3.0
3.0
3.0
3.0
3.0
3.0
3.0
3.0
3.0
3.0
3.0
3.0
3.0
3.0
3.0
3.0
3.0
3.0
3.0
3.0
3.0
3.0
3.0
3.0
3.0
3.0
3.0
3.0
3.0
3.0
3.0
3.0
3.0
3.0
3.0
4.0
4.0
4.0
4.0
4.0
4.0
4.0
4.0
4.0
4.0
4.0
4.0
4.0
4.0
4.0
4.0
4.0
4.0
4.0
4.0
4.0
4.0
4.0
4.0
4.0
4.0
4.0
4.0
4.0
4.0
4.0
4.0
4.0
4.0
4.0
4.0
4.0
4.0
4.0
4.0
4.0
4.0
4.0
4.0
4.0
4.0
4.0
4.0
4.0
4.0
4.0
4.0
4.0
4.0
4.0
4.0
4.0
4.0
4.0
4.0
4.0
4.0
4.0
4.0
4.0
4.0
4.0
4.0
4.0
4.0
4.0
4.0
4.0
4.0
4.0
4.3817
4.3817
4.3817
4.3817
4.5328
4.5328
4.5328
4.5328
4.5328
4.5328
4.5328
4.6839
4.6839
4.835
4.835
4.835
4.835
4.9861
4.9861
5.0
5.0
5.0
5.0
5.0
5.0
5.0
5.0
5.0
5.0
5.0
5.0
5.0
5.0
5.0
5.0
5.0
5.0
5.0
5.0
5.0
5.0
5.0
5.0
5.0
5.0
5.0
5.0
5.0
5.0
5.0
5.0
5.0
5.0
5.0
5.0
5.0
5.0
5.0
5.0
5.0
5.0
5.0
5.0
5.0
5.0
5.1371
5.2882
5.2882
5.2882
5.2882
5.2882
5.3817
5.3817
5.3817
5.4393
5.5328
5.5328
5.5328
5.5328
5.5328
5.5328
5.5904
5.5904
5.6839
5.6839
5.6839
5.7415
5.7415
5.835
5.835
5.8926
5.8926
5.8926
5.9861
6.0
6.0
6.0
6.0
6.0
6.0
6.0
6.0
6.0
6.0
6.0
6.0
6.0
6.0
6.0
6.0
6.0
6.0
6.0
6.0
6.0
6.0
6.0
6.0
6.0
6.0
6.0
6.0
6.0
6.0
6.0
6.0
6.0
6.0
6.0
6.0
6.0
6.0
6.0
6.0
6.0
6.0437
6.0437
6.0437
6.0437
6.1371
6.1371
6.1371
6.1371
6.1948
6.1948
6.2882
6.2882
6.3459
6.3459
6.3817
6.3817
6.3817
6.3817
6.3817
6.3817
6.3817
6.4393
6.4393
6.4393
6.4393
6.497
6.5328
6.5328
6.5328
6.5904
6.5904
6.6481
6.6481
6.6839
6.7415
6.7415
6.7992
6.835
6.8926
6.8926
6.9503
6.9503
6.9861
6.9861
6.9861
7.0
7.0
7.0
7.0
7.0
7.0
7.0
7.0
7.0
7.0
7.0
7.0
7.0
7.0
7.0
7.0
7.0
7.0
7.0
7.0437
7.0437
7.1013
7.1948
7.2524
7.2882
7.2882
7.2882
7.3459
7.3817
7.3817
7.3817
7.4035
7.4393
7.4393
7.4393
7.497
7.497
7.497
7.497
7.5546
7.5904
7.6481
7.6481
7.6481
7.6839
7.6839
7.6839
7.7057
7.7057
7.7415
7.7992
7.835
7.835
7.835
7.835
7.835
7.8568
7.8568
7.8926
7.9861
7.9861
8.0
8.0
8.0
8.0
8.0
8.0
8.0
8.0
8.0
8.0
8.0
8.0
8.0
8.0
8.0
8.0437
8.0437
8.0437
8.0437
8.1013
8.1013
8.1013
8.159
8.159
8.2524
8.2524
8.2882
8.2882
8.2882
8.2882
8.3459
8.3459
8.3817
8.3817
8.4035
8.4393
8.4612
8.497
8.5328
8.5328
8.5328
8.5546
8.5546
8.5546
8.5546
8.5546
8.6123
8.6123
8.6481
8.6839
8.7057
8.7057
8.7057
8.7057
8.7057
8.7057
8.7415
8.7415
8.7992
8.7992
8.835
8.8568
8.9145
8.9503
8.9503
8.9861
9.0
9.0
9.0
9.0
9.0
9.0
9.0
9.0
9.0
9.0
9.0
9.0
9.0437
9.0437
9.0655
9.1013
9.1013
9.1013
9.1013
9.1371
9.1371
9.2166
9.2166
9.2166
9.2524
9.2882
9.2882
9.3101
9.3459
9.3459
9.3677
9.3817
9.3817
9.4035
9.4393
9.4393
9.4393
9.4612
9.5188
9.5328
9.5328
9.5328
9.5328
9.5328
9.6481
9.6699
9.6839
9.6839
9.6839
9.6839
9.7057
9.7057
9.7415
9.7415
9.7634
9.7634
9.7992
9.7992
9.821
9.835
9.835
9.835
9.835
9.9503
9.9503
9.9503
9.9861
10.0
10.0
10.0
10.0
10.0
10.0
10.0437
10.0437
10.0437
10.0655
10.1013
10.1232
10.159
10.1948
10.1948
10.2743
10.2882
10.2882
10.2882
10.2882
10.3101
10.3101
10.3101
10.3459
10.3459
10.3459
10.3677
10.3817
10.3817
10.3817
10.4393
10.4393
10.4393
10.4393
10.4612
10.4612
10.497
10.5188
10.5328
10.5328
10.5328
10.5765
10.5904
10.5904
10.5904
10.6123
10.6481
10.6481
10.6699
10.6839
10.6839
10.6839
10.6839
10.7057
10.7415
10.7992
10.7992
10.821
10.821
10.835
10.835
10.835
10.835
10.8568
10.8568
10.8568
10.8568
10.8787
10.8926
10.8926
10.9503
10.9721
10.9721
10.9861
10.9861
10.9861
11.0
11.0
11.0
11.0
11.0
11.0
11.0079
11.0297
11.0297
11.0297
11.0297
11.0297
11.0437
11.0437
11.1232
11.1371
11.1371
11.159
11.1808
11.1948
11.2166
11.2743
11.2882
11.3101
11.3101
11.3319
11.3817
11.3817
11.3817
11.3817
11.3817
11.4035
11.4254
11.4393
11.4612
11.483
11.483
11.5188
11.5546
11.5546
11.6123
11.6481
11.6699
11.7057
11.7057
11.7276
11.7276
11.7276
11.7276
11.7634
11.7852
11.7992
11.7992
11.835
11.835
11.8926
11.9145
11.9503
11.9503
11.9721
11.9861
12.0
12.0
12.0
12.0
12.0079
12.0079
12.0297
12.0297
12.0437
12.0437
12.0437
12.0655
12.0655
12.0874
12.1232
12.2385
12.2882
12.2882
12.3459
12.3459
12.4393
12.4612
12.483
12.5188
12.5188
12.5407
12.5407
12.5546
12.5904
12.6341
12.6481
12.6699
12.6839
12.6918
12.6918
12.6918
12.7276
12.7276
12.7276
12.7276
12.7415
12.7634
12.7852
12.835
12.8926
12.9363
12.9721
12.9721
12.9861
12.994
13.0
13.0297
13.0437
13.0437
13.0437
13.1371
13.145
13.145
13.159
13.2166
13.2524
13.2882
13.2961
13.3319
13.3319
13.3896
13.4254
13.4254
13.4254
13.4254
13.4393
13.4393
13.4472
13.483
13.483
13.483
13.483
13.483
13.5188
13.5407
13.5407
13.5407
13.5546
13.5765
13.6341
13.6341
13.6341
13.6839
13.6918
13.6918
13.6918
13.6918
13.7057
13.7276
13.7634
13.7852
13.7992
13.821
13.835
13.8429
13.8429
13.8429
13.8429
13.9005
13.9363
13.9363
13.9363
13.9363
13.9363
13.9861
14.0297
14.0874
14.1013
14.1232
14.1232
14.1371
14.1371
14.159
14.1808
14.2027
14.2743
14.2743
14.2743
14.2961
14.2961
14.2961
14.3101
14.3319
14.3319
14.3319
14.3459
14.3459
14.3538
14.3538
14.3538
14.3817
14.3817
14.3896
14.3896
14.4472
14.4612
14.483
14.5049
14.5049
14.5188
14.5407
14.5765
14.5765
14.5765
14.5904
14.5904
14.5904
14.5983
14.6341
14.656
14.6839
14.6918
14.7057
14.7276
14.7276
14.7415
14.7494
14.7852
14.8429
14.8429
14.8926
14.9145
14.9363
14.9503
14.9721
14.994
14.994
15.0297
15.1013
15.1092
15.1371
15.159
15.1808
15.1948
15.1948
15.2027
15.2385
15.2603
15.3101
15.3319
15.3319
15.3817
15.3896
15.3896
15.4114
15.4254
15.4393
15.483
15.483
15.5049
15.5188
15.5188
15.6341
15.6839
15.7136
15.7276
15.7415
15.7852
15.821
15.9005
15.9363
15.9503
15.9582
15.9721
15.994
15.994
15.994
16.0158
16.0297
16.0516
16.1013
16.1013
16.1669
16.1669
16.1669
16.1808
16.2743
16.2882
16.2961
16.318
16.3319
16.3538
16.3896
16.4114
16.4393
16.4472
16.483
16.497
16.5407
16.5625
16.5625
16.5765
16.5904
16.5983
16.5983
16.6202
16.656
16.7494
16.7634
16.8071
16.8071
16.8071
16.821
16.8647
16.8647
16.8647
16.8787
16.8787
16.9145
16.9224
16.9582
16.9582
16.9721
16.994
17.0297
17.0516
17.1092
17.1371
17.1371
17.145
17.2027
17.2166
17.2603
17.2603
17.318
17.3319
17.3319
17.3677
17.4035
17.4691
17.497
17.497
17.5049
17.5188
17.5407
17.5765
17.6202
17.6699
17.6778
17.6918
17.7494
17.7494
17.7713
17.7852
17.8289
17.835
17.8429
17.8926
17.9005
17.9005
17.9005
17.9721
17.9721
17.994
18.0158
18.0158
18.0516
18.0734
18.0874
18.1092
18.1669
18.1669
18.1669
18.1669
18.2385
18.2822
18.2822
18.318
18.318
18.3319
18.3538
18.3756
18.4114
18.4114
18.4114
18.4254
18.4472
18.5546
18.5765
18.5844
18.5844
18.5904
18.6202
18.6918
18.6918
18.7057
18.7136
18.7136
18.7276
18.7713
18.7713
18.7852
18.7852
18.7852
18.8071
18.8289
18.8647
18.8866
18.9363
18.9721
18.98
19.0158
19.0297
19.0376
19.0734
19.0874
19.0874
19.1013
19.1092
19.1371
19.145
19.1887
19.2166
19.2524
19.2743
19.3398
19.3398
19.3677
19.3756
19.3896
19.4114
19.4254
19.4333
19.4333
19.4472
19.4691
19.5049
19.5049
19.5407
19.5625
19.5625
19.5765
19.5844
19.5844
19.5904
19.642
19.656
19.6778
19.7057
19.7494
19.7494
19.7931
19.821
19.8289
19.9005
19.9224
19.9224
19.9363
19.9442
19.9442
19.9442
19.98
19.994
20.0297
20.0297
20.0297
20.0874
20.0953
20.0953
20.1013
20.1311
20.1669
20.2027
20.2385
20.2385
20.2464
20.2603
20.2961
20.318
20.3319
20.3398
20.3398
20.3896
20.4393
20.4691
20.4909
20.497
20.5049
20.5983
20.6341
20.642
20.7136
20.7136
20.7136
20.7355
20.7355
20.7713
20.7852
20.7931
20.8289
20.8429
20.8508
20.8508
20.9442
20.9442
20.9582
21.0376
21.1092
21.1092
21.1669
21.2245
21.2743
21.2822
21.304
21.304
21.304
21.304
21.318
21.3459
21.3817
21.3896
21.4333
21.4333
21.4333
21.4551
21.483
21.6062
21.6062
21.642
21.6778
21.7136
21.7276
21.7573
21.7713
21.7852
21.7931
21.7931
21.7931
21.8508
21.8508
21.8866
21.9224
21.994
22.0019
22.0158
22.0516
22.0595
22.0595
22.0595
22.0953
22.1311
22.145
22.1669
22.1887
22.2027
22.304
22.304
22.304
22.3319
22.3756
22.3975
22.3975
22.4114
22.4333
22.4333
22.4472
22.5128
22.5267
22.5486
22.6202
22.6202
22.656
22.6918
22.7852
22.815
22.8508
22.8647
22.9442
22.98
23.0019
23.0376
23.0376
23.0734
23.0874
23.0953
23.0953
23.1311
23.1669
23.1669
23.2603
23.2603
23.2682
23.3398
23.3756
23.4114
23.4193
23.4254
23.5704
23.5844
23.5983
23.642
23.656
23.6997
23.6997
23.7215
23.7355
23.7494
23.7573
23.8071
23.8071
23.815
23.815
23.8647
23.8647
23.8726
23.9224
23.9661
23.9661
24.0019
24.0516
24.0953
24.1092
24.1092
24.1669
24.1669
24.1748
24.1887
24.2106
24.2464
24.2822
24.318
24.3538
24.3538
24.3538
24.3756
24.4551
24.4691
24.5486
24.5983
24.6062
24.6341
24.656
24.6639
24.6639
24.6997
24.7136
24.7355
24.7355
24.7573
24.7713
24.7792
24.7792
24.7792
24.8508
24.8647
24.8647
24.8726
24.9303
24.9303
24.9442
24.9661
25.0019
25.0019
25.0297
25.0813
25.1311
25.1529
25.1529
25.1669
25.1748
25.2027
25.2106
25.2245
25.2682
25.2961
25.3319
25.3617
25.3617
25.4333
25.4333
25.4333
25.4551
25.483
25.4909
25.4909
25.4909
25.5128
25.5346
25.6857
25.6997
25.7136
25.7792
25.7852
25.8289
25.8368
25.8647
25.8866
25.9224
25.9224
25.9303
25.9303
25.98
25.98
25.98
25.9879
25.9879
26.0595
26.139
26.2245
26.2324
26.2464
26.2822
26.2901
26.304
26.3617
26.4333
26.4333
26.4412
26.5267
26.5486
26.5486
26.5844
26.5923
26.6202
26.642
26.6639
26.6857
26.7136
26.7215
26.7276
26.7355
26.7434
26.8368
26.8866
26.9084
26.9879
27.0455
27.0516
27.0595
27.0953
27.1529
27.1529
27.1529
27.1748
27.1887
27.2106
27.2324
27.2324
27.2961
27.3259
27.3398
27.3617
27.3617
27.4193
27.4412
27.4412
27.477
27.477
27.477
27.5128
27.5346
27.5923
27.6062
27.6281
27.6499
27.6857
27.6857
27.7215
27.801
27.8508
27.9084
27.9442
27.9521
27.9661
28.0019
28.0455
28.0595
28.0595
28.0595
28.1171
28.3398
28.3477
28.3477
28.3477
28.3617
28.4054
28.4551
28.4551
28.4551
28.5267
28.5486
28.5486
28.5704
28.801
28.8368
28.8368
28.9303
28.9521
28.9879
29.1092
29.1171
29.139
29.139
29.1529
29.1966
29.1966
29.2901
29.3398
29.3538
29.3756
29.3835
29.4054
29.4412
29.463
29.5346
29.6997
29.7076
29.7434
29.7652
29.8368
29.8587
29.8647
29.8945
29.9661
29.98
30.0376
30.0674
30.1032
30.139
30.1748
30.2106
30.2682
30.2901
30.304
30.3259
30.3617
30.3696
30.4193
30.4333
30.4333
30.4412
30.4412
30.5207
30.5346
30.5486
30.5983
30.6639
30.6857
30.6857
30.7434
30.7573
30.7792
30.8289
30.8508
30.8726
30.8726
30.8726
30.9163
30.9303
30.9303
30.9303
30.9521
30.9521
30.9521
31.0098
31.0098
31.0455
31.0455
31.0674
31.0953
31.0953
31.1032
31.125
31.1529
31.1748
31.2324
31.2761
31.2761
31.2761
31.3398
31.3835
31.4193
31.5207
31.5207
31.5346
31.6062
31.6141
31.6281
31.656
31.7215
31.7294
31.801
31.8866
31.9163
32.0098
32.0098
32.0237
32.0377
32.0456
32.1032
32.125
32.125
32.1608
32.1966
32.2106
32.2185
32.2543
32.2682
32.304
32.3338
32.3477
32.4551
32.4849
32.4988
32.5565
32.6639
32.6718
32.6857
32.7215
32.7294
32.7434
32.7931
32.801
32.8229
32.9382
32.974
32.974
32.9879
33.0237
33.0316
33.0456
33.0674
33.0674
33.125
33.1608
33.1748
33.1827
33.2185
33.2185
33.2403
33.2761
33.2901
33.3119
33.3338
33.3477
33.3696
33.4193
33.4272
33.4988
33.5565
33.5704
33.5923
33.6281
33.6281
33.6718
33.6718
33.6936
33.6936
33.7215
33.7871
33.8229
33.8447
33.8647
33.8805
33.9163
33.9303
33.9661
33.9879
34.0674
34.0734
34.0892
34.0892
34.1032
34.139
34.1608
34.1966
34.1966
34.2324
34.2403
34.2761
34.3119
34.3338
34.3696
34.3914
34.4412
34.5425
34.5783
34.6281
34.6857
34.7215
34.7513
34.7792
34.801
34.8587
34.8805
34.974
34.9958
34.9958
35.0535
35.0674
35.0674
35.0674
35.0674
35.0892
35.1032
35.1032
35.1032
35.125
35.2045
35.2045
35.2324
35.2324
35.2761
35.298
35.3914
35.4272
35.4491
35.4491
35.4491
35.5067
35.5207
35.5923
35.6281
35.6281
35.636
35.6578
35.6718
35.6857
35.7434
35.7434
35.7513
35.9163
35.9303
35.9303
35.9382
35.96
36.0456
36.0813
36.0892
36.1032
36.1111
36.1111
36.1469
36.1529
36.2324
36.2403
36.2403
36.2622
36.3556
36.4849
36.4849
36.5207
36.5207
36.6002
36.6499
36.6499
36.6578
36.6857
36.7155
36.7155
36.7513
36.7871
36.8229
36.8447
36.8666
36.8666
36.9879
37.0177
37.0595
37.1469
37.2761
37.2901
37.3477
37.3914
37.3914
37.4133
37.4193
37.4849
37.5067
37.5644
37.5644
37.5923
37.622
37.622
37.6499
37.6578
37.6857
37.6936
37.7652
37.7731
37.8089
37.8229
37.8368
37.8447
37.8805
37.8945
37.9024
38.0535
38.0753
38.0813
38.0892
38.1608
38.1608
38.1687
38.2045
38.2106
38.2264
38.2901
38.3198
38.3259
38.3398
38.3477
38.3696
38.4272
38.5286
38.5644
38.5783
38.6141
38.622
38.636
38.7294
38.7513
38.7731
38.7871
38.8308
38.9024
38.9163
38.9242
38.9242
38.96
38.9819
38.9958
38.9958
39.0098
39.0316
39.125
39.1329
39.1469
39.1469
39.1608
39.1687
39.2324
39.2403
39.3338
39.3338
39.3556
39.3775
39.3914
39.4272
39.463
39.4709
39.4849
39.4988
39.5067
39.5067
39.5425
39.5425
39.636
39.6936
39.7294
39.7294
39.8229
39.8587
39.8884
39.9024
39.9163
39.9242
39.9661
39.974
40.0098
40.0395
40.0535
40.0753
40.125
40.1329
40.139
40.1687
40.1906
40.2045
40.2264
40.2403
40.284
40.284
40.298
40.3556
40.3775
40.3775
40.463
40.4928
40.622
40.6718
40.6936
40.7155
40.7652
40.8587
40.974
40.974
41.0177
41.0316
41.0395
41.139
41.2622
41.2761
41.2761
41.284
41.3775
41.3835
41.3993
41.4272
41.4351
41.463
41.5067
41.5067
41.5425
41.5504
41.5862
41.636
41.6439
41.6439
41.7871
41.8089
41.8447
41.8526
41.8666
41.8884
41.9024
41.9242
42.1111
42.1111
42.284
42.3059
42.3914
42.4351
42.4709
42.5067
42.5504
42.5504
42.5644
42.7373
42.7592
42.7592
42.795
42.8229
42.8526
42.8805
43.0037
43.0395
43.1111
43.1329
43.1329
43.1548
43.2124
43.2482
43.3635
43.3635
43.3993
43.4272
43.4351
43.457
43.4928
43.4928
43.5067
43.5504
43.622
43.6439
43.6578
43.7015
43.7155
43.7155
43.7155
43.7592
43.795
43.8168
43.8666
43.9103
43.974
44.0614
44.0614
44.1111
44.1906
44.2264
44.2482
44.2701
44.298
44.3059
44.3635
44.4133
44.4133
44.4212
44.4351
44.5146
44.6081
44.7592
44.7731
44.8168
44.8368
44.8447
44.8526
44.8745
44.8745
44.9461
44.9679
44.9819
45.0037
45.0395
45.1687
45.1906
45.2124
45.2701
45.2701
45.3696
45.4351
45.457
45.4709
45.5286
45.5504
45.5504
45.5723
45.5783
45.622
45.6439
45.6657
45.6657
45.7234
45.7234
45.781
45.7871
45.8089
45.8168
45.8168
45.8745
45.8805
45.9461
46.0614
46.0832
46.0892
46.1329
46.1687
46.1687
46.2343
46.2343
46.2622
46.2701
46.3635
46.3775
46.3854
46.4212
46.4709
46.4788
46.4928
46.5286
46.5365
46.5365
46.6002
46.622
46.6299
46.6876
46.781
46.8387
46.8387
46.96
46.9679
46.9819
47.0037
47.0037
47.0256
47.0256
47.0832
47.1906
47.2124
47.3993
47.443
47.4788
47.4928
47.5941
47.6299
47.6578
47.6657
47.7015
47.8526
47.9103
47.9103
47.9242
47.9321
47.9321
47.9321
47.9461
47.9679
48.0037
48.0256
48.0971
48.1548
48.2343
48.2701
48.298
48.3059
48.3198
48.3496
48.3496
48.3635
48.3635
48.3854
48.3993
48.4788
48.4788
48.5146
48.5365
48.5941
48.5941
48.622
48.7234
48.7731
48.8029
48.8029
48.8168
48.8884
48.96
48.9819
49.0256
49.1408
49.3993
49.4212
49.443
49.443
49.457
49.5723
49.5862
49.7094
49.7234
49.7234
49.781
49.8168
49.8745
50.0116
50.0474
50.1111
50.2561
50.2561
50.2919
50.3635
50.3854
50.3854
50.5504
50.5583
50.5644
50.5941
50.6299
50.6657
50.7155
50.7452
50.7671
50.8387
50.8963
50.9182
50.9679
51.0693
51.0832
51.119
51.2203
51.2701
51.3138
51.3496
51.4649
51.5225
51.6518
51.8247
51.8605
51.8963
51.9103
51.9182
51.9182
51.954
51.9758
51.9819
52.0116
52.0256
52.0256
52.1408
52.1548
52.1985
52.2482
52.2701
52.3138
52.3277
52.457
52.4928
52.5007
52.5007
52.5802
52.5802
52.6736
52.6797
52.7234
52.7373
52.8247
52.8824
52.9182
52.9182
52.9321
52.9758
52.9758
53.1766
53.2124
53.278
53.3277
53.3356
53.3496
53.3496
53.4291
53.4788
53.4788
53.4867
53.4867
53.5286
53.5802
53.5802
53.7234
53.8247
53.8824
53.8963
53.9182
54.0335
54.0335
54.105
54.1269
54.2124
54.2343
54.3714
54.5225
54.5225
54.5444
54.5444
54.5444
54.5862
54.6736
54.6955
54.6955
54.7094
54.7313
54.8029
54.8247
55.0256
55.0911
55.119
55.1269
55.1845
55.2422
55.278
55.3714
55.4509
55.4509
55.5225
55.5225
55.5444
55.5802
55.6518
55.6736
55.7531
55.7889
55.8168
55.8466
55.9758
56.0335
56.1627
56.1845
56.2422
56.278
56.3714
56.443
56.5086
56.5086
56.5365
56.6378
56.7373
56.7531
56.7889
56.9619
56.9619
57.0335
57.0614
57.105
57.1129
57.1129
57.1487
57.2203
57.264
57.4072
57.4151
57.4151
57.4151
57.4291
57.5086
57.5086
57.5802
57.7452
57.7531
57.8824
57.9042
57.9182
57.954
57.9619
58.0195
58.0553
58.1408
58.264
58.2701
58.278
58.3714
58.4151
58.4151
58.4151
59.0195
59.1129
59.1706
59.1985
59.2064
59.2422
59.264
59.2998
59.3217
59.5304
59.5304
59.6736
59.6955
59.8684
59.8684
59.9261
59.9837
60.0116
60.0772
60.1348
60.1706
60.2561
60.2859
60.2859
60.3217
60.3217
60.5304
60.5802
60.5881
60.6736
60.7173
60.7531
61.0414
61.0414
61.0414
61.0414
61.0693
61.1269
61.1924
61.2064
61.2422
61.2859
61.3435
61.3435
61.3435
61.5304
61.6736
61.7173
61.7968
61.8684
61.94
61.9977
62.0195
62.099
62.1348
62.1924
62.2282
62.3217
62.3217
62.3356
62.4012
62.437
62.4509
62.4728
62.5304
62.5523
62.7392
62.7531
62.7968
62.8545
63.105
63.1566
63.2422
63.2501
63.278
63.3435
63.4012
63.4151
63.437
63.437
63.4588
63.6099
63.8545
63.9121
63.9261
64.0256
64.0335
64.3435
64.4012
64.5165
64.5941
64.6099
64.6099
64.7034
64.7034
64.7094
64.7968
64.9121
64.9261
65.0056
65.2143
65.4151
65.4728
65.602
65.6457
65.6676
65.6676
65.7252
65.775
65.9121
66.113
66.3575
66.3714
66.3793
66.5165
66.5741
66.5741
66.6239
66.761
66.7829
66.8684
66.9698
67.0274
67.0911
67.1706
67.2719
67.3654
67.3872
67.5523
67.5523
67.7829
67.8405
67.9916
68.0056
68.2938
68.3296
68.3435
68.5662
68.6318
68.7034
68.7173
68.7471
68.7968
68.8405
68.9916
69.0493
69.1427
69.1785
69.1845
69.2361
69.2361
69.2501
69.2938
69.5025
69.5025
69.5304
69.6536
69.6894
69.7252
69.7471
69.934
70.0195
70.0414
70.0553
70.0632
70.2003
70.258
70.258
70.5025
70.5383
70.7829
70.7968
70.8047
70.8545
70.9916
71.0056
71.1069
71.2003
71.3296
71.3514
71.6099
71.761
71.7829
71.8326
71.8624
71.8624
71.92
71.9261
72.0274
72.0711
72.2222
72.3156
72.3156
72.3156
72.423
72.6178
72.6457
72.6894
72.7689
72.8047
72.8187
72.8266
72.8903
72.8982
73.1288
73.2361
73.2859
73.3733
73.6676
74.0274
74.0771
74.1288
74.3733
74.423
74.7908
74.8842
75.0711
75.1864
75.2222
75.3951
75.5244
75.6755
75.7471
75.9995
76.1506
76.3733
76.4151
76.6178
76.8108
76.8484
76.9995
77.0929
77.2003
77.4667
77.5104
77.5104
77.6397
77.9637
78.5104
78.5681
78.5681
78.6178
78.6973
78.7252
79.0214
79.0851
79.1148
79.1148
79.1506
79.2222
79.6973
79.7252
80.0274
80.1288
80.2222
80.2301
80.2301
80.3514
80.5104
80.6834
80.7768
80.8126
80.8345
81.3733
81.4746
81.5383
82.4388
82.6476
82.7908
82.7987
82.8266
82.8703
82.9498
83.0572
83.1148
83.258
83.3235
83.8703
83.8842
83.9419
83.9995
84.1367
84.2301
84.5244
84.7192
84.7629
84.7908
84.8563
84.9419
85.079
85.1646
85.3235
85.4746
85.6694
85.8205
85.9498
85.9716
86.1227
86.4528
86.7192
86.8782
87.6336
87.7271
87.8205
87.92
87.9358
88.0074
88.238
88.238
88.4388
88.6118
88.6336
88.6913
88.9419
89.2956
89.4467
89.5183
89.5402
89.6913
89.8345
89.9
90.4825
90.6555
90.6973
90.914
90.9577
90.9935
91.3096
91.4109
91.5681
91.7192
91.8563
92.4965
92.562
92.5978
92.8642
92.9279
92.9935
92.9995
93.0153
93.224
93.2598
93.4686
94.1664
94.4249
94.4328
94.5839
94.914
95.0372
95.3235
95.3751
95.4686
95.7708
95.9437
96.4328
96.6992
96.7926
97.224
97.5481
97.6415
98.059
98.2101
98.5123
98.7568
99.1088
99.3035
99.4328
99.5699
100.1743
100.8861
101.0809
101.5341
101.9577
101.9874
102.6852
102.7131
103.3751
105.5341
106.383
106.9735
107.218
107.9735
108.4267
108.6355
109.0153
109.0809
109.0888
109.218
110.2975
110.5778
110.6355
111.1464
111.1464
111.1464
111.4049
112.0311
112.3114
113.9953
114.4486
114.6792
115.5639
116.6434
117.1901
120.1185
120.1683
120.5718
121.0251
121.2696
121.2696
122.3849
123.0827
124.1185
124.3691
128.9456
130.5439
133.7526
134.1125
136.1125
136.9535
138.0409
139.8461
141.7029
143.516
143.6671
144.1422
144.7229
147.9195
150.5239
150.7326
151.1999
161.0646
164.8419
168.2952
177.814
191.138
204.8377
238.581
